input_data/future_climate/CanESM5_585/_bio13_a.asc
ncols  331
nrows  193
xllcorner  17.833372883333
yllcorner  37.9999896166667
cellsize 0.1666667
NODATA_value  -9999
[rows 0 to 30 of 193, columns 213 to 283 of 331]
-9999 -9999 -9999 -9999 -9999 -9999 -9999 -9999 -9999 -9999 -9999 -9999 -9999 -9999 -9999 -9999 -9999 -9999 -9999 -9999 -9999 -9999 -9999 -9999 -9999 -9999 -9999 -9999 -9999 -9999 -9999 53.1111106872559 53.8125 54.5 55.125 55.5 55.5625 56 55.5625 55.25 55.2222213745117 56 -9999 -9999 -9999 -9999 -9999 -9999 -9999 -9999 -9999 -9999 -9999 -9999 -9999 -9999 -9999 -9999 -9999 -9999 -9999 -9999 -9999 -9999 -9999 -9999 -9999 -9999 -9999 -9999 -9999
-9999 -9999 -9999 -9999 -9999 -9999 -9999 -9999 -9999 -9999 -9999 -9999 -9999 -9999 -9999 -9999 -9999 -9999 -9999 -9999 -9999 -9999 -9999 -9999 -9999 -9999 -9999 -9999 -9999 -9999 -9999 -9999 54 54.6666679382324 54.466667175293 55.1538467407227 55.5625 56.5625 56.9375 57.5 58.4375 57.625 57 54 57 57.75 54 57.3333320617676 67 -9999 -9999 -9999 -9999 -9999 -9999 -9999 -9999 -9999 -9999 -9999 -9999 -9999 -9999 -9999 -9999 -9999 -9999 -9999 -9999 -9999 -9999
-9999 -9999 -9999 -9999 -9999 -9999 -9999 -9999 -9999 -9999 -9999 -9999 -9999 -9999 -9999 -9999 -9999 -9999 -9999 -9999 -9999 -9999 -9999 -9999 -9999 -9999 -9999 -9999 -9999 -9999 -9999 -9999 -9999 -9999 -9999 -9999 54 55.1666679382324 56.125 56.75 57.3125 56.9375 57 55.6666679382324 58.6428565979004 60.4375 60.9375 60.375 60.6923065185547 59.25 59.6363639831543 59.25 60 59.125 59.75 58 58.375 58.75 57.25 59 -9999 -9999 -9999 -9999 -9999 -9999 -9999 -9999 -9999 -9999 -9999
-9999 -9999 -9999 -9999 -9999 -9999 -9999 -9999 -9999 -9999 -9999 -9999 -9999 -9999 -9999 -9999 -9999 -9999 -9999 -9999 -9999 -9999 -9999 -9999 -9999 -9999 -9999 -9999 -9999 -9999 -9999 -9999 -9999 -9999 -9999 -9999 -9999 -9999 -9999 54 54 56.9333343505859 58 58.8125 59.5625 61.5 61 61.125 62.25 61.75 62.8125 61.8125 61.0625 61.25 61.625 62.5625 62.125 62.875 62.5 63.25 62.4375 63.8461532592773 63.0833320617676 62 62.2000007629395 60.6666679382324 -9999 -9999 -9999 -9999 -9999
-9999 -9999 -9999 -9999 -9999 -9999 -9999 -9999 -9999 -9999 -9999 -9999 -9999 -9999 -9999 -9999 -9999 -9999 -9999 -9999 -9999 -9999 -9999 -9999 -9999 -9999 -9999 -9999 -9999 -9999 -9999 55.3333320617676 56.25 -9999 -9999 -9999 -9999 -9999 -9999 -9999 -9999 58 59.5714302062988 60.75 61.8125 61.6875 61.9375 63.5 63.1875 63.75 64.6875 66.5625 66.625 65.75 64 63.75 65.625 65.25 66.1875 65.875 66.125 65.875 64.5 64.25 64.5 64.4375 63 62.2999992370605 62.2000007629395 -9999 -9999
-9999 -9999 -9999 -9999 -9999 -9999 -9999 -9999 -9999 -9999 -9999 -9999 -9999 -9999 -9999 -9999 -9999 -9999 -9999 -9999 -9999 -9999 -9999 -9999 -9999 -9999 -9999 -9999 -9999 -9999 -9999 -9999 57 55.8571434020996 56.1428565979004 57.125 -9999 -9999 -9999 -9999 -9999 -9999 -9999 60.625 60.25 60.1875 61.625 62.3125 62.375 63.9375 64 64 65.375 67.5625 66.5625 66.8125 67.1875 66.625 65.875 66.0625 66.0625 65.75 66 65.5625 65.3125 65.625 65.75 64.625 64.5999984741211 64.7692337036133 64.7272720336914
-9999 -9999 -9999 -9999 -9999 -9999 -9999 -9999 -9999 -9999 -9999 -9999 -9999 -9999 -9999 -9999 -9999 -9999 -9999 -9999 -9999 -9999 -9999 -9999 -9999 -9999 -9999 -9999 -9999 -9999 -9999 -9999 -9999 -9999 -9999 56.5999984741211 -9999 -9999 -9999 -9999 -9999 -9999 -9999 59.5 57.8571434020996 60 61.625 62.4375 64.0625 64.5625 65.1875 65.5625 64.25 64.0625 67.5625 67.9375 69.25 68.5 68.25 67 66.625 66.1875 65.6875 65.625 65.875 66.5625 67 67.625 67.875 67.875 68.4375
57.75 60.2000007629395 61.4000015258789 63.1818199157715 67.625 66.25 63.2000007629395 62.5 63 61.3333320617676 60 60 60.4285697937012 63 -9999 -9999 -9999 -9999 -9999 -9999 -9999 -9999 -9999 -9999 -9999 -9999 -9999 -9999 58 57.75 56.625 55.7272720336914 56.1428565979004 56.1875 56.625 56.8888893127441 -9999 -9999 -9999 -9999 -9999 -9999 -9999 -9999 60.5 60.6666679382324 60.4375 62.625 63.4375 64.25 65.375 66.125 65.6875 66.1875 65.375 66.75 67 67.625 68.375 68.6875 68.75 68.625 68.0625 67.375 67.625 68.6875 69.4375 70.3125 71.625 72.6875 73.5
59.5625 59.6875 59.5625 60.1428565979004 -9999 58.3333320617676 58.75 -9999 -9999 -9999 -9999 -9999 -9999 -9999 -9999 -9999 -9999 -9999 -9999 -9999 -9999 -9999 -9999 58.25 57.5 56.8181800842285 57.0833320617676 57.8666648864746 57.625 58.25 57.25 57.75 57.75 57.5 57.875 58.125 57.75 -9999 -9999 58 59.5 59.5 60 60.4444427490234 60.2666664123535 61.5625 61.625 62.0625 62.875 64.25 64.3125 65.875 65.5 65.125 66.0625 66.625 66.8125 67.75 68.6875 69 69.5 69.4375 69.5625 70 71.0625 73.25 74.75 75.0625 75.125 76.0625 76.25
61.5 60.25 60.7142868041992 60.3333320617676 -9999 -9999 -9999 -9999 -9999 -9999 -9999 61 61 60.625 61.1111106872559 60.9285697937012 60.2666664123535 60.7272720336914 60.7999992370605 59.8333320617676 58.6666679382324 58.5 58 56.4000015258789 57.2000007629395 57.875 59.3125 60.875 60.6875 59.875 59.625 59.4375 59.3125 59.5625 58.6875 58 -9999 -9999 60 59.9333343505859 61.1875 61.75 61.6875 62.3125 63.5625 63.75 62.6875 62.5625 64.125 66 66.4375 67.3125 66.375 66.5 65.625 64.3125 65.875 66.75 68.125 67.875 69.125 71 71.875 72.5625 74.625 75.6875 77.5 78.6875 79.125 79.4375 80.6875
61.75 61.5625 61.2000007629395 60.769229888916 -9999 -9999 62 -9999 -9999 60.25 61.0769233703613 61.4375 62.375 63.5625 64.125 64.75 65 64.0625 62.875 62 61.375 60.875 60.625 59.5 60.25 60.5 61.5625 62.625 62.125 61.75 61.8125 61.375 61.625 61.4375 60.6875 61 61 -9999 61 60.5999984741211 61.125 61.5625 62.375 62.25 62.875 64.3125 65.4375 65.3125 65 65.4375 66 66.625 66.75 67.125 67.5625 68 69.25 69.375 69 69.4375 70.875 72.4375 73.625 74.5625 76.5625 78.625 80.25 81.625 82.4375 82.75 82.5625
63 62.6666679382324 62.7000007629395 61.5833320617676 61.2000007629395 60.75 61.9230766296387 61 -9999 60.9285697937012 61.1875 61.8125 63.1875 64.0625 64.75 65.25 64.5 64.125 62.3125 61.3125 61.3125 61.625 61.3125 59.9375 60.875 61.5625 62.4375 62.625 62.3125 62.375 62.6875 62.75 62.9375 62.8125 62.5625 62.25 62.125 62.125 62.3125 62.1875 62.5 63.25 63.6875 63.9375 64.125 65.1875 65.5625 67.125 67.3125 66 66.125 66.5625 66.625 66.9375 66.25 67.8125 69.1875 69.6875 69.875 70.25 71.4375 71.9375 73.0625 74.375 77.125 79.4375 82 84.9375 86.875 87.75 86.5625
64.25 63.9375 64 63.875 62.5625 63.25 63.375 62.75 62.0625 61.75 62.0625 62.3125 62.8125 63.4375 64.4375 63.375 63.0625 62.8125 62.8125 61.5625 61.5625 60.25 60.375 60.3125 60.5 61.25 62.0625 63.25 62.875 62.8125 63.4375 63.875 64.3125 64.125 65.125 64.1875 63.8125 63.75 63.75 64 65 66.125 66.5 66.9375 66.9375 66.625 66.9375 67.5 67.4375 66.8125 68 67.9375 67.0625 66.6875 66.625 67.4375 68.3125 69.4375 70.3125 70.875 71.0625 71.5 72.5625 74.75 77.6875 80.625 84.125 88.4375 90.5 90.75 89.1875
65.6875 65.6875 65.5625 65.375 65.3125 65.375 65.0625 64.3125 63.75 63.625 63.6875 64 63.3125 64.0625 64.375 63.5 63.4375 63.25 63.0625 63 62.5625 62.3125 62.0625 61.75 61.25 61.6875 62 62.5 63.125 63.0625 63.9375 64.875 65.5 66 66.3125 65.9375 65.375 64.5 64.6875 66 66.875 67.625 67.25 67.1875 67.375 67.4375 67.3125 67.5 68.4375 69.8125 69.625 68.375 67.9375 68.25 67.9375 68.1875 68.625 68.625 69.625 71.25 71.8125 71.9375 72.75 74.3125 77.875 81.5 86.6875 91.375 93.875 94.375 91.875
67.4375 67.25 67.3125 66.9375 66.6875 66.6875 66.5625 66.125 65.4375 65.4375 65.375 64.625 64.125 64.8125 64.875 64 64 63.3125 63 63.0625 63.25 63.4375 63.25 62.6875 62.5 62.5 62.5 63.375 64.1875 64.5625 64.75 66.0625 66.5625 67.0625 66.875 67.125 67.4375 67 66.875 68.375 68.6875 68.75 68.875 69.5 69.3125 68.8125 68.875 69.4375 69.875 70.25 70.1875 69.75 69.625 69.5 69.25 69.625 68.875 69.625 71.3125 71.875 72 71.75 72.125 73.25 76 80.875 85.9375 91.25 94.3125 94.5625 92.8125
69 68.8125 68.25 68 67.8125 67.4375 67.375 67.3125 66.1875 65.5625 65.1875 65 64.8125 65 64.8125 64.0625 63.9375 63.75 63.125 63.25 63.4375 63.25 63.4375 63.125 63.8125 63.875 63.875 64.1875 64.75 65.125 65.625 66.9375 67.875 68.125 68.4375 68.5625 69.0625 69.1875 68.875 70 69.9375 70.1875 70.625 70.9375 70.8125 71.25 71.5625 71.6875 71.6875 71.625 70.1875 70.375 70.3125 70.625 71.3125 71.625 70.875 71.8125 72.375 72.4375 72.3125 72.5625 72.375 72.25 74.4375 79.6875 84.6875 89.75 92.3125 92.4375 91.875
70.125 69.8125 69.8125 68.875 68.875 68 67.9375 67.3125 66.9375 66.375 66.4375 66.1875 65.5 65.125 64.9375 64.625 64.0625 64.125 64 63.875 63.5 63 63.5625 63.5 63.125 63.4375 63.9375 64.625 66.0625 65.875 66.375 67.0625 67.6875 68.4375 69 69.375 69.8125 70.5 70.3125 70.8125 71.5625 71.625 72.125 72.4375 72.375 72.125 72.8125 72.875 72.875 72.8125 72.5625 71.875 71.5 71 71.1875 71.625 72 72.125 73.25 73.4375 73.875 73.9375 73.3125 73.75 75.75 80.125 84.625 88.1875 92.0625 93.8125 92.375
70.3125 70.75 71.6875 71.0625 69.875 69.6875 69.5625 68.75 67.75 67.4375 67.125 66.1875 66 65.5625 64.875 65.0625 65.375 65.5625 64.9375 64.0625 63.75 63.5625 63.75 63.875 64 64.375 65.1875 66.125 66.3125 67.0625 67.25 67.9375 68.375 69.125 69.75 70.3125 71 71.4375 71.875 72.25 72.5 72.9375 73 73.1875 73.25 73.75 74 73.8125 74 73.375 72.3125 71.125 71.875 71.5625 71.8125 72.8125 73.1875 73.25 74.125 74.375 74.875 75.125 75.875 76.75 78.625 82.25 85.4375 89.625 91.3125 93.4375 94
70.4375 70.125 71.5625 70.375 71.0625 71.1875 71.4375 70 69.1875 69.25 67.625 66.6875 66.25 65.875 65.5 65.5625 66.4375 65.5625 64.8125 64.625 64.4375 64.6875 64.875 65.125 65.25 65.9375 66.625 67.5 67.8125 68 68.625 69.375 69.75 70.125 70.9375 71.625 72.375 72.875 73.375 73 73.5 74.125 74.25 74.125 74.375 74.75 74.0625 74 73.9375 73.5 73.0625 72.3125 73.3125 73.375 74.1875 74.8125 74.625 74.4375 75 75.3125 75.6875 76.1875 77.25 79.25 81.5 83.5625 85.75 87.3125 88.5625 91.125 93
71.625 71.5625 71.25 71.75 72.25 72.1875 71.8125 70.6875 70.125 70 69.3125 68.25 68 67.8125 66.4375 66.6875 66.8125 67.0625 65.875 65.375 65.5 65.375 65.4375 65.875 65.875 66.625 67.6875 68.1875 68.75 69.375 70.0625 71 71.0625 71.5 72 72.875 73 73.25 73.75 73.9375 74.5 74.875 75 75.0625 75.1875 74.6875 74.4375 73.875 73.625 73.5625 74.375 74.625 74.4375 74.625 75.25 75.625 75.75 75.1875 76 76.375 76.875 77.8125 79.1875 81.1875 83.3125 85.75 86.6875 87.625 89.75 92.5625 96.8125
72.9375 73.4375 73.0625 73.125 73.25 73.0625 72.375 71.75 71.1875 70.8125 70.4375 70 69.625 68.75 67.375 67.6875 67.0625 67.0625 66.875 67.0625 67.1875 67.1875 67.3125 66.5625 67.5 68.3125 68.75 69.125 69.875 70.8125 71.5 71.75 72 72.5625 72.6875 73 73.75 73.75 74.25 74.875 75.6875 75.75 75.5625 75.75 75.625 75.25 74.9375 74.8125 74.8125 74.6875 74.9375 74.625 75.25 75.6875 76 75.875 75.75 76 76.4375 76.625 77.625 79.5 81.6875 84.6875 87.25 90.25 95.4375 95.3125 92.0625 88.875 87.125
73.125 73.25 73.5625 73.3125 73.25 73.125 72.875 72.25 71.75 71.375 71.0625 70.9375 70.625 70.1875 69.8125 69.3125 68.6875 68.25 68.125 68.25 67.6875 68 67.8125 67.75 68.1875 68.5625 69.25 69.9375 70.5 71 71.5625 72.5 73 73.1875 73.125 73.25 73.6875 74.6875 75.4375 75.4375 75.8125 75.8125 75.9375 76.125 76.25 76 75.875 75.8125 75.1875 75.0625 74.875 75 74.9375 75.0625 74.875 75.25 75.625 76.6875 77.875 78.75 81 84.6875 89.5625 90.875 89.6875 88.0625 86.4375 84.4375 84.0625 83.3125 81.4375
73.5 73.625 73.8125 73.5625 73.4375 73.75 73.3125 73.0625 72.5625 71.75 71.8125 71.75 71.125 70.625 70.125 69.9375 69 68.375 67.3125 68.0625 67.5 67.5 68 68.375 69.125 69.875 70.5 71.0625 71.375 72.125 72.8125 72.9375 72.9375 73.375 73.4375 74.625 75.6875 75.3125 75.5 76 75.375 75.25 75.9375 76.375 76.625 76.8125 77.0625 76.875 76.5625 76.1875 75.1875 74.5625 74.625 75.4375 76.75 77.125 77.375 78.5625 80 83.75 85.8125 84.375 82 81.625 80.9375 80.625 80.25 81.25 81.125 80.875 80.875
74 74.375 75.0625 75.3125 74.75 74.5 74 73.625 73.0625 72.75 72.0625 71.6875 71.0625 70.3125 70.125 69.5625 69.25 69.25 68.5 67.875 68.0625 68.0625 69.125 69.1875 70.125 71.3125 71.875 72.6875 73.0625 73 73 73.5 74.4375 75.6875 76.125 76.5625 76.5 76 75.875 75.8125 76.0625 76 76.1875 77.25 77.6875 78 77.875 77.4375 77.875 77 76.3125 76.4375 76.5 76.875 77.625 78.4375 79.625 82.0625 84.625 88.4375 85.75 78.375 78 78.5 78.125 77.875 78.5 79.25 79.0625 79.3125 79.5
75.125 75.0625 75 75.3125 75.25 75.1875 74.5625 73.6875 73.6875 73.1875 72.625 71.875 71.5625 71.3125 71.625 71.1875 70.6875 70.5625 70.6875 69.375 68.5 67.9375 69 69.5 70.8125 71.4375 71.9375 72.4375 72.6875 73.25 74.5625 75.6875 76.8125 77.6875 77.5 75.9375 76.0625 76 75.9375 76.0625 76 76.4375 76.9375 77.9375 78.4375 78.3125 78.25 78.125 77.8125 77.625 77.8125 77.8125 77.9375 78.6875 79.25 81.375 83.5625 85.125 83.8125 80.8125 78.0625 75.75 76.875 75.8125 76.625 77.6875 79 79.75 79.125 78.375 78.3125
77.875 77.375 76.5625 76.1875 76.875 76.3125 75.75 75.5625 74.8125 73.6875 73.1875 73.1875 73.375 72.9375 72.5 72.125 71.75 71.375 70.5625 69.4375 69.875 70 70.5 69.875 70.75 71.8125 72.3125 73.0625 73.8125 74.625 76.125 77.125 77.375 77.4375 77.25 77.0625 76.125 75.9375 76.4375 76.75 77.6875 78.125 78.875 79.3125 79.375 79.5625 79.0625 78.8125 78.9375 79.5 79.5625 79.9375 80.0625 80.9375 82.9375 84.4375 86.875 86.75 83.625 78.1875 76.875 75.625 75.625 76.5 77.75 78.0625 78.3125 78.625 78.625 77.25 77.0625
79.5 78.5625 77.75 78.25 77.25 76.375 75.5625 74.9375 74.6875 74.25 74.4375 75.1875 74.5 74.0625 73.4375 72.8125 72.5625 72.4375 71.8125 72.4375 72.125 72.375 71.8125 71.6875 72.5 73.3125 74.1875 75.0625 75.25 75.6875 77.625 78.5 77.6875 77.5 77.875 76.9375 77.25 77.0625 77.8125 78.4375 79.625 80.125 80.9375 82.8125 82.75 82.125 80.9375 80.875 81.8125 82.6875 83.625 88.1875 90.3125 88.0625 85.375 85.25 84.375 84.0625 79.9375 77.3125 76.1875 76.25 76.5625 76.5625 76.625 76.875 76.8125 76.6875 77.1875 76.375 77
78.8125 78.4375 78.1875 77.625 76.75 76.125 75.9375 75.25 75.4375 75.375 76 76 76.0625 74.75 74.0625 74.125 74.875 75 74 74.375 73.75 72.4375 72.9375 73.3125 73.8125 75.5 76.1875 76.5 76.625 77.5625 78.75 79.5625 78.25 77.5625 78.6875 79.8125 79.875 81.625 83.4375 81.3125 84.5625 83.25 83.0625 85.125 83.875 82.5 84 85.3125 86.6875 91.125 90.5625 89.0625 85.75 81.1875 80.75 79.3125 77.75 77.375 77 77.625 77.75 77.8125 78.0625 78.5625 78.8125 78 78.0625 77.5625 77.5 77.1875 76.875
78.8125 78 77 76.9375 76.8125 76.5 76.25 76.875 77.25 77.5625 77.5625 77.1875 76.625 76.125 76.0625 76.1875 76 76.1875 75.75 75.6875 75 74.875 74.9375 75.625 76.6875 77.6875 78.5 79.125 78.875 80.3125 80.875 80.6875 79.875 79.875 80.6875 81.8125 82.8125 86.875 85.25 90.0625 88.5 85.375 85.9375 87.9375 85.0625 86.5 87.75 93 97.8125 90.8125 84.375 84.625 80.875 78.4375 77.625 77.625 77.6875 77.6875 78.4375 78.375 78.125 78.5625 79.1875 80.1875 80.75 81.5 81.8125 80.0625 77.5625 77 77.25
77.75 77.625 78.125 78.125 78.625 78.6875 79.1875 79 78.75 78.9375 78.5 77.6875 77.25 77.1875 76.4375 77.1875 76.8125 76.9375 77.125 77.25 76.8125 77.1875 77.4375 78.3125 79.25 80.5625 81 81.5625 81.75 81.375 81.4375 81.9375 81.75 81.75 82.9375 83.5625 84.875 85.8125 93.6875 98.875 91.5625 95.6875 95.0625 91.9375 93.5625 90.75 90.1875 97.8125 94.8125 87.5 85.375 83.875 77.25 76.8125 77.5625 78.3125 79.1875 79.4375 79.0625 79.125 79.1875 78.8125 80.25 80.9375 82.4375 82.5 80.625 79.625 78.75 79.125 78.75
78.1875 78.125 78.5 78.875 78.9375 79.5625 79.9375 80.625 80.625 79.875 80.0625 80 79.125 78.75 78.0625 77.875 77.8125 77.875 78.1875 78.3125 79.0625 80 79.875 79.4375 80.4375 81.625 82.375 82.75 82.875 82.625 82.6875 83 83.6875 84.4375 85.5 89.125 93.4375 91.9375 96.875 100 103.375 98.75 95.5625 93.6875 91.5 91.625 92.5625 91.25 89.5625 87.8125 86.1875 81.0625 77.3125 77.5 78.125 78.625 79.5625 79.3125 79.6875 80.125 80.125 79.1875 79.8125 79.75 80.25 80.1875 80.0625 80 79.5625 78.4375 78.6875
