input_data/future_climate/CanESM5_585/_bio15_a.asc
ncols  331
nrows  193
xllcorner  17.833372883333
yllcorner  37.9999896166667
cellsize 0.1666667
NODATA_value  -9999
[rows 140 to 159 of 193, columns 276 to 321 of 331]
29.7464389801025 31.4423961639404 32.6384429931641 32.1154937744141 33.246509552002 33.6232147216797 33.228874206543 33.2003440856934 32.5028533935547 32.2188453674316 32.2522773742676 32.9125785827637 33.4533805847168 33.5369720458984 33.014949798584 33.0052223205566 32.5561370849609 32.2143325805664 32.6936073303223 32.1074905395508 30.6499500274658 29.8704872131348 29.8089637756348 29.2494792938232 29.2296695709229 29.3970527648926 29.6228351593018 29.8980464935303 29.3750343322754 29.0784149169922 28.4891319274902 28.2906265258789 28.5522918701172 29.2953662872314 29.8392467498779 29.8682403564453 29.2554817199707 28.5887832641602 28.6235485076904 27.4894104003906 27.3976955413818 26.9908962249756 26.4319305419922 25.9634761810303 25.6397552490234 25.5627250671387
30.7981452941895 32.123893737793 32.0362892150879 32.6139984130859 33.794750213623 35.0795021057129 35.533878326416 35.4203758239746 35.009937286377 33.837215423584 34.3855018615723 35.7927131652832 35.475700378418 35.6905937194824 35.0504875183105 34.2829246520996 33.5545768737793 33.1859893798828 32.8749465942383 32.986083984375 32.520637512207 31.8723888397217 31.7415390014648 31.670482635498 31.0067176818848 30.4806442260742 29.9993438720703 30.2251834869385 30.2505798339844 30.6884632110596 30.5974082946777 30.2848434448242 29.939661026001 30.7953586578369 31.7313213348389 31.8772850036621 30.7672309875488 30.7304916381836 29.7611770629883 29.6912231445313 29.053050994873 28.6972160339355 28.0903511047363 27.0994739532471 27.6913394927979 26.8442630767822
31.8127040863037 32.4144706726074 32.2435455322266 34.0603675842285 35.1306571960449 38.1375999450684 35.4852180480957 35.2853584289551 34.9214477539063 35.2892990112305 36.7031440734863 36.3990058898926 36.0928115844727 36.1899948120117 36.0478286743164 36.2499885559082 35.3842277526855 34.8024253845215 34.4853477478027 33.7448310852051 34.267276763916 33.9776916503906 33.7882614135742 33.8162689208984 33.3703384399414 33.0917053222656 32.975887298584 32.5361518859863 32.5132942199707 32.6890411376953 32.762767791748 32.4134178161621 32.9948539733887 32.9409141540527 32.7888832092285 33.3692817687988 33.4128112792969 32.374942779541 31.7278518676758 30.6005725860596 30.2471656799316 30.1008701324463 29.0788097381592 28.3885021209717 28.3313655853271 28.1351222991943
32.6261787414551 33.2266960144043 33.4246215820313 34.1475448608398 35.7924385070801 35.7066040039063 36.0431175231934 36.127140045166 35.7690315246582 36.1700096130371 37.4137268066406 38.7305679321289 38.523006439209 38.3843879699707 38.154167175293 36.8934555053711 36.6397514343262 36.5605010986328 36.6264228820801 36.9492378234863 36.5076065063477 35.9673118591309 36.0073852539063 35.8984832763672 35.0874671936035 34.6455307006836 33.9911575317383 34.0106430053711 33.4258155822754 33.8290748596191 34.8677825927734 35.8613777160645 34.9204025268555 35.2047004699707 35.331916809082 35.2095756530762 35.0743865966797 35.1299629211426 35.0025634765625 34.1998023986816 32.5512809753418 31.5723285675049 30.7302780151367 30.3172569274902 29.3012886047363 28.7457275390625
34.9789505004883 35.6729278564453 36.3433494567871 38.3715476989746 39.5816345214844 36.2261772155762 36.6574935913086 37.3521575927734 37.7092552185059 38.1036071777344 38.4464721679688 38.5800857543945 38.9080696105957 38.8097267150879 39.4439392089844 38.4768600463867 38.552547454834 37.8291130065918 37.4258918762207 37.7002944946289 37.9308700561523 37.6527976989746 37.4552421569824 36.226001739502 36.1820526123047 35.605052947998 35.6764297485352 35.7115020751953 35.9256248474121 35.8428764343262 36.6563682556152 36.7831916809082 36.826343536377 36.2738342285156 36.7543106079102 36.4540901184082 36.6987419128418 36.9489364624023 36.6827430725098 35.9713859558105 34.9627494812012 33.3708343505859 32.7219085693359 32.2784309387207 30.8067836761475 29.8723907470703
36.9243507385254 37.6418914794922 37.7584419250488 40.0655059814453 40.9771957397461 39.6842079162598 40.4677772521973 39.5431671142578 38.8624725341797 39.1015663146973 39.2713775634766 39.7063407897949 40.6695709228516 40.5469398498535 43.9029960632324 41.0182075500488 40.3059730529785 40.167797088623 39.964542388916 40.2836952209473 39.8164253234863 38.5025177001953 38.3285751342773 37.8343200683594 37.7222671508789 36.6242942810059 36.6431312561035 37.1946830749512 36.7502059936523 37.4413986206055 38.0136337280273 38.8295860290527 38.4694328308105 38.4828720092773 38.6420745849609 38.9980125427246 38.7703247070313 38.8938026428223 38.5196075439453 37.0318260192871 35.399242401123 34.7647323608398 34.2111854553223 33.1636047363281 32.3709983825684 30.3601837158203
38.8367805480957 39.6011238098145 39.8619079589844 40.5289497375488 41.3916816711426 42.1276092529297 41.3646583557129 41.0926094055176 41.4908599853516 40.3002967834473 40.2489967346191 40.8857650756836 41.5851593017578 41.7330665588379 42.7694931030273 42.6440696716309 41.6592864990234 42.1443290710449 41.7989311218262 41.7666320800781 41.6075134277344 41.2933692932129 40.623161315918 40.2298889160156 40.0202407836914 38.8733711242676 38.2618598937988 38.7746620178223 38.5400733947754 38.4815292358398 38.8055686950684 39.3621406555176 39.3583297729492 38.8322525024414 38.9519157409668 38.9692344665527 39.1436500549316 39.8493499755859 39.218994140625 38.24853515625 37.6112670898438 35.731388092041 35.0647087097168 34.3978424072266 33.5534629821777 32.0023422241211
39.1064529418945 39.8437080383301 39.7418403625488 40.6944046020508 42.547664642334 43.3606643676758 44.2830085754395 44.0353889465332 44.4800796508789 43.964958190918 43.7002182006836 43.6185302734375 43.2333183288574 42.5324440002441 42.3481292724609 42.4052963256836 42.8788986206055 42.8751373291016 42.6540946960449 42.1623802185059 42.0974426269531 41.6531410217285 41.8108291625977 41.368839263916 41.1511116027832 40.7925491333008 40.6906204223633 40.321475982666 40.1473388671875 40.5985107421875 40.5160217285156 41.0566215515137 41.7260551452637 41.5584983825684 41.6008949279785 40.9792366027832 41.0487632751465 41.3929748535156 41.0064926147461 39.2460060119629 38.162109375 37.8485107421875 35.8733291625977 35.191837310791 34.6099891662598 34.0582160949707
40.8891487121582 40.8693504333496 42.5700645446777 41.5921363830566 43.6107749938965 45.0780563354492 44.9157638549805 45.3923034667969 45.990894317627 46.2712783813477 46.9103507995605 45.6182441711426 45.3797760009766 44.4817237854004 44.7575721740723 44.8509864807129 44.6351776123047 44.1522064208984 44.1542854309082 43.3976707458496 42.6237411499023 42.3960838317871 43.0754508972168 42.8039665222168 42.0027351379395 42.4173736572266 41.7379684448242 41.6017875671387 41.6934585571289 41.7522621154785 41.7536163330078 42.1194267272949 42.3180160522461 42.5557556152344 42.2592353820801 42.0291061401367 42.1599235534668 42.4912605285645 42.1681327819824 41.1734161376953 39.2757720947266 38.0728034973145 37.5262718200684 36.896369934082 35.5039749145508 34.8875923156738
41.7464866638184 43.0474853515625 44.1032600402832 44.9178276062012 44.511890411377 45.1560974121094 45.9265823364258 45.8291816711426 46.0805130004883 46.0089721679688 46.7179908752441 48.0099678039551 48.1879653930664 48.0615081787109 47.0565757751465 46.3944778442383 45.5164794921875 44.9563827514648 45.2449760437012 44.9562683105469 45.3357582092285 44.7397880554199 44.4865989685059 44.2699546813965 44.4147491455078 44.6750717163086 44.2628707885742 43.6248741149902 43.013484954834 42.8202629089355 42.4758033752441 42.7476997375488 43.1628227233887 43.7102851867676 43.6446685791016 43.5194396972656 43.2954025268555 43.0556526184082 43.0475120544434 42.1224937438965 41.5650215148926 40.6527061462402 39.352367401123 38.1411781311035 37.6787033081055 36.9450912475586
44.4820976257324 44.6813278198242 45.0104293823242 45.4812698364258 45.8513259887695 46.0872344970703 46.1919288635254 46.7115020751953 46.9627571105957 47.9112319946289 48.0399894714355 48.4107093811035 48.9893836975098 49.5810012817383 48.9988555908203 48.1098251342773 47.8980560302734 47.228343963623 47.6369895935059 47.5182914733887 46.6484489440918 46.7715034484863 46.5700149536133 46.6225624084473 45.7369499206543 45.185905456543 45.7433738708496 45.7228240966797 45.4293785095215 44.842658996582 44.5395698547363 44.3432235717773 45.3226623535156 45.0677680969238 44.6868515014648 44.904670715332 45.2438659667969 44.6086616516113 44.3243942260742 43.8144378662109 42.802661895752 42.1720809936523 41.3247108459473 39.7692794799805 39.8115158081055 39.2277526855469
44.2216377258301 45.4084243774414 46.0408134460449 47.301197052002 47.075870513916 47.5921478271484 48.2514533996582 48.7967758178711 49.9946441650391 50.0537796020508 49.5306663513184 49.6917533874512 51.5624809265137 50.8829345703125 50.7731018066406 50.4076271057129 49.6921195983887 49.095588684082 49.4979057312012 50.0256195068359 49.0606498718262 48.4408645629883 48.1302642822266 48.1961669921875 48.3303146362305 49.1158790588379 48.5063705444336 47.5016288757324 47.4878616333008 46.9990119934082 46.9889297485352 47.0983123779297 47.2307586669922 47.6271476745605 47.418815612793 47.8306503295898 48.2567672729492 49.3413009643555 48.6262397766113 48.2518463134766 45.7965202331543 43.9632148742676 42.6299324035645 42.7070274353027 42.9781074523926 42.1167755126953
46.0916709899902 46.1375923156738 46.7363700866699 47.3257637023926 47.623420715332 48.6766700744629 48.9320373535156 49.0725936889648 50.4850387573242 51.2128677368164 50.9869651794434 50.1171379089355 49.9670791625977 50.8428611755371 52.0106468200684 51.9661064147949 52.0263824462891 50.5249366760254 51.9275512695313 52.3604736328125 51.9587745666504 51.3453330993652 51.6981506347656 50.6592788696289 50.5578651428223 51.6560134887695 52.3009834289551 51.0095520019531 51.2733726501465 49.9668846130371 49.3089599609375 50.0412902832031 50.3923377990723 50.7351150512695 50.8607597351074 50.6210174560547 49.7454528808594 49.1670379638672 48.635929107666 48.4410743713379 47.5164909362793 47.0257263183594 46.763729095459 45.3003158569336 44.9571151733398 44.7802543640137
46.9922637939453 47.2326850891113 47.8541259765625 48.9050941467285 49.1397171020508 50.0020294189453 50.3156852722168 50.8705368041992 51.4833335876465 51.8763046264648 52.405403137207 51.604793548584 51.1657562255859 50.8092231750488 52.0545845031738 53.5480270385742 52.7375602722168 51.9618797302246 53.0524787902832 50.9177703857422 50.0164413452148 51.0417861938477 51.8031387329102 53.8049850463867 53.3874397277832 53.2494087219238 54.1008491516113 54.4682846069336 54.5241661071777 52.8380241394043 52.3285636901855 52.7641258239746 51.7077484130859 52.4119071960449 52.7866096496582 52.5734977722168 51.5514526367188 51.6237831115723 50.1116905212402 50.0377082824707 49.4440803527832 48.3123893737793 47.6810531616211 46.8551292419434 45.3486938476563 44.5621376037598
48.645206451416 49.7861061096191 50.7110443115234 51.1968307495117 51.5949172973633 50.9706039428711 51.9673194885254 51.760929107666 52.5697364807129 52.4245643615723 52.1338958740234 52.3727645874023 52.9256782531738 53.2484130859375 54.336498260498 53.3293266296387 53.2719116210938 53.1994361877441 53.2643547058105 52.7577056884766 51.5290489196777 49.6073532104492 51.5695915222168 53.627384185791 53.8662910461426 54.4957695007324 55.1447830200195 55.5806274414063 56.0841751098633 56.2735366821289 56.2897415161133 54.8062705993652 54.5880088806152 54.7077789306641 55.0387420654297 53.4531707763672 52.9714050292969 52.4208908081055 51.6249732971191 50.767520904541 49.3857421875 48.5058326721191 47.5836944580078 46.7465057373047 46.8187294006348 45.3029098510742
50.7613372802734 51.9178314208984 52.4697494506836 52.8529357910156 52.3901176452637 51.7863540649414 52.5212020874023 52.6450500488281 54.2422409057617 54.8356094360352 55.345947265625 55.7422180175781 56.2292289733887 55.7555465698242 55.6607131958008 55.179141998291 54.4955673217773 54.1977310180664 53.8730964660645 54.4496726989746 55.3609352111816 53.2002830505371 52.0288162231445 51.7889175415039 53.4716682434082 55.0401382446289 55.1032562255859 56.794319152832 56.5749435424805 58.1080093383789 59.1619110107422 58.4445533752441 58.1635093688965 58.0408744812012 57.2083320617676 55.7542457580566 54.6024971008301 53.7949829101563 53.4789505004883 52.3236503601074 51.4605369567871 49.8322868347168 48.7861442565918 47.9187049865723 47.213508605957 46.3370056152344
52.9024085998535 53.9351539611816 53.642261505127 53.9702644348145 53.717903137207 53.8460998535156 54.3854331970215 55.0929832458496 55.8177375793457 56.0592269897461 56.3949394226074 56.4167747497559 56.8133697509766 56.9297103881836 56.8163681030273 56.241096496582 55.7166633605957 56.2873153686523 56.3402214050293 55.8122978210449 56.5067710876465 56.4124946594238 54.6796951293945 52.3054962158203 51.3795013427734 52.5550765991211 55.3288230895996 56.2345008850098 57.8221473693848 59.6954345703125 60.2970161437988 60.9681243896484 60.8624877929688 60.085750579834 59.0797348022461 58.6076049804688 56.7612113952637 54.8592758178711 54.3561630249023 53.8163070678711 53.5891342163086 51.4639015197754 50.8436508178711 48.7726898193359 47.9901847839355 47.0315437316895
55.2548828125 54.7996673583984 55.0936088562012 54.9280700683594 54.936695098877 54.3712043762207 54.5119857788086 55.4713249206543 56.2190437316895 56.7936515808105 57.3633651733398 57.4366340637207 57.6535911560059 57.6436233520508 58.2327651977539 57.1768531799316 57.0893440246582 58.0617027282715 58.1257362365723 58.2475128173828 57.6875267028809 57.5065803527832 56.4659004211426 54.6354179382324 52.947395324707 52.3211784362793 52.2957496643066 53.538330078125 56.3955841064453 58.3240585327148 60.9697875976563 62.181827545166 61.3922805786133 59.7048149108887 59.5521621704102 59.2702026367188 58.5647964477539 57.4535751342773 56.2096786499023 55.6940460205078 54.1876258850098 53.0305099487305 52.1471900939941 51.0489768981934 49.4969215393066 48.6732063293457
55.4330177307129 55.6197357177734 55.6635360717773 55.6181144714355 55.6345367431641 55.2591171264648 55.5948905944824 56.2152442932129 56.3106689453125 57.4204978942871 57.7238006591797 58.2290382385254 58.3794364929199 58.6880722045898 58.9112930297852 59.1699180603027 59.3194236755371 59.4230308532715 58.9825897216797 58.4051475524902 59.0600814819336 58.4536476135254 58.4372749328613 56.6852378845215 55.4882926940918 54.744010925293 54.8913078308105 53.6841735839844 53.1516952514648 54.2397575378418 59.2374229431152 62.0054740905762 61.9219398498535 61.3634605407715 60.6264343261719 59.9947128295898 58.8325080871582 58.3749389648438 57.003101348877 56.0203552246094 54.6504707336426 53.9616928100586 52.9903106689453 51.4837074279785 49.6104278564453 49.0408172607422
56.1849517822266 55.7586936950684 55.35791015625 56.4669303894043 57.078483581543 57.2059860229492 56.6788063049316 56.9528198242188 56.8875427246094 57.8157768249512 57.9340705871582 58.2080841064453 58.7724800109863 59.2415466308594 59.4881591796875 59.9906692504883 59.5256958007813 59.8148880004883 60.095386505127 60.2879028320313 59.2365875244141 59.8030776977539 60.3073883056641 59.5825729370117 58.482982635498 57.0841903686523 57.304256439209 57.8915672302246 58.4223556518555 57.6911811828613 57.5403594970703 59.523796081543 61.5466270446777 61.4860038757324 59.9965591430664 59.774845123291 58.8352432250977 58.2624168395996 57.5227012634277 55.8538436889648 54.5242347717285 53.946891784668 52.8482131958008 51.3250198364258 50.011344909668 48.8733749389648
