input_data/future_climate/CanESM5_585/_bio10_a.asc
ncols  331
nrows  193
xllcorner  17.833372883333
yllcorner  37.9999896166667
cellsize 0.1666667
NODATA_value  -9999
[rows 168 to 188 of 193, columns 184 to 229 of 331]
26.8291664123535 26.6760425567627 26.5979175567627 26.470832824707 26.515625 26.5843753814697 26.6749992370605 26.7937488555908 26.9135417938232 27.0437507629395 27.1968765258789 27.3208332061768 27.4427070617676 27.5885410308838 27.7625007629395 28.0427093505859 28.1906242370605 28.3270835876465 28.4312496185303 28.5270843505859 28.609375 28.6437492370605 28.6875 29.4500007629395 30.9583339691162 31.1062507629395 31.263542175293 31.25 31 31.0520820617676 31.3343753814697 31.5406246185303 32.0739593505859 32.4135437011719 32.5104179382324 32.5843772888184 32.689582824707 32.8312492370605 33.0062484741211 32.9364585876465 32.8604164123535 32.8781242370605 33.0854187011719 33.326042175293 33.4802093505859 33.5239562988281
26.705207824707 26.6052093505859 26.4989585876465 26.4916667938232 26.5427093505859 26.6354179382324 26.7374992370605 26.857292175293 26.9885406494141 27.0062503814697 27.1552085876465 27.2927074432373 27.4104156494141 27.5791664123535 27.7510414123535 27.9187507629395 28.064582824707 28.1947917938232 28.3229179382324 28.4291667938232 28.4916667938232 28.6656246185303 28.6489582061768 28.8875007629395 30.7145824432373 31.1239585876465 30.9614582061768 30.5520839691162 30.7291660308838 30.923957824707 31.1156253814697 31.3052082061768 31.8562507629395 32.0552062988281 32.234375 32.314582824707 32.4541664123535 32.7687492370605 32.9458351135254 32.9177093505859 32.9104156494141 32.984375 33.1166687011719 33.3541679382324 33.4124984741211 33.3979187011719
26.8791656494141 26.5687503814697 26.3958320617676 26.4156246185303 26.4989585876465 26.5979156494141 26.705207824707 26.8406257629395 26.9729156494141 26.9968757629395 27.142707824707 27.2739582061768 27.392707824707 27.578125 27.7510414123535 27.9166679382324 28.0791664123535 28.2020835876465 28.3312492370605 28.4364585876465 28.513542175293 28.6625003814697 28.673957824707 28.7437496185303 30.3854160308838 30.7000007629395 30.326042175293 30.4833335876465 30.673957824707 30.8739585876465 31.09375 31.298957824707 31.5562496185303 31.8854160308838 31.9312496185303 32.1677093505859 32.4124984741211 32.6510429382324 32.8218765258789 32.8666687011719 32.8197898864746 32.908332824707 33.0499992370605 33.3604164123535 33.4739570617676 33.421875
26.9802093505859 26.6885414123535 26.5104160308838 26.4104175567627 26.5239582061768 26.6239585876465 26.7250003814697 26.8395843505859 26.9750003814697 26.9885425567627 27.1468753814697 27.2625007629395 27.3979167938232 27.5885429382324 27.7687492370605 27.9249992370605 28.0822906494141 28.2250003814697 28.3406257629395 28.4416656494141 28.5354175567627 28.7041664123535 28.6968765258789 28.654167175293 29.3645839691162 30.919792175293 30.4229164123535 30.4229164123535 30.625 30.8239593505859 31.0614585876465 31.2822914123535 31.486457824707 31.826042175293 32.2072906494141 32.091667175293 32.1687507629395 32.2927093505859 32.576042175293 32.8833351135254 32.7781257629395 32.8208312988281 32.997917175293 33.25 33.451042175293 33.5875015258789
26.2250003814697 26.576042175293 27.1916656494141 26.9500007629395 26.6437492370605 26.7260417938232 26.810417175293 26.8968753814697 27 27.0010414123535 27.1510410308838 27.279167175293 27.4322910308838 27.6062507629395 27.7875003814697 27.9541664123535 28.0906238555908 28.236457824707 28.3697929382324 28.4729175567627 28.546875 28.7354164123535 28.7562503814697 28.7156257629395 28.7624988555908 30.2510414123535 30.1687507629395 30.330207824707 30.5541667938232 30.7927074432373 31.0270824432373 31.2645835876465 31.4718761444092 31.6656246185303 32.0666656494141 32.2281265258789 32.4583320617676 32.6593742370605 32.3510437011719 32.5302085876465 32.8333320617676 32.9802093505859 33.107292175293 33.3718757629395 33.7770843505859 33.970832824707
24.841667175293 26.1145839691162 27.4177074432373 27.8218746185303 26.9677085876465 26.9104175567627 26.9458332061768 26.982292175293 27.0510406494141 27.03125 27.185417175293 27.3406257629395 27.484375 27.6625003814697 27.8208332061768 27.9958343505859 28.1281242370605 28.247917175293 28.3791656494141 28.4937496185303 28.578125 28.7614593505859 28.8208332061768 28.8364582061768 28.8500003814697 29.1812496185303 29.982292175293 30.220832824707 30.5114593505859 30.7593746185303 31.03125 31.2781257629395 31.513542175293 31.7312507629395 31.8958339691162 32.125 32.8968734741211 33.2427101135254 33.3718757629395 32.673957824707 32.783332824707 33.2854156494141 33.783332824707 34.4489593505859 34.9572906494141 34.7000007629395
21.9427089691162 24.109375 26.2927074432373 28.0635414123535 27.6812515258789 27.1458320617676 27.127082824707 27.0895824432373 27.111457824707 27.0708332061768 27.2437496185303 27.4187507629395 27.5718746185303 27.7416667938232 27.8916664123535 28.0458335876465 28.1864585876465 28.2875003814697 28.3937511444092 28.497917175293 28.6010417938232 28.7895832061768 28.8374996185303 28.9052085876465 28.935417175293 29.013542175293 29.9947910308838 30.1333332061768 30.4718742370605 30.7437496185303 31.0479164123535 31.3177089691162 31.5697917938232 31.8145847320557 32.033332824707 32.216667175293 32.3250007629395 32.7041664123535 33.3531265258789 33.1468734741211 33.1468734741211 33.2249984741211 33.828125 34.4593772888184 35.0791664123535 35.2468757629395
20.390625 22.6281242370605 23.3562507629395 26.1281242370605 28.046875 27.7604160308838 27.3531246185303 27.2135410308838 27.1447906494141 27.2093753814697 27.4500007629395 27.6635417938232 27.8208332061768 27.9729156494141 28.1187496185303 28.1187515258789 28.2447910308838 28.361457824707 28.4322929382324 28.5104179382324 28.591667175293 28.7906246185303 28.8447914123535 28.8989582061768 28.9624996185303 29 30.0510406494141 30.3302097320557 30.4770832061768 30.7781257629395 31.1614570617676 31.4343757629395 31.669792175293 31.908332824707 32.0552101135254 32.4302101135254 32.5125007629395 33.09375 33.6677093505859 33.7604179382324 33.9645843505859 33.6937484741211 33.767707824707 34.3822898864746 35.2083320617676 35.421875
23.7593746185303 24.2562503814697 24.716667175293 25.6416664123535 27.1625003814697 28.7552089691162 28.0895843505859 27.3500003814697 27.1062507629395 27.2218742370605 27.5979156494141 27.8760414123535 28.0072917938232 28.1218757629395 28.2333335876465 28.2124996185303 28.310417175293 28.4125003814697 28.497917175293 28.5531253814697 28.607292175293 28.7781257629395 28.8552093505859 28.9177093505859 28.9791679382324 29.078125 30.6927070617676 30.4760417938232 30.9031257629395 31.6010417938232 32.0322914123535 31.8291664123535 31.828125 32.1468734741211 32.4156265258789 32.7572937011719 33.2958335876465 33.8218765258789 33.9020843505859 33.6031265258789 33.7802085876465 34.0697937011719 33.9343757629395 34.1166687011719 34.7374992370605 35.1343765258789
27.8177089691162 27.4479160308838 26.6770820617676 27.6239585876465 27.9364585876465 28.4739589691162 28.8677082061768 28.1833343505859 27.8125 27.9770832061768 28.1312503814697 28.2406253814697 28.2395839691162 28.2885417938232 28.3624992370605 28.3156242370605 28.3916664123535 28.4635410308838 28.5572910308838 28.6041660308838 28.6645832061768 28.8208351135254 28.8833332061768 28.9447917938232 28.997917175293 29.6770839691162 31.3406257629395 31.935417175293 32.2437515258789 32.502082824707 32.6635437011719 32.455207824707 32.5229187011719 32.9385414123535 33.314582824707 33.1729164123535 33.0864601135254 33.2395820617676 33.4145851135254 33.3364601135254 33.5354156494141 33.8947906494141 33.9958343505859 34.2072906494141 34.3718757629395 34.8343772888184
30.6437511444092 29.1052074432373 28.451042175293 28.3812503814697 28.8583335876465 28.8364582061768 28.9229164123535 28.6447906494141 28.4760417938232 29.1447906494141 29.453125 28.7822914123535 28.4854164123535 28.455207824707 28.486457824707 28.423957824707 28.4760417938232 28.5416660308838 28.59375 28.6656246185303 28.7093753814697 28.8708343505859 28.908332824707 28.986457824707 29.0197925567627 30.5270843505859 31.5864582061768 31.9010410308838 31.9718742370605 32.185417175293 32.3645820617676 32.7302093505859 33.2354164123535 33.4958343505859 33.6958312988281 33.8031234741211 33.9187507629395 34.1468734741211 33.919792175293 33.6885414123535 33.4447937011719 33.9833335876465 34.203125 34.0875015258789 34.689582824707 34.5343742370605
31.3708343505859 31.3083343505859 29.8687496185303 29.267707824707 29.5270843505859 29.638542175293 29.4541664123535 28.8708343505859 28.4427089691162 28.6833324432373 28.8239574432373 28.7541675567627 28.6604175567627 28.5927085876465 28.6124992370605 28.515625 28.5729160308838 28.6322917938232 28.6927089691162 28.7374992370605 28.7666664123535 28.9427089691162 29.015625 29.0843753814697 29.1083335876465 30.4874992370605 31.6281242370605 31.6239585876465 31.4104156494141 31.9281253814697 32.3708343505859 32.8583335876465 33.1479148864746 33.4812507629395 33.6083335876465 34.0354156494141 34.408332824707 34.622917175293 35.0374984741211 35.2041664123535 34.9749984741211 34.6312484741211 34.5895843505859 34.2291679382324 34.7562484741211 34.720832824707
30.5416660308838 31.013542175293 30.7427082061768 30.5572910308838 30.127082824707 30.0770835876465 29.015625 28.8229179382324 28.7541675567627 28.7781257629395 28.7760429382324 28.7437496185303 28.7020835876465 28.6875 28.7020835876465 28.6177082061768 28.658332824707 28.7041664123535 28.7531242370605 28.7885417938232 28.8385410308838 29.044792175293 29.1281242370605 29.1937503814697 29.2489585876465 30.267707824707 31.5354156494141 31.4916667938232 31.7447910308838 32.2437515258789 32.7093734741211 33.0354156494141 32.9895858764648 33.0302085876465 33.4145851135254 34.0281257629395 34.4916648864746 34.6885414123535 34.8989601135254 35.2885398864746 35.548957824707 35.6802062988281 35.7125015258789 35.1677093505859 35.0593757629395 34.9364585876465
30.3374996185303 30.3072929382324 30.5281257629395 30.658332824707 30.580207824707 30.0770835876465 29.2000007629395 29.0583343505859 28.955207824707 28.7864589691162 28.747917175293 28.7083339691162 28.6520843505859 28.642707824707 28.6656246185303 28.6968765258789 28.7270832061768 28.779167175293 28.826042175293 28.861457824707 28.9375 29.1458339691162 29.2447910308838 29.341667175293 29.4437503814697 29.5791664123535 30.2260417938232 30.5541667938232 31.09375 31.6208343505859 33.2239570617676 34.109375 34.4270820617676 34.0999984741211 33.689582824707 33.3447914123535 34.033332824707 34.6552085876465 35.0145835876465 35.3468742370605 35.627082824707 35.9593734741211 36.2062492370605 36.1593742370605 36.1343765258789 36.0062484741211
31.0718765258789 30.7239570617676 30.3041667938232 30.283332824707 30.7385406494141 30 29.2999992370605 29.1833343505859 29.080207824707 28.8802089691162 28.8083343505859 28.7406253814697 28.6989593505859 28.7125015258789 28.732292175293 28.7395839691162 28.8041667938232 28.8520832061768 28.8833332061768 28.9427070617676 29.0322914123535 29.267707824707 29.4010410308838 29.529167175293 29.6635417938232 29.8062496185303 30.0093746185303 30.4500007629395 31.0666656494141 32.2552070617676 34.1770820617676 34.8968734741211 35.28125 35.4749984741211 35.0572929382324 32.1135406494141 31.7395820617676 33.3520851135254 34.3031234741211 35.5510406494141 35.923957824707 36.1937484741211 36.3364601135254 36.4333343505859 36.5125007629395 36.640625
31.3520832061768 31.2406253814697 30.2999992370605 30.6416664123535 30.6479167938232 29.5239582061768 29.3531246185303 29.2458343505859 29.1364593505859 28.9291667938232 28.8322906494141 28.767707824707 28.7250003814697 28.7333335876465 28.7687492370605 28.7875003814697 28.8562507629395 28.8979167938232 28.9489593505859 29.0145835876465 29.1187515258789 29.359375 29.515625 29.6791667938232 29.845832824707 30.0395832061768 30.2749996185303 30.640625 31.7510414123535 32.4697914123535 33.0552101135254 34.2114562988281 35.2385406494141 35.4385414123535 35.2104148864746 31.6614589691162 29.5885410308838 32.1520843505859 33.7093734741211 35.4885406494141 35.9739608764648 36.3333320617676 36.5479164123535 36.6916656494141 36.7718734741211 36.8864593505859
30.5458335876465 30.4093742370605 30.326042175293 30.4010429382324 30.2697925567627 29.5239582061768 29.3562507629395 29.2562484741211 29.1447925567627 28.9302082061768 28.841667175293 28.7781257629395 28.7229175567627 28.7374992370605 28.7625007629395 28.8062496185303 28.8718757629395 28.9260406494141 28.9854164123535 29.0677089691162 29.1729164123535 29.4343757629395 29.6020832061768 29.7885417938232 29.9927082061768 30.1885414123535 30.4249992370605 31.03125 32.3218765258789 32.9187507629395 33.9000015258789 34.9229164123535 35.1833343505859 35.252082824707 35.265625 35.3812522888184 35.3781242370605 35.3583335876465 35.34375 35.28125 35.732292175293 36.0166664123535 36.0822906494141 36.1749992370605 36.4635391235352 36.732292175293
30.654167175293 30.234375 30.2916660308838 30.0947914123535 29.8677082061768 29.3541660308838 29.3114585876465 29.2270832061768 29.1177082061768 28.9177093505859 28.8479156494141 28.7822914123535 28.7270832061768 28.7354164123535 28.7760410308838 28.8322906494141 28.892707824707 28.9520835876465 29.0249996185303 29.1010417938232 29.21875 29.4874992370605 29.6656246185303 29.872917175293 30.0958347320557 30.3041667938232 30.5208320617676 30.857292175293 31.421875 31.8791656494141 32.8093757629395 34.2874984741211 34.9437484741211 35.1145820617676 35.294792175293 35.3125 35.205207824707 34.8916664123535 34.1479148864746 34.6979179382324 35.0395812988281 35.2750015258789 35.0499992370605 35.595832824707 35.7416648864746 35.9593734741211
29.9177074432373 30.064582824707 29.6010417938232 29.3291664123535 29.3364582061768 29.326042175293 29.2468738555908 29.1614589691162 29.078125 28.8979167938232 28.8333339691162 28.7927093505859 28.7468757629395 28.7510414123535 28.7906246185303 28.8500003814697 28.9125003814697 28.986457824707 29.0635414123535 29.1656246185303 29.2979164123535 29.5718746185303 29.7468738555908 29.951042175293 30.1677093505859 30.3708324432373 30.5833339691162 30.9541664123535 31.2739582061768 31.7270832061768 32.185417175293 32.9010429382324 34.3114585876465 34.796875 34.9249992370605 34.9833335876465 34.75 34.517707824707 34.482292175293 34.267707824707 33.7291679382324 33.3166656494141 33.8447914123535 34.1510429382324 34.9322929382324 35.7583312988281
27.6354160308838 29.544792175293 29.2937507629395 29.1958332061768 29.3020820617676 29.2437515258789 29.173957824707 29.1031246185303 29.0427093505859 28.8666667938232 28.8250007629395 28.7770824432373 28.7229156494141 28.7374992370605 28.7927093505859 28.8843746185303 28.9458332061768 29.029167175293 29.1197910308838 29.2302093505859 29.3614597320557 29.529167175293 29.6979160308838 29.8989582061768 30.1197910308838 30.3166656494141 30.513542175293 31.046875 31.2104167938232 31.5750007629395 31.9322929382324 32.1791687011719 32.7177085876465 34.2416687011719 34.502082824707 34.435417175293 34.0552101135254 33.8072929382324 33.9302062988281 33.8499984741211 33.3875007629395 32.798957824707 32.8531265258789 33.1218757629395 34.1937484741211 35.0499992370605
25.4656257629395 28.5218753814697 29.2468757629395 29.2281246185303 29.2083339691162 29.1812496185303 29.125 29.060417175293 28.9989585876465 28.8374996185303 28.8062496185303 28.7749996185303 28.7197914123535 28.734375 28.8166656494141 28.9052085876465 28.966667175293 29.0656242370605 29.1510410308838 29.279167175293 29.4093742370605 29.578125 29.765625 29.9583339691162 30.15625 30.3385429382324 30.5166664123535 30.8062496185303 31.1479167938232 31.4489593505859 31.7427082061768 32.0010414123535 33.0979156494141 34.125 34.2718734741211 34.1833343505859 33.7447929382324 33.5239562988281 33.4697914123535 33.2531242370605 33.1239585876465 32.8791656494141 32.8093757629395 33.2614593505859 33.7489585876465 33.9718742370605
