input_data/future_climate/CanESM5_585/_bio10_a.asc
ncols  331
nrows  193
xllcorner  17.833372883333
yllcorner  37.9999896166667
cellsize 0.1666667
NODATA_value  -9999
[rows 105 to 125 of 193, columns 138 to 183 of 331]
23.0697917938232 23.033332824707 23.1625003814697 23.1645832061768 22.8843746185303 22.982292175293 23.080207824707 22.9447917938232 22.8479175567627 22.7843742370605 22.71875 22.796875 22.9375 22.9614582061768 22.8833332061768 22.892707824707 22.861457824707 22.8624992370605 22.826042175293 22.9614582061768 23.0052070617676 22.9989585876465 23.0750007629395 23.0656261444092 23.0635414123535 23.015625 23.0239582061768 23.0197925567627 23.122917175293 23.357292175293 23.5062503814697 23.6104164123535 23.701042175293 23.8656253814697 24.3468742370605 24.4916667938232 24.533332824707 24.763542175293 24.8052082061768 25.8395843505859 26.2250003814697 26.6531257629395 26.5499992370605 26.4937496185303 26.2749996185303 26.1833343505859
23.064582824707 23.1145839691162 23.2562503814697 23.2614574432373 23.2614574432373 23.2562503814697 23.1208343505859 23.0499992370605 22.9927082061768 22.9385414123535 22.8895835876465 23.1197910308838 23.109375 23.029167175293 23.0895824432373 23.017707824707 23.0572910308838 23.0062503814697 23.1156253814697 23.1802082061768 23.1458320617676 23.0510425567627 23.1145820617676 23.2104167938232 23.205207824707 23.0874996185303 23.0625 23.1145839691162 23.189582824707 23.4312496185303 23.7875003814697 23.6885414123535 23.9885425567627 24.3322925567627 24.5041656494141 24.9593753814697 25.3031253814697 25.5864582061768 25.919792175293 26.2666664123535 26.4187507629395 26.3635425567627 26.2729167938232 26.4177093505859 27.0572910308838 26.6499996185303
23.1312503814697 23.2000007629395 23.3270835876465 23.375 23.4270839691162 23.3197917938232 23.21875 23.1947917938232 23.2270832061768 23.185417175293 23.3489570617676 23.408332824707 23.2552089691162 23.111457824707 23.1781253814697 23.2625007629395 23.3500003814697 23.3656253814697 23.1614589691162 23.1322917938232 23.201042175293 23.2906246185303 23.3947906494141 23.4343757629395 23.4145832061768 23.3354167938232 23.4739570617676 23.6010417938232 23.6156253814697 23.7197914123535 23.8968753814697 23.875 24.0093746185303 24.7625007629395 25.1677074432373 25.5979156494141 25.6604175567627 26.2375011444092 26.3895835876465 25.9802093505859 26.1468734741211 26.752082824707 26.8218746185303 26.6875 26.90625 26.5302085876465
23.3312492370605 23.3208332061768 23.2541656494141 23.3624992370605 23.4624996185303 23.4416656494141 23.4364585876465 23.388542175293 23.3427085876465 23.625 23.5343742370605 23.5458335876465 23.5218753814697 23.4770832061768 23.419792175293 23.5302085876465 23.5031242370605 23.3447914123535 23.3114585876465 23.2687492370605 23.2614574432373 23.3854179382324 23.4156246185303 23.4208335876465 23.5041675567627 23.5322914123535 23.5750007629395 23.5145835876465 23.46875 23.9947910308838 24.3250007629395 24.3677082061768 24.6041679382324 25.3854160308838 25.7197914123535 25.8864593505859 26.2583332061768 26.0593757629395 25.6145839691162 25.9572925567627 26.3968753814697 26.6760425567627 26.9489574432373 27.0229167938232 26.7864589691162 26.4500007629395
23.435417175293 23.4229164123535 23.4166660308838 23.642707824707 23.609375 23.5749988555908 23.548957824707 23.622917175293 23.8406257629395 23.8187503814697 23.8718757629395 23.9604167938232 23.9947929382324 23.890625 23.7979164123535 23.5656242370605 23.701042175293 23.5531253814697 23.3343753814697 23.3291664123535 23.3812503814697 23.3843746185303 23.419792175293 23.4281253814697 23.544792175293 23.5375003814697 23.4770832061768 23.2770843505859 23.2145843505859 23.421875 24.1947917938232 24.716667175293 24.9291667938232 24.689582824707 25.1937503814697 25.5208339691162 25.0510406494141 24.9614582061768 25.4885425567627 25.6635417938232 25.5104160308838 25.65625 25.576042175293 25.486457824707 25.4677085876465 25.5281257629395
23.544792175293 23.5364589691162 23.6520824432373 23.7739582061768 23.638542175293 23.720832824707 23.6572914123535 23.783332824707 23.9416656494141 24.0322914123535 24.095832824707 24.0583343505859 24.1812496185303 24.0208339691162 23.8666667938232 23.8666667938232 23.8125 23.5677089691162 23.513542175293 23.5166664123535 23.5760402679443 23.453125 23.5666656494141 23.533332824707 23.5739593505859 23.6760406494141 23.595832824707 23.3843746185303 23.4479160308838 23.798957824707 24.720832824707 25 24.9291667938232 24.8374996185303 24.9947929382324 25.3708324432373 25.59375 25.9604167938232 25.9916667938232 25.9156246185303 25.8510417938232 25.8291664123535 25.7104167938232 25.6447906494141 25.4562511444092 25.4489593505859
23.8062496185303 23.7510414123535 23.841667175293 23.8156242370605 23.7229156494141 23.9718742370605 23.9125003814697 23.9072914123535 24.0947914123535 24.3093757629395 24.2000007629395 24.1510410308838 24.1906242370605 24.2822914123535 24.0562496185303 24.0270843505859 23.8979167938232 23.7854156494141 23.6812496185303 23.7864589691162 23.7041664123535 23.6364574432373 23.529167175293 23.7156257629395 23.8427085876465 23.6958332061768 23.71875 23.7531242370605 23.7604160308838 24.046875 24.5093746185303 24.892707824707 25.0968742370605 25.5375003814697 25.8166656494141 26.0510406494141 26.1145820617676 26.1541652679443 26.1531238555908 26.002082824707 25.8958320617676 25.7239589691162 25.7979164123535 25.6979179382324 25.5145835876465 25.4520835876465
23.9697914123535 23.8895835876465 24.0437507629395 23.9114589691162 23.810417175293 24.013542175293 23.6885414123535 23.90625 24.3604164123535 24.3979167938232 24.3114585876465 24.1937503814697 24.2260417938232 24.3468742370605 24.1885414123535 24.0708332061768 24.0218753814697 24.0437507629395 23.9770832061768 23.8968753814697 23.9020843505859 23.857292175293 23.9697914123535 24.0104160308838 23.9270820617676 23.7281246185303 23.7729167938232 23.8052082061768 23.830207824707 24.0072917938232 24.7562503814697 25.296875 25.7041664123535 25.9875011444092 26.1572914123535 26.3447914123535 26.4166660308838 26.4906253814697 26.3468742370605 26.1958332061768 26.0531253814697 25.8833332061768 25.8312492370605 25.5906257629395 25.4114589691162 25.484375
24.0854167938232 24.2114582061768 24.107292175293 24.0843753814697 24.1354179382324 24.044792175293 24.2156257629395 24.279167175293 24.2875003814697 24.21875 24.3624992370605 24.3052082061768 24.25 24.3374996185303 24.298957824707 24.2604160308838 24.2333335876465 24.2468738555908 24.0874996185303 24.0187492370605 23.9624996185303 24.0031242370605 24.21875 24.1135406494141 24.0406246185303 24.1656246185303 24.1416664123535 24.372917175293 24.185417175293 24.6760425567627 25.1041660308838 25.828125 25.9093742370605 26.1177082061768 26.3229179382324 26.6468753814697 26.8385410308838 26.8135414123535 26.5635414123535 26.4260406494141 26.28125 26.078125 25.8822917938232 25.7177085876465 25.638542175293 25.7218761444092
23.970832824707 24.158332824707 24.2291679382324 24.3052082061768 24.328125 24.3989582061768 24.6885414123535 24.6729164123535 24.4656257629395 24.4249992370605 24.4718761444092 24.4989585876465 24.3937492370605 24.3968734741211 24.3864593505859 24.423957824707 24.4291667938232 24.3604164123535 24.2843761444092 24.1947917938232 24.1364574432373 24.2593746185303 24.3208332061768 24.2614574432373 24.2114582061768 24.3666667938232 24.0791664123535 24.4145832061768 24.5552082061768 24.5885410308838 25.1687507629395 25.970832824707 26.1312503814697 26.310417175293 26.591667175293 26.9208335876465 27.1906242370605 27.1833343505859 26.908332824707 26.6937503814697 26.4812507629395 26.2885417938232 26.1520824432373 26.017707824707 25.9604167938232 26.09375
23.9468746185303 23.9989585876465 24.03125 24.0770835876465 24.1552085876465 24.3447914123535 24.564582824707 24.763542175293 24.6958332061768 24.4989585876465 24.5885410308838 24.6031246185303 24.5864582061768 24.6458339691162 24.6593742370605 24.5583324432373 24.5739593505859 24.5322914123535 24.5104160308838 24.4812507629395 24.4166679382324 24.421875 24.435417175293 24.3427085876465 24.5697917938232 24.1958332061768 24.2958335876465 24.5625 24.6666660308838 25.111457824707 25.5729160308838 25.6843757629395 26.3947906494141 26.5833339691162 26.7593746185303 27.1145839691162 27.4989585876465 27.453125 27.1447925567627 26.9093742370605 26.7374992370605 26.5583324432373 26.3218746185303 26.3291664123535 26.296875 26.236457824707
24.095832824707 24.1531238555908 24.1291675567627 24.0531253814697 24.0406246185303 24.3645839691162 24.6645832061768 24.8802089691162 24.7302093505859 24.6906261444092 24.6552085876465 24.7114582061768 24.7135410308838 24.8354167938232 24.8999996185303 24.8510398864746 24.7927093505859 24.638542175293 24.6374988555908 24.5989570617676 24.4489574432373 24.404167175293 24.4177093505859 24.7374992370605 24.7510414123535 24.497917175293 24.3947925567627 24.7458343505859 24.830207824707 25.4270839691162 25.6416664123535 26.2000007629395 26.5458335876465 26.6312503814697 26.6864585876465 26.904167175293 27.203125 27.3093757629395 27.1177082061768 27.0541667938232 26.8635406494141 26.7229156494141 26.6333332061768 26.5375003814697 26.4385414123535 26.34375
24.064582824707 24.0656242370605 24.0770835876465 24.1031246185303 24.1156253814697 24.2437496185303 24.4427089691162 24.8843765258789 24.7291679382324 24.8031253814697 24.7885417938232 24.7229175567627 24.9156246185303 24.9406242370605 24.9260406494141 24.8708343505859 24.8156242370605 24.796875 24.627082824707 24.4916667938232 24.4760417938232 24.4947910308838 24.685417175293 24.8635406494141 24.8166656494141 24.5197906494141 24.8499984741211 25.1656246185303 25.125 25.5208339691162 26.328125 26.486457824707 26.5656242370605 26.6458339691162 26.7666664123535 26.8583335876465 26.982292175293 27.0520839691162 26.9854164123535 27.048957824707 26.919792175293 26.7614593505859 26.7250003814697 26.6322917938232 26.5833320617676 26.6187496185303
24.1416664123535 24.3666667938232 24.3041667938232 24.3062496185303 24.2385406494141 24.4416675567627 24.6197910308838 24.8125 24.8343753814697 24.921875 24.986457824707 24.997917175293 24.9416656494141 25 24.9447917938232 24.982292175293 24.9302082061768 24.798957824707 24.720832824707 24.701042175293 24.7260417938232 24.8270835876465 24.8583335876465 24.8374996185303 24.9479160308838 24.953125 25.2104167938232 25.484375 25.560417175293 25.8020839691162 25.9729175567627 26.5187492370605 26.5718746185303 26.5729179382324 26.6333332061768 26.6656246185303 26.7145843505859 26.7739582061768 26.8406257629395 26.9437503814697 26.9937496185303 26.923957824707 26.8718757629395 26.8072929382324 26.7906246185303 26.8385429382324
24.5989589691162 24.3833332061768 24.372917175293 24.3708343505859 24.3197917938232 24.470832824707 24.6489582061768 24.8385410308838 24.9437503814697 25.1364574432373 25.0885410308838 25.2083339691162 25.2145843505859 25.125 25.2854175567627 25.3468761444092 25.2250003814697 25.0104160308838 24.9739589691162 25.0385417938232 24.8677082061768 24.9145832061768 24.8083343505859 25.0833339691162 25.296875 25.502082824707 25.6458339691162 25.8062496185303 26.0145835876465 25.970832824707 26.3343753814697 26.5322914123535 26.4437503814697 26.5437507629395 26.6104164123535 26.4968757629395 26.4520835876465 26.5927085876465 26.7281246185303 26.9312496185303 27.0874996185303 27.1343746185303 27.060417175293 27.107292175293 27.1000003814697 27.0531253814697
24.6927089691162 24.515625 24.40625 24.5114593505859 24.5416660308838 24.4541664123535 24.7333335876465 24.8583335876465 24.8708343505859 25.0552082061768 25.359375 25.4229164123535 25.3479156494141 25.4104156494141 25.513542175293 25.4656238555908 25.3687496185303 25.3833332061768 25.3947906494141 25.2937507629395 25.1531257629395 25.279167175293 25.3208332061768 25.4437503814697 25.6281242370605 25.794792175293 26.0572910308838 26.1343746185303 26.2979164123535 26.6885414123535 26.7072925567627 26.701042175293 26.5968742370605 26.5729160308838 26.5197925567627 26.3687496185303 26.2406234741211 26.5750007629395 26.8500003814697 27.078125 27.25 27.283332824707 27.2781257629395 27.2124996185303 27.169792175293 27.296875
24.654167175293 24.6000003814697 24.5072917938232 24.611457824707 24.5885410308838 24.4729175567627 24.6645832061768 24.798957824707 24.9489574432373 25.2999992370605 25.7000007629395 25.6260414123535 25.5531253814697 25.7239589691162 25.689582824707 25.6843757629395 25.642707824707 25.5406246185303 25.4604167938232 25.3760414123535 25.357292175293 25.419792175293 25.6708335876465 25.7708320617676 25.783332824707 25.857292175293 26.1208343505859 26.3510417938232 26.6875 26.7822914123535 26.7645835876465 26.8374996185303 26.685417175293 26.6364574432373 26.6020832061768 26.46875 26.392707824707 26.609375 26.9718742370605 27.2927093505859 27.6166667938232 27.6624984741211 27.6416664123535 27.5239582061768 27.423957824707 27.4520835876465
24.8322906494141 24.7145824432373 24.7927074432373 24.8833332061768 24.533332824707 24.611457824707 24.8468742370605 24.9937496185303 25.1281242370605 25.4052085876465 25.8156242370605 25.7291679382324 25.8666667938232 26.0260410308838 26.0593757629395 25.9750003814697 25.919792175293 25.830207824707 25.763542175293 25.701042175293 25.7729167938232 25.8270835876465 25.9416675567627 25.984375 26.060417175293 26.2510414123535 26.0770835876465 26.6489582061768 26.8447914123535 26.9052085876465 26.9114589691162 26.826042175293 26.7770824432373 26.7854156494141 26.7906265258789 26.7447929382324 26.8354167938232 26.935417175293 27.1843757629395 27.5822906494141 27.8020839691162 27.9427089691162 27.9156246185303 27.7604160308838 27.7291660308838 27.7145843505859
24.7927074432373 24.705207824707 24.627082824707 24.7614593505859 24.6312503814697 24.6781253814697 24.7979164123535 24.9125003814697 25.2135410308838 25.4833335876465 25.6218757629395 25.8708324432373 26.2333335876465 26.2697906494141 26.3583335876465 26.2333335876465 26.2708339691162 26.25 26.0218753814697 26.0354175567627 26.03125 26.1364574432373 26.046875 26.0218753814697 26.3635406494141 26.453125 26.65625 27.1322917938232 27.0416660308838 27.1020832061768 27.1156253814697 27.1260414123535 27.1302089691162 27.0197925567627 27.0562496185303 27.111457824707 27.1749992370605 27.3093757629395 27.3624992370605 27.6364593505859 27.8687496185303 28.0072917938232 28.046875 28.0249996185303 27.9604167938232 27.9572925567627
24.6989593505859 24.6510429382324 24.578125 24.5364589691162 24.5437507629395 24.6520843505859 24.6343746185303 24.8197917938232 25.0979175567627 25.3239593505859 25.6062507629395 25.9729156494141 26.1291656494141 26.3541660308838 26.6010417938232 26.1833343505859 26.234375 26.6374988555908 26.4385414123535 26.3958320617676 26.3427085876465 26.2697925567627 26.2781238555908 26.326042175293 26.4572906494141 26.4052085876465 27.0656261444092 27.15625 27.1885414123535 27.1822929382324 27.3072929382324 27.3374996185303 27.3802089691162 27.3541660308838 27.3489589691162 27.4364585876465 27.5666656494141 27.5625 27.5635414123535 27.7541675567627 27.859375 28.0427074432373 28.1812496185303 28.203125 28.1760406494141 28.1197929382324
24.796875 24.7041664123535 24.6947917938232 24.59375 24.5343761444092 24.6166667938232 24.8031253814697 24.9635410308838 25.2864570617676 25.4833335876465 25.8041667938232 26.03125 26.091667175293 26.046875 26.2374992370605 26.4031257629395 26.3031253814697 26.576042175293 26.7229156494141 26.5385417938232 26.4270839691162 26.4145832061768 26.216667175293 26.3385410308838 26.439582824707 26.8229160308838 27.1812496185303 27.2333335876465 27.2541675567627 27.3458347320557 27.4802093505859 27.5343742370605 27.6468734741211 27.6593742370605 27.7239589691162 27.6375007629395 27.8895835876465 27.890625 27.8354167938232 27.923957824707 28.127082824707 28.2718753814697 28.345832824707 28.390625 28.3208332061768 28.2697925567627
