input_data/future_climate/CanESM5_585/_bio10_a.asc
ncols  331
nrows  193
xllcorner  17.833372883333
yllcorner  37.9999896166667
cellsize 0.1666667
NODATA_value  -9999
[rows 21 to 41 of 193, columns 92 to 137 of 331]
17.597620010376 17.5870361328125 17.3666667938232 -9999 -9999 -9999 17.5444450378418 17.4791660308838 17.3320503234863 17.2907409667969 17.1433334350586 16.9249992370605 16.6916675567627 16.4489593505859 16.328125 16.21875 16.1458339691162 16.0895843505859 16.1593742370605 16.1822910308838 16.1749992370605 16.1010417938232 16.1000003814697 16.0281257629395 15.9166669845581 15.875 15.7864589691162 15.5270833969116 15.388542175293 15.4020833969116 15.3239583969116 15.205207824707 15.0739583969116 14.8989582061768 14.8489580154419 14.701042175293 14.5812501907349 14.5135412216187 14.5322914123535 14.5260419845581 14.5270824432373 14.6218748092651 14.5979166030884 14.6791667938232 14.7104167938232 14.6616668701172
17.8635425567627 17.841667175293 17.7900009155273 17.46875 17.466667175293 -9999 -9999 -9999 -9999 -9999 -9999 -9999 16.7041664123535 16.5696964263916 16.3777770996094 16.1455554962158 15.9458332061768 15.8968753814697 15.9624996185303 16.048957824707 16.095832824707 16.138542175293 16.09375 15.9208335876465 15.794792175293 15.7354173660278 15.6177082061768 15.5906248092651 15.5479164123535 15.3583335876465 15.314582824707 15.2822914123535 15.1593751907349 14.9249992370605 14.7624998092651 14.6968746185303 14.6166667938232 14.4656257629395 14.3958330154419 14.5135412216187 14.7177085876465 14.8322916030884 14.8411111831665 14.8013887405396 14.6291666030884 -9999
17.9031257629395 17.8687496185303 17.8364582061768 17.7145843505859 17.7488098144531 17.752082824707 17.6333332061768 -9999 -9999 -9999 -9999 -9999 -9999 -9999 -9999 -9999 -9999 15.9166669845581 15.9208335876465 16.1666660308838 16.1083335876465 16.2458324432373 16.1916656494141 16.0883331298828 15.8722219467163 15.7416667938232 15.6770830154419 15.6052083969116 15.560417175293 15.4968748092651 15.4697914123535 15.3864583969116 15.3322916030884 15.2749996185303 15.0270833969116 14.9635419845581 14.703125 14.529167175293 14.4802083969116 14.6205129623413 14.7924242019653 14.8119049072266 -9999 -9999 -9999 -9999
17.841667175293 17.845832824707 17.7781257629395 17.7645835876465 17.7437496185303 17.6656246185303 17.6083335876465 17.5307693481445 17.4916667938232 -9999 -9999 -9999 -9999 -9999 -9999 -9999 -9999 -9999 -9999 -9999 -9999 -9999 -9999 -9999 -9999 15.9833335876465 15.8633327484131 15.7958335876465 15.6458330154419 15.7075757980347 15.4805555343628 15.4444446563721 15.4916658401489 15.4439392089844 15.1791667938232 15.1020832061768 14.8833332061768 14.7083339691162 -9999 -9999 -9999 -9999 -9999 -9999 -9999 -9999
17.921875 17.9125003814697 17.8406257629395 17.7614593505859 17.7072906494141 17.65625 17.5989589691162 17.5989570617676 17.5729160308838 17.495454788208 17.1833343505859 -9999 -9999 -9999 -9999 -9999 -9999 -9999 -9999 -9999 -9999 -9999 -9999 -9999 -9999 -9999 -9999 -9999 -9999 -9999 -9999 -9999 -9999 -9999 -9999 -9999 -9999 -9999 -9999 -9999 -9999 -9999 -9999 -9999 15.7425918579102 15.7729167938232
18.0145835876465 17.984375 17.9020843505859 17.8604164123535 17.7958335876465 17.7416667938232 17.7114582061768 17.6760406494141 17.595832824707 17.4031257629395 17.1266670227051 16.7541656494141 -9999 -9999 -9999 -9999 -9999 -9999 -9999 -9999 -9999 -9999 -9999 -9999 -9999 -9999 -9999 -9999 -9999 -9999 -9999 -9999 -9999 -9999 -9999 -9999 -9999 -9999 -9999 -9999 -9999 16.1000003814697 16.1041679382324 16.0583324432373 16.127082824707 16.169792175293
18.122917175293 18.1010417938232 18.0364589691162 17.9645824432373 17.9343757629395 17.8677082061768 17.78125 17.7333335876465 17.6354160308838 17.3875007629395 16.6499996185303 -9999 -9999 -9999 -9999 -9999 -9999 -9999 -9999 -9999 -9999 -9999 -9999 -9999 -9999 -9999 -9999 -9999 -9999 -9999 -9999 -9999 -9999 -9999 -9999 -9999 -9999 -9999 -9999 16.6861114501953 16.6633338928223 16.6177082061768 16.640625 16.5677089691162 16.4437503814697 16.4364585876465
18.111457824707 18.0750007629395 18.0614585876465 18.0885410308838 18.0364589691162 17.919792175293 17.8020839691162 17.6333332061768 17.5366668701172 17.3500003814697 -9999 -9999 -9999 -9999 -9999 -9999 -9999 -9999 -9999 -9999 -9999 -9999 -9999 -9999 -9999 -9999 -9999 -9999 -9999 -9999 -9999 -9999 -9999 -9999 -9999 -9999 -9999 -9999 -9999 17.1243591308594 17.0260410308838 17.064582824707 16.9968757629395 16.7749996185303 16.673957824707 16.7614574432373
18.1062507629395 18.1052093505859 18.033332824707 18.0750007629395 18.0510425567627 17.9562492370605 17.9072914123535 17.642707824707 17.3870372772217 17.0333347320557 -9999 -9999 -9999 -9999 -9999 16.716667175293 16.1499996185303 16.25 -9999 -9999 -9999 15.8333330154419 -9999 -9999 -9999 -9999 -9999 -9999 -9999 -9999 -9999 -9999 -9999 -9999 -9999 -9999 -9999 -9999 -9999 17.404167175293 17.5320510864258 17.5687503814697 17.3999996185303 17.3062496185303 17.1750011444092 17.1749992370605
18.1000003814697 18.0864582061768 18.060417175293 18.0427074432373 18.0437507629395 18.033332824707 17.9802093505859 17.84375 17.5635414123535 17.2055549621582 -9999 16.2666664123535 -9999 -9999 16.8142852783203 16.7552089691162 16.4318180084229 16.3250007629395 16.161111831665 -9999 -9999 16.4722213745117 16.529167175293 16.5687503814697 16.6388893127441 16.6484851837158 16.7388877868652 16.8500003814697 -9999 -9999 -9999 -9999 -9999 -9999 -9999 -9999 -9999 -9999 -9999 -9999 -9999 17.8425922393799 17.9114589691162 17.794792175293 17.5499992370605 17.3354167938232
18.1041660308838 18.1489582061768 18.1937503814697 18.1489582061768 18.0864582061768 18.0927085876465 17.9937496185303 17.908332824707 17.8197917938232 17.5614585876465 17.0089740753174 16.5285720825195 16.466667175293 -9999 16.0666675567627 16.6333332061768 16.7666664123535 -9999 -9999 14.8433332443237 16.7983322143555 16.778205871582 16.7458343505859 16.779167175293 16.798957824707 16.872917175293 16.8864593505859 17.0486106872559 17.2999992370605 17.5791664123535 17.6208324432373 17.533332824707 -9999 -9999 -9999 -9999 -9999 -9999 -9999 -9999 -9999 -9999 18.3069438934326 18.1178569793701 18.0083332061768 17.921875
18.3156242370605 18.3125 18.2687492370605 18.1156253814697 17.9635410308838 17.9229164123535 17.9583339691162 18.0406246185303 17.9562492370605 17.8343753814697 17.4948711395264 16.7690467834473 -9999 -9999 16.8222217559814 -9999 -9999 -9999 -9999 -9999 16.9439392089844 16.7760410308838 16.6958332061768 16.921875 17.0114593505859 17 17.111457824707 17.3333320617676 17.5979175567627 17.7933330535889 17.8166656494141 17.9099998474121 17.875 17.8611106872559 17.9604167938232 18.1722221374512 -9999 -9999 -9999 18.4500007629395 18.5541667938232 18.5984840393066 18.6111106872559 18.6222229003906 18.5083332061768 18.3020839691162
18.4156246185303 18.267707824707 18.1989593505859 18.080207824707 18.013542175293 17.9583320617676 17.9562492370605 18.0062503814697 18.060417175293 18.029167175293 17.8236122131348 16.9166660308838 -9999 -9999 16.9500007629395 17.1833343505859 -9999 -9999 -9999 -9999 -9999 16.9388885498047 16.9500007629395 16.8916664123535 17.1135425567627 17.2427082061768 17.377082824707 17.7885417938232 18.0770835876465 18.2000007629395 18.078125 17.8520832061768 17.8697910308838 17.9427089691162 17.8979167938232 18.0500011444092 18.3333339691162 18.6787872314453 18.7145824432373 18.721212387085 18.843334197998 18.732292175293 18.7281246185303 18.7802085876465 18.921875 18.6552085876465
18.4291667938232 18.3541660308838 18.2979164123535 18.201042175293 18.122917175293 18.0968742370605 17.9947910308838 18.1333332061768 18.2229175567627 18.1906242370605 18.0656242370605 17.8183326721191 17.5814819335938 9.16111087799072 17.6766662597656 17.5599994659424 17.454761505127 17.3166675567627 -9999 16.6166667938232 -9999 -9999 17.25 17.2925930023193 17.4400005340576 17.5933322906494 17.9500007629395 18.0897445678711 18.1760406494141 18.2354164123535 17.9656257629395 17.8979167938232 17.9385414123535 18.0281257629395 18.0583343505859 18.015625 18.2000007629395 18.3697910308838 18.6958332061768 18.798957824707 18.890625 18.8156242370605 18.7895832061768 18.7302093505859 18.765625 18.8052082061768
18.6031246185303 18.4770832061768 18.5145835876465 18.517707824707 18.4416675567627 18.3718757629395 18.404167175293 18.3781242370605 18.2447910308838 18.1437492370605 18.1447906494141 18.140625 18.0593757629395 17.9466667175293 17.7749996185303 17.720832824707 17.7607154846191 17.75 17.0499992370605 16.8033332824707 17.1800003051758 17.033332824707 -9999 -9999 -9999 -9999 -9999 -9999 17.7803039550781 18.3031253814697 18.1281242370605 18.1437492370605 18.1666660308838 18.2177085876465 18.0927085876465 18.0114593505859 18.0166664123535 18.201042175293 18.455207824707 18.5968742370605 18.65625 18.7124996185303 18.6499996185303 18.6812496185303 18.7468757629395 18.752082824707
18.622917175293 18.6281242370605 18.5249996185303 18.578125 18.59375 18.5739593505859 18.6395835876465 18.4135417938232 18.0572929382324 17.8656253814697 17.8135414123535 17.9145832061768 17.9739589691162 17.9385414123535 17.9166660308838 17.8875007629395 17.9760417938232 17.923957824707 17.9183330535889 -9999 17.283332824707 17.7277774810791 -9999 17.466667175293 17.4833335876465 -9999 -9999 -9999 18.4388885498047 18.5214290618896 18.3531246185303 18.3989582061768 18.2312507629395 18.1479167938232 18.044792175293 18.048957824707 18.0437507629395 18.0562496185303 18.1604156494141 18.4437503814697 18.560417175293 18.6395835876465 18.734375 18.4770832061768 18.451042175293 18.6322917938232
18.8500003814697 18.8479156494141 18.8468742370605 18.8156242370605 18.7541656494141 18.7708339691162 18.7229156494141 18.6604175567627 18.3958339691162 18.002082824707 17.859375 18.002082824707 17.9916667938232 17.8760414123535 17.90625 17.8989582061768 17.9874992370605 18.0885429382324 17.9968757629395 18.1864585876465 18.0974369049072 18.2312507629395 18.377082824707 18.3708324432373 18.4833335876465 -9999 18.625 18.8895835876465 19.0983333587646 19.1572914123535 18.8687496185303 18.7385425567627 18.5843753814697 18.3062496185303 18.1552085876465 18.2083339691162 18.294792175293 18.375 18.4489574432373 18.6166667938232 18.7906246185303 18.8052082061768 18.7916660308838 18.8687496185303 18.640625 18.689582824707
18.9250011444092 18.9156246185303 18.8072910308838 18.7729167938232 18.8177089691162 18.814582824707 18.8822917938232 18.8218746185303 18.6437492370605 18.4572925567627 18.0927085876465 17.9177093505859 18.0354175567627 17.9875011444092 17.8208332061768 17.7156257629395 17.7760410308838 17.736457824707 17.7218742370605 17.7145843505859 17.7583332061768 17.9520835876465 18.2312507629395 18.2562503814697 18.2749996185303 18.3999996185303 18.6770839691162 18.8406257629395 19.0166664123535 19.091667175293 19.0499992370605 18.9906253814697 19.0552082061768 18.8718757629395 18.7458324432373 18.7489585876465 18.779167175293 18.6937503814697 18.6906242370605 18.7020835876465 18.6875 18.7156257629395 18.7489585876465 18.8083343505859 18.8020839691162 18.732292175293
18.7291660308838 18.765625 18.7718753814697 18.8343753814697 18.9114589691162 18.8864593505859 18.9145832061768 18.8635425567627 18.765625 18.7156257629395 18.5656261444092 18.3968753814697 18.2177085876465 18.0166664123535 17.875 17.7697925567627 17.6843757629395 17.7749996185303 17.5614585876465 17.2562503814697 17.3218746185303 17.4958324432373 17.7385406494141 17.9604167938232 18.0968742370605 18.2645835876465 18.4947910308838 18.736457824707 18.8791656494141 18.951042175293 18.9895839691162 19.169792175293 19.0208339691162 19.0281257629395 19.017707824707 18.859375 18.7593746185303 18.5593757629395 18.4489593505859 18.3979167938232 18.3343753814697 18.4406242370605 18.513542175293 18.6666660308838 18.8041667938232 18.7666664123535
18.9833335876465 18.7458343505859 18.6572914123535 18.8093757629395 18.7729167938232 18.841667175293 18.828125 18.7437496185303 18.8093757629395 18.8083324432373 18.7510414123535 18.720832824707 18.529167175293 18.361457824707 18.0687503814697 17.8624992370605 17.7895832061768 17.7437496185303 17.6468753814697 17.5885410308838 17.466667175293 17.2729167938232 17.2718753814697 17.314582824707 17.5770835876465 17.8875007629395 18.2000007629395 18.4020843505859 18.6812496185303 18.8135414123535 19.0437507629395 19.0010414123535 18.997917175293 19.046875 18.9135417938232 18.8864574432373 18.6781253814697 18.3875007629395 18.2937507629395 18.2916660308838 18.2999992370605 18.3385429382324 18.3968753814697 18.4927082061768 18.6749992370605 18.7895832061768
18.8677082061768 18.8177089691162 18.6802082061768 18.6510410308838 18.6333332061768 18.6916656494141 18.747917175293 18.59375 18.611457824707 18.611457824707 18.7177085876465 18.4104175567627 18.1645832061768 18.1843757629395 18.0833339691162 18.0364589691162 17.9729156494141 17.7781257629395 17.75 17.7260417938232 17.6281242370605 17.5583343505859 17.622917175293 17.7395839691162 17.8427085876465 17.9031238555908 17.9760417938232 18.1499996185303 18.3791675567627 18.5427093505859 18.6479167938232 18.6322917938232 18.6968746185303 18.8718757629395 18.9281253814697 18.8864574432373 18.7312507629395 18.377082824707 18.2770824432373 18.2729167938232 18.2822914123535 18.3645839691162 18.3208332061768 18.3166675567627 18.482292175293 18.732292175293
