input_data/future_climate/CanESM5_585/_bio19_a.asc
ncols  331
nrows  193
xllcorner  17.833372883333
yllcorner  37.9999896166667
cellsize 0.1666667
NODATA_value  -9999
[rows 150 to 179 of 193, columns 136 to 203 of 331]
184.625 164.3125 145.5 131.3125 118.1875 110.125 106.8125 103.125 95.375 99.1875 94.8125 88.625 87 84.6875 77 77.625 78.25 77.8125 77.9375 77.6875 76.1875 76.0625 75.125 73.625 71.25 68.4375 66.75 64.3125 60.25 57.25 54.625 53.5 50.8125 49.1875 48.8125 47.75 46.375 45 45 44.6875 43.6875 41.8125 42.875 43.875 43.8125 43 42.625 42.25 40 39.25 38.25 37.1875 34.375 33.75 31.3125 30 29.3125 27.875 27.25 26.8125 26.75 26.4375 26.4375 26.875 27 27 28.5625 28.5
196.625 171.1875 147.5625 131.1875 120 109.3125 104.5625 101.375 94.8125 90.3125 88.25 84.875 82.25 81.1875 72.875 74.1875 75.75 76.75 77.375 77.875 79.5625 80.3125 78.375 76.375 74.875 72 69.25 66.4375 63.5 58.875 56.5 54.0625 51.75 50.125 49.1875 48.625 47.125 46.8125 46.375 45.875 44.625 43.375 43.125 43.9375 43.375 42.4375 42 41.8125 40.75 39.8125 38.25 37.8125 35.4375 34.125 31.75 29.9375 28.9375 27.4375 26.75 26 26 26 26 26.5 26.875 27 27 27.125
210.625 180.5 151.75 131.1875 118.6875 110 104.25 101.25 95.5625 87.5625 89.3125 88.875 84.5625 79.9375 72.875 75.25 75.9375 77.75 78.625 80.4375 82.4375 84.375 81.75 78 76.5625 75.5 71.9375 68.5 65.25 61.6875 57.375 55.0625 52.9375 51.25 50.375 49.75 49.1875 48.9375 48.0625 47.3125 46.875 45.375 44 43.0625 43 43.25 42.9375 42.375 41.125 40.875 39.625 38.25 36.625 34.8125 32.9375 30.375 29 27.125 26 26 26 26 26 26 26.5625 27.125 27 27.1875
227.5 192.875 157.25 133.5 118.4375 107.625 95.75 92.6875 94.3125 88.125 86.375 85.625 84.25 78.8125 78.125 76.9375 76.8125 77.4375 78 79.625 82.5625 83.875 81.5 80.1875 79.0625 78.6875 74.6875 70.5625 67.125 63.5625 59.25 56.0625 54.9375 54.125 52.9375 51.5 51.0625 50.625 49.375 48.9375 48.1875 46.8125 45.875 45.5 46.3125 45.875 45 44.1875 43 41.6875 41 39.0625 38.375 35.25 33.9375 31.25 29.4375 27.1875 26.375 26.0625 26 26.3125 26.3125 26.3125 26.625 27.3125 27.375 27.875
248.625 211.3125 171.8125 142.0625 118 105.75 94.5625 90.9375 91.875 84.1875 78.75 84.8125 87.0625 84.1875 78.9375 75.0625 77.0625 78.8125 79.25 81.875 82.5 82.375 82.0625 81.4375 81.125 80.5 77.3125 72.375 68.9375 65.875 62.25 58.4375 57 56.25 55.75 54.3125 53.125 52.8125 52.1875 51.3125 50.375 49.25 49.125 48.25 48.125 46.9375 46.4375 45.0625 44 43.25 42.125 40.3125 38.3125 36.875 35 33.4375 30.625 28.5625 27.375 27.5625 27.6875 27.5 27.625 27.9375 27.75 28.125 27.875 27.125
273.3125 230.8125 191.875 153.9375 124 108.5625 98.125 86.0625 87.25 90.125 81.8125 84.4375 89.4375 91.9375 87 79.8125 76.75 79.5 80.6875 81.875 81.9375 81.6875 82.5625 82.875 82.3125 81.75 79.25 75.5625 70.9375 67.875 65.25 62.375 61.0625 61.375 61.0625 59.5625 57.8125 57.3125 56 54.875 53.625 52.8125 52.1875 52.625 51.5 49.9375 48.375 46.9375 45.5 44.4375 43.3125 42.25 40.3125 38.25 36.4375 36.5 34.8125 32.3125 31 28.0625 27.75 28 28.5 28.25 28.5625 28.5625 28.3125 27.75
293.25 250.1875 207.625 169.625 132.25 107 87.5 81.875 84.5625 81.75 76.5 79.0625 77.6875 80.625 80.875 79.8125 79.375 80.25 81.125 81.8125 82.3125 83 83.25 83.1875 83.0625 82.875 81 77.625 74.625 71.0625 68.5625 67.5 66.3125 66.25 66.125 64.875 63.75 62.375 61.4375 60.3125 58.625 56.75 55.875 55.25 54 51.8125 50.9375 49.125 48.0625 45.6875 44.625 43.875 42.3125 39.9375 38.75 37.625 36.0625 34.1875 32.5625 31.0625 30.3125 30 28.75 29 29 28.875 28.6875 28.9375
303.9375 273.125 233.5 188.75 151.6875 122.625 92.875 89.5625 93.3125 93.8125 85.9375 78.0625 74.8125 73.625 73.0625 80.625 83.4375 82.5 82.8125 83.625 84.1875 84.9375 86.1875 86.375 85.75 84.4375 83.1875 81.125 78.0625 75.125 73.1875 72.3125 72.5 72.5 72.3125 72.25 70.25 68.375 67.3125 65.375 64.125 62.25 60.3125 59.125 55.9375 53.3125 52.0625 50.8125 49.5625 48.3125 46.4375 45.125 43.5 41.6875 39.9375 38.8125 37.5625 35.9375 34.6875 33.6875 32.5625 31.4375 28.1875 29 29 28.875 29.9375 29.4375
329.3125 309.5 282.0625 254.625 213.625 162.9375 132.5625 123.5 116.4375 125.8125 125.1875 106.125 83.8125 82.0625 88 90.1875 90.1875 87.625 86.1875 87.375 88.875 90.0625 90.5 90.3125 89.625 88.5625 86.625 84.375 81.9375 79.8125 78.4375 77.625 78.1875 78.75 79.5 79.4375 78.375 76.4375 74.5625 72.25 70.625 68.9375 66.0625 60.875 59.3125 56.75 54.625 53.1875 51.9375 50.4375 48.375 46.6875 45.4375 42.875 41.6875 40.125 39.1875 36.9375 36 35.4375 34 32.625 31.5 29.4375 29.8125 29.9375 29.6875 29.4375
358 340.1875 321.125 317.5625 293.375 275.3125 258.375 229.875 193.8125 168.8125 156.875 146.25 120.8125 129.75 114.5 111.75 108.625 100.375 90.1875 91.875 95.0625 94.9375 92.4375 91.9375 91.0625 89.0625 87.875 85.375 83.8125 83 82.125 82.5625 84.4375 85.9375 87.125 86.5625 85.5625 83.8125 81.625 78.6875 76.125 74.5 71 65.125 62.9375 60.875 58.0625 55.8125 54.3125 52.9375 51.375 49.5 47.625 45.8125 42.8125 41.6875 40.125 39.1875 37.875 36.3125 35.875 34.5625 32.8125 30.875 30.5 30.625 30.875 30.375
415.9375 387.1875 362.625 347.875 335.375 327.9375 313.6875 290.0625 255.875 249.125 216.5625 227.625 203.0625 191.875 159.375 152.8125 150.625 131.3125 111.75 101.625 100.75 101.375 99 95.5 93.625 92.375 90.125 88.125 85.3125 83.5 82.5 84 87.375 94.125 95.6875 95 93.125 89.8125 86.875 84.6875 82.875 79.5625 76.375 68.5 66.9375 64.4375 62.0625 59.3125 56.9375 55.375 53.75 51.6875 49.5625 46.6875 44.8125 42.9375 41.8125 40.375 39.6875 38.5 36.9375 36 34.9375 32.75 31.125 31 31 29.8125
470.0625 440.0625 415.1875 388.9375 379.125 372.25 354.3125 350.875 328.6875 299.75 279.875 254.25 233.6875 218.625 227.6875 208.1875 206.625 183.625 148.6875 131.0625 118.75 112.9375 110.0625 106.5 102.1875 98.125 93.8125 91.75 90.125 88.375 85.0625 85.5 90.0625 92.5625 89.625 90.875 92.9375 91.125 89.4375 88.1875 87.125 85.6875 81.875 72 69.5625 67.5 65.9375 62.875 60.4375 58 55.9375 53.875 51.8125 49.625 46.8125 44.9375 43.4375 41.8125 40.75 39.5 38.625 37.0625 35.625 34.6875 32.5625 31.875 31.25 31.3125
527.714294433594 506.25 478.266662597656 454.875 428.0625 415.8125 410.4375 399 383.625 354.5 322.9375 299.1875 279 265.3125 249.375 242.75 234.0625 229.0625 221 185.75 152.9375 130.5625 121.3125 114.8125 109.5625 105.3125 101.9375 95.625 90.6875 87.75 84 80.875 77.0625 68.375 66.125 65.9375 63.3125 68.0625 74.8125 79.5 88.5625 90.1875 79.125 75.4375 73 71.1875 68.75 66.8125 64.0625 60.4375 57.9375 56.125 53.875 51.75 49.5 46.625 45 43.8125 42.5625 41.1875 40.0625 38.75 38.1875 35.5625 35.375 32.75 31.5625 31.8125
-9999 -9999 505 493.909088134766 472.1875 452 446.1875 450.4375 425.875 404.625 372.9375 336.5625 314.9375 303.125 298.25 282.75 273.125 249.375 240.75 235.375 227.125 189 173.3125 158.25 138.0625 135.8125 125.25 122.6875 117.0625 98.875 78.9375 72 66.625 60.4375 58 56.0625 58.6875 55.8125 63.9375 73.4375 76.5 77.875 89.5625 78.625 75.875 73.875 71.5 69.75 67.375 63.6875 60.625 58.25 55.75 54.0625 51.25 48.375 46.6875 45.125 44.0625 43 41.75 41.125 39.1875 38.0625 36.5 35.5625 34.625 31.8125
-9999 -9999 -9999 501 479.666687011719 448.363647460938 442.0625 474.5 487.6875 481.6875 420.75 389.5 366.625 365.875 340.1875 325.5625 313.125 298.5625 280.125 252.5625 244.4375 234.875 229.5 217.75 200.5 188 169.5 168.75 141.375 114.0625 89.5 83.4375 74.625 76.1875 64.5625 62.75 55.5625 58.625 55.375 59.875 66.8125 72.875 84.3125 81.5625 78.25 76.75 74.875 72.9375 70.3125 66.875 63.5 60.4375 57.9375 55.6875 53.375 51 48.6875 47.3125 45.6875 44.25 43.125 42 41.25 39.1875 38.375 36.9375 35.4375 35.1875
-9999 -9999 -9999 -9999 -9999 452 464.375 475.6875 511.3125 531.6875 521 473.4375 428.9375 455.375 423.5625 378.75 350.75 326.9375 306.5625 277.0625 261.375 255.8125 252.5 252.375 243.9375 232 203.6875 191.8125 169.75 149.8125 136.8125 108.1875 99 73.4375 67.3125 66.25 64.75 62.4375 58.1875 57.3125 56.5625 58.625 71.8125 87 82.5625 80.75 79 76 73 69.3125 65.6875 62.375 60.125 57.8125 55.6875 53 50.6875 49.0625 47.1875 46.0625 44.75 43.5 42.0625 40.875 39.0625 38.125 36.8125 35.9375
-9999 -9999 -9999 -9999 -9999 -9999 501.083343505859 505.5 528.8125 536.3125 543.3125 537.0625 532.75 534 477.9375 385.625 371.0625 345.1875 322.0625 297.5 263.75 255.5 258.4375 248.0625 225.25 202.8125 181.25 185.875 177.0625 156.5 129.5625 124 101.375 88.5625 99.625 78.75 61.9375 64.875 58.25 58.9375 58.0625 57.0625 61.5 80.875 92.6875 83.625 82.625 79.875 76.5625 72.1875 69.125 65.25 62.5625 59.875 57.4375 55.0625 53.25 50.6875 49.125 47.3125 46 44.9375 43.3125 42.0625 40.75 39.3125 38.5 36.6875
-9999 -9999 -9999 -9999 -9999 -9999 533.200012207031 535.8125 553.9375 567 555 543.6875 539.3125 545.1875 524.125 457.3125 396.5 357.5625 339.8125 289.0625 234.0625 203.5 206.5625 191.875 187.3125 164.875 160.25 153.3125 134.1875 136.8125 138.3125 119.3125 100.5625 109.4375 98.125 83.1875 87.375 73.25 64.4375 62.5 60.1875 59.25 57.8125 72 91.625 100.125 85.4375 83.5625 79.375 75.5 71.6875 67.875 64.5625 62.1875 59.3125 57.0625 54.6875 52.75 50.1875 49.25 47.5625 46.375 45.25 43.8125 42.3125 40.9375 39.5625 38.8125
-9999 -9999 -9999 -9999 -9999 -9999 551 585.642822265625 617.3125 617.875 595.25 564 540.9375 506.5 464.1875 429.375 366.9375 344.5 305.5625 224.6875 181.1875 150.125 142.8125 138.8125 132.5 117.6875 132.75 120.5625 115.5625 111.8125 108 107.5 106.8125 94.8125 91.4375 85.3125 92.375 84.625 78.25 69.9375 66.625 61.625 57.375 61.5 82 93 88 86.6875 81.9375 77.875 73.5 69.5625 66.75 63.875 61.375 59.375 57.375 55.125 52 50.625 49.375 48.25 47.125 45.375 44.0625 43 40.125 38.4375
-9999 -9999 -9999 -9999 -9999 -9999 -9999 681 684.625 644 547.625 469 372.6875 311.125 276.375 262.625 266.875 270.4375 249 223.5625 190.4375 152.75 123.375 109.5 101.5 103.0625 116.5625 117.6875 111.375 108.0625 108.875 113.625 109.6875 102.9375 97 92.3125 85.375 90.3125 121.5 117.375 74.6875 66.625 61.875 59.8125 60.625 80.5 98.0625 88.8125 83.3125 79 75.75 72.375 68.875 65.875 63.0625 61.4375 58.6875 56.8125 54.625 52.4375 50.875 49.8125 48.625 47.375 46.125 43.8125 42.75 41.5
-9999 -9999 -9999 -9999 -9999 -9999 -9999 732.5 608.1875 481 430.625 392.25 316.25 252.5625 200.0625 176 190.625 210.0625 214 201.0625 189 161.875 138.8125 129.75 110.5 92.625 94 98.625 103.125 103.125 97.625 106.75 118.25 120.25 120.375 108.6875 91.25 81.6875 79.75 76.1875 74.125 110.625 64.5 61.8125 58.0625 75.75 91.625 95.4375 93.125 80.625 77 74.3125 71.1875 67.9375 65.5 63.375 60.5625 59.0625 56.625 54.375 53.125 52 50.0625 49 47.625 46.1875 44.5625 42.75
-9999 -9999 -9999 -9999 -9999 -9999 565.833374023438 617.625 512.875 448.3125 413.5 317.9375 290.5 179.9375 156.3125 126.125 134.4375 169.9375 178.125 210.4375 146.625 115.625 113.75 103.8125 93.375 85.6875 80.5 83.5625 89.3125 88.0625 94.3125 97.5 101.5 112.9375 115.6875 118.125 122.75 105.8125 80.0625 76.4375 73.25 68.6875 66.8125 61.6875 58.5625 68.9375 83.6875 93.625 93.625 88.125 77.5 74.6875 73.0625 70.4375 67.625 65.125 63 60.1875 58.875 57 55.0625 54 52.375 50.875 49.8125 47.25 46.125 44.5625
-9999 -9999 -9999 -9999 515 591.099975585938 512.3125 466.5625 362.3125 314.4375 292.6875 259.4375 252.375 200.6875 205.8125 202.5625 118 102.875 152.5 173.9375 177.0625 97.9375 86.4375 82.4375 78.8125 76.25 76.1875 77 78 77.625 83.6875 91.125 94.875 95.75 102.375 107.1875 110.4375 112.0625 101.875 81.8125 114.875 73.625 64.1875 61.4375 64.0625 66.75 70.3125 90.0625 99.9375 90.875 84.8125 76.3125 74.3125 72.625 69.9375 67 63.8125 62 60.9375 58.75 57.0625 55.75 54.25 52.1875 50.4375 49.4375 47.6875 46.75
-9999 -9999 502 567.666687011719 493.625 351.1875 343.125 362.1875 293.9375 272.1875 234.625 190.1875 206.875 155.625 127.3125 118.8125 100.375 139.6875 121.4375 137.625 179.4375 116.3125 81.875 85.25 80.5 74.6875 71.125 71.0625 72.5 74.25 76.6875 80.4375 86.25 89.1875 90.875 94.1875 97.5 98.4375 99.75 99.3125 83.75 76.1875 73 108.75 109.0625 69.375 68 77.625 96.8125 99 89.6875 83.25 75.9375 73.5 71.625 69.25 66.1875 63.625 62.25 61.1875 58.6875 57.125 55.625 53.3125 51.4375 50.5 49.1875 48.25
471.714294433594 523.15380859375 447.125 361.0625 247.25 237 231.5625 248.6875 240.375 215.25 197.5 180.3125 121.0625 106.4375 102.125 124.5625 98.5 170.625 135.75 115 143.5625 116.6875 80.6875 88 88.6875 80.3125 77.75 70.6875 66.375 67.0625 70.5625 74.3125 75.75 76.6875 77.0625 77.75 79.9375 83.4375 88.375 94.3125 102.6875 102.875 101 86.4375 73.5625 104.3125 69.25 71.875 82 93.625 97.75 88.3125 78.5 74.75 72.8125 70.75 67.9375 65.875 64.375 61.6875 61.3125 59.25 57.3125 55.125 53.5 52 51.1875 49.5625
339.625 247.75 222.0625 206.75 214.75 196.3125 192.4375 196.4375 173.625 162.3125 160.125 136.75 113.9375 105.375 101.375 147.25 91.9375 106.4375 98.3125 88.5625 97 110.625 100.875 87.6875 74.625 80.9375 87 76 73.25 70.9375 67.625 68.875 68.0625 66.9375 65.0625 64.375 65.625 69.4375 73.5 78.8125 89.375 102.875 117.9375 125.4375 120.125 100.75 78.25 77.25 80.5625 90.625 93.875 96.125 85.875 76.25 73.1875 72.3125 71.125 67.0625 65.25 63.6875 62.5 61.25 59.3125 57.5625 56.1875 55 53.25 52
184.75 185.1875 209.125 202.375 181.5625 178.4375 163.875 151.25 128 114.5625 102.0625 115.3125 110.5 122.3125 113.1875 75 64.5 64.875 65.875 68.6875 73.1875 89.1875 91.1875 96.875 97.625 93.25 80.6875 72.6875 85.375 76.8125 76.125 79.4375 77.5625 66.25 57.0625 51.8125 55.6875 59.625 63.375 67.3125 73.6875 88.1875 101.9375 112.8125 120.25 120.0625 113.3125 106.875 106.8125 105.9375 104.375 100.5 92.625 81.3125 73.6875 71.9375 70.6875 69.0625 67.5 66.3125 65.375 64.5 62.75 61 59.1875 57.25 55.5625 54.0625
178.9375 183.25 170.1875 139.125 145 144.625 124.1875 127.8125 105.5625 94.1875 87.125 111.75 126.9375 97.5 79.0625 68.8125 79.125 76.5 64.625 68.75 78.3125 111.625 113.3125 89.6875 95.625 84.4375 79.875 96.5 103.625 83 78.1875 82.8125 81.125 80.6875 67.3125 60.25 55.0625 55.3125 58.125 60.75 66.25 74.625 83.9375 92.0625 97.5 101.1875 105.75 111.75 125.0625 121 113.5625 101.375 91.0625 82.25 77 74.3125 72.5625 70.875 69.75 69.125 68.6875 68.0625 66.4375 65 62.5 60.5 58.3125 56.5625
127.125 124.6875 132.75 154.625 163.875 115.875 118.9375 117.25 93.4375 112.25 106.5625 121.75 101.875 81.4375 76.625 84.75 98.1875 82.625 65.375 67 76.5 109.3125 99 74.25 73.3125 75.5625 88 73.9375 89 95.125 109.5 87.25 84.375 86.1875 84.8125 82.875 75.0625 61.125 56.9375 59.8125 65.0625 70.5 75.625 80 83.75 86.9375 89.9375 92.5 97.5 109.8125 107.5625 98.75 88.6875 83.3125 79.75 79.75 78.1875 80.5 76.0625 73 72.3125 71.5 70.0625 68.375 66.5 65.1875 62.25 59.5625
141.9375 140.125 143.6875 142.9375 170.25 126.25 122 117.875 103.25 117.625 97.375 111 98.8125 104.75 92.3125 85.375 91.5625 80.375 67.6875 63.625 61.8125 62.4375 66.3125 67.9375 67.625 73.8125 130.125 87.3125 87.125 87.1875 88.9375 80.5625 87.875 88.875 89.1875 89.75 81.1875 64.5625 59.3125 62.1875 67 70.5 72.5 73.75 78.0625 80.9375 85.75 89.125 90.75 92.375 95.5625 93.8125 86.75 82.0625 80 79.4375 78.8125 79.125 78.9375 78.8125 76.6875 75.8125 74.8125 73.25 71.25 69.125 66.875 63.8125
