input_data/future_climate/CanESM5_585/_bio15_a.asc
ncols  331
nrows  193
xllcorner  17.833372883333
yllcorner  37.9999896166667
cellsize 0.1666667
NODATA_value  -9999
[rows 80 to 99 of 193, columns 184 to 229 of 331]
33.3794174194336 33.4924049377441 33.3167991638184 32.7653961181641 31.5471572875977 30.9039516448975 30.267650604248 29.9537963867188 29.4640502929688 28.940788269043 28.5069694519043 28.0249137878418 27.3130531311035 27.0662364959717 26.7134876251221 26.7071323394775 26.3786869049072 26.2811183929443 26.2836093902588 26.3531036376953 26.7463130950928 26.7314224243164 27.0646152496338 27.4555206298828 28.0828990936279 28.7524166107178 29.9714431762695 30.9352340698242 32.1258659362793 32.6943550109863 32.4464950561523 31.9228363037109 31.1537895202637 31.0103797912598 30.4998340606689 30.5554237365723 30.0778369903564 30.3799381256104 30.7758331298828 30.943660736084 31.5578765869141 32.0267715454102 32.5796852111816 33.0601577758789 34.0583229064941 34.6200752258301
33.1495170593262 33.1357727050781 32.8538703918457 31.6345558166504 31.1611881256104 30.5635013580322 29.7819652557373 29.2435035705566 29.08056640625 28.5505485534668 28.3923568725586 27.5046081542969 27.4683170318604 26.7354354858398 26.7231311798096 26.6306629180908 26.5184288024902 26.7005519866943 26.836576461792 27.0786628723145 27.2266616821289 27.4888553619385 27.9138050079346 28.2838153839111 28.6772155761719 29.4820575714111 30.7055149078369 31.3944320678711 32.0367317199707 32.087703704834 31.4800128936768 30.6049022674561 30.1138038635254 30.4460792541504 29.6866264343262 29.7830944061279 29.427433013916 29.4695625305176 30.291540145874 30.8919658660889 31.2165870666504 31.6977443695068 32.4338722229004 32.9465713500977 33.8630867004395 34.6331100463867
32.3695678710938 31.8265991210938 31.5335083007813 31.0643825531006 29.9739513397217 29.2393760681152 29.2879905700684 29.0541877746582 28.4700584411621 28.2230815887451 27.8477535247803 27.3156509399414 27.1585788726807 26.8809547424316 26.4675102233887 26.2710151672363 26.7264080047607 27.1159362792969 26.893497467041 27.3169918060303 27.5321216583252 27.9054050445557 28.4869213104248 29.1107025146484 29.7128734588623 30.1435451507568 30.7583923339844 31.3178405761719 31.5926132202148 31.3390445709229 30.7816753387451 30.5890045166016 30.0903511047363 29.914722442627 29.4169807434082 29.0207557678223 28.800500869751 29.060754776001 29.9700946807861 30.0004024505615 30.7925319671631 31.1986198425293 31.7918376922607 32.6788635253906 33.434986114502 34.1493492126465
32.1491928100586 31.8899326324463 31.7628517150879 30.4904518127441 29.25803565979 29.2949542999268 29.1399402618408 28.9211654663086 28.203031539917 27.7628974914551 27.1249904632568 27.3028717041016 26.7962970733643 27.0162181854248 26.7958278656006 26.803861618042 26.805606842041 26.8276119232178 26.994556427002 27.3792133331299 27.7591228485107 27.9738311767578 28.7253513336182 29.5166149139404 30.0622406005859 30.6734466552734 30.8338851928711 31.1305027008057 31.5316162109375 31.6942768096924 31.2856636047363 30.7992572784424 30.1615962982178 30.4100208282471 30.2238140106201 29.311107635498 29.0684356689453 29.3543891906738 29.4505157470703 29.9430046081543 30.295955657959 31.1437721252441 31.6280651092529 32.3737182617188 33.0281448364258 33.8200531005859
31.6824493408203 31.2444801330566 30.3770923614502 29.8320846557617 29.2147541046143 29.0320243835449 28.4925003051758 28.0873947143555 27.0012054443359 27.0738430023193 26.9964809417725 26.8032779693604 26.9464206695557 26.8727684020996 26.7644195556641 26.812427520752 26.5641288757324 26.8306999206543 27.0497856140137 27.3140335083008 27.9613914489746 28.4125881195068 29.1827182769775 29.7500820159912 30.6529331207275 30.7203178405762 31.3017024993896 31.7942638397217 31.9000453948975 31.7735614776611 31.2967147827148 31.0845718383789 30.930004119873 31.1241359710693 30.3973484039307 30.0944919586182 29.8280143737793 29.4806156158447 29.7453365325928 30.1676940917969 29.9593715667725 30.2332382202148 30.5265579223633 31.3360710144043 31.6728057861328 32.6936073303223
32.1144866943359 31.1047325134277 30.0759735107422 29.2038345336914 28.439380645752 27.9053497314453 27.421199798584 26.8779850006104 26.6416053771973 26.7570457458496 26.3623847961426 26.336404800415 26.5071029663086 26.3804302215576 26.5156478881836 26.6539058685303 26.8653831481934 26.4998970031738 26.7276344299316 27.4006500244141 28.1469593048096 28.6479434967041 28.8064937591553 29.2422924041748 29.8188400268555 30.5528049468994 31.6437835693359 31.8341445922852 32.1010856628418 31.8793392181396 31.6364593505859 31.2312622070313 30.8368148803711 30.691967010498 30.8838424682617 30.2098484039307 29.5829792022705 29.3339233398438 30.038501739502 29.7982349395752 29.4446868896484 29.3782501220703 29.8618583679199 30.2517738342285 30.8468761444092 31.3346691131592
30.9875984191895 30.5496425628662 29.9972686767578 28.7709102630615 27.9957218170166 27.7101612091064 27.4735317230225 27.0235137939453 26.5763301849365 26.473690032959 26.4845218658447 26.1788597106934 25.8538818359375 25.5940113067627 25.8987522125244 26.1760330200195 26.4131278991699 26.1099510192871 26.5934715270996 27.1142330169678 27.760555267334 28.7296295166016 29.566219329834 29.7729473114014 30.1747360229492 30.7107257843018 31.7736473083496 31.5755004882813 31.7661666870117 31.3082885742188 31.483434677124 32.0113716125488 31.3175315856934 30.6981468200684 30.5697135925293 30.2367706298828 29.798999786377 29.1796054840088 29.0068454742432 29.408821105957 29.2669525146484 28.6618709564209 28.9271450042725 29.4373397827148 29.8577270507813 30.3092994689941
31.96067237854 30.7780895233154 30.2643203735352 29.5977649688721 28.1745281219482 27.7139644622803 27.531192779541 26.5639915466309 26.4564228057861 26.3774662017822 26.5503196716309 26.4359149932861 26.3281745910645 26.0076179504395 26.035758972168 26.3857517242432 26.4021987915039 26.8898334503174 26.9927539825439 27.3934993743896 27.4340858459473 28.5663547515869 29.0872707366943 29.7774982452393 30.4984893798828 30.6736831665039 31.9160404205322 32.0911026000977 32.1561470031738 32.2837257385254 32.0135383605957 31.9001579284668 31.6377449035645 31.2512702941895 30.5477256774902 30.531005859375 30.2716522216797 29.3224239349365 29.0036468505859 28.9078979492188 28.3930683135986 28.1142234802246 28.2095222473145 28.324878692627 28.8167171478271 29.1044502258301
32.1944427490234 30.9486904144287 30.1599903106689 29.4886074066162 28.3085079193115 26.826639175415 26.6209316253662 26.3311157226563 26.2410526275635 25.7909774780273 25.7215385437012 25.9791316986084 25.8744163513184 26.0280342102051 25.9669284820557 25.9952182769775 26.4523544311523 26.6151847839355 27.0974731445313 27.4253673553467 27.8725814819336 28.5458602905273 28.7020282745361 29.2412071228027 30.5213985443115 31.3763523101807 32.0265579223633 31.705696105957 32.6703758239746 32.4366912841797 32.0261726379395 31.8441295623779 31.5661754608154 31.5882263183594 30.9824028015137 30.8452796936035 30.2522716522217 29.4347248077393 29.0339412689209 28.8392810821533 28.6082248687744 28.053186416626 28.0031127929688 27.5363521575928 27.3920726776123 27.5350704193115
32.7414398193359 31.4539813995361 30.3203277587891 29.1189365386963 27.6852111816406 26.7013816833496 26.1220436096191 25.8983840942383 25.9036312103271 26.2075004577637 26.4081039428711 26.401252746582 26.6870670318604 26.728157043457 26.4858474731445 26.4162063598633 26.2867774963379 26.1829624176025 26.7397174835205 27.0196647644043 27.476016998291 28.2385234832764 28.6320304870605 29.5351543426514 30.1703987121582 30.9989814758301 31.8565368652344 32.2026290893555 32.4990348815918 31.9734344482422 32.242130279541 31.7230434417725 31.4982032775879 31.2965488433838 31.3341445922852 30.922872543335 30.548282623291 30.2508735656738 29.103816986084 28.8995399475098 28.296480178833 27.48268699646 27.2370491027832 26.7828998565674 26.5874710083008 27.0003795623779
33.4069633483887 31.9469547271729 30.6233596801758 29.2334575653076 27.6113262176514 26.6009616851807 26.3966808319092 26.6338901519775 26.9057579040527 27.4676856994629 27.4673080444336 27.402156829834 27.6361789703369 27.8040618896484 27.6067848205566 27.5657577514648 27.3448104858398 27.2545547485352 27.3668155670166 27.2408447265625 27.612771987915 28.0240631103516 28.5596103668213 29.2763595581055 29.7390003204346 30.5979251861572 31.4127388000488 32.2196922302246 31.966833114624 32.1184234619141 32.3434371948242 31.8932456970215 31.430908203125 31.0021133422852 31.3788967132568 31.7018585205078 30.8835144042969 30.064302444458 29.1762924194336 28.9999046325684 28.2635536193848 27.2595729827881 26.9721794128418 26.2943572998047 25.6689758300781 25.5994281768799
33.3089408874512 31.9431552886963 29.8344631195068 28.7588901519775 27.4666156768799 26.8335208892822 26.9017448425293 27.4784450531006 27.7094631195068 28.184871673584 28.5585861206055 28.8518657684326 28.8040733337402 28.6873626708984 28.141393661499 27.9145393371582 28.2174949645996 27.6372737884521 27.2011547088623 27.3271007537842 27.3216114044189 27.887674331665 28.1173439025879 28.7833576202393 29.5831069946289 30.2072296142578 30.7257556915283 31.2617568969727 31.9897308349609 32.0694198608398 32.2924423217773 31.8881244659424 31.83616065979 31.3563404083252 31.3444652557373 31.6349449157715 31.2071495056152 30.5140171051025 29.7465839385986 28.71848487854 28.0256175994873 27.3139095306396 26.844123840332 26.2923698425293 25.4562320709229 24.8210620880127
33.4919967651367 31.7163257598877 29.8997497558594 28.6302223205566 28.0096416473389 27.0880279541016 26.989782333374 26.9486103057861 27.651969909668 28.6697959899902 29.2045936584473 30.0610427856445 30.0492515563965 30.0616130828857 29.7669410705566 29.1528015136719 28.1112537384033 27.9084568023682 27.4595222473145 27.1214447021484 27.5056133270264 27.7642688751221 28.3672618865967 29.1828384399414 30.1220035552979 30.5195808410645 31.0098457336426 31.5670738220215 31.9648017883301 32.269115447998 32.3424530029297 32.3177261352539 32.3775634765625 31.9594783782959 31.5630626678467 31.7439270019531 31.2934837341309 30.7332572937012 29.9752616882324 29.0444030761719 28.1809520721436 27.1343173980713 26.2515678405762 25.2252388000488 24.3224201202393 24.899377822876
32.9175491333008 30.9793758392334 29.3757514953613 28.8232154846191 27.435848236084 26.6937637329102 26.4959487915039 26.26540184021 27.5770168304443 28.3245410919189 29.921070098877 31.3633193969727 31.9201126098633 30.8819561004639 30.4506607055664 29.3062267303467 28.9665565490723 28.7127246856689 28.3301277160645 28.190502166748 28.0030651092529 28.3248062133789 29.1027126312256 29.6923828125 30.0430202484131 30.7548294067383 31.1136856079102 31.2715167999268 31.727653503418 31.6640777587891 32.4296836853027 32.0185470581055 32.0473976135254 32.0360336303711 32.4004707336426 32.293212890625 31.7819042205811 31.1450023651123 30.3579845428467 29.3284187316895 28.1203689575195 27.3315086364746 26.7455215454102 25.27170753479 24.6718215942383 25.0072765350342
33.1455497741699 31.0904922485352 28.958438873291 28.2101993560791 27.3160438537598 26.6696624755859 26.4799652099609 26.0418605804443 26.8802852630615 28.5752296447754 30.6726875305176 33.4162254333496 33.3858909606934 32.7343215942383 32.0122375488281 31.3269062042236 30.4084854125977 29.3348579406738 29.2997341156006 28.9564151763916 28.2814064025879 28.4705047607422 29.336109161377 29.7311363220215 30.2572937011719 30.7837429046631 30.9562187194824 31.5082530975342 32.0973129272461 31.7250480651855 31.4764938354492 32.0479049682617 32.1435661315918 32.3769454956055 32.7723960876465 32.6221733093262 32.4828834533691 32.4006195068359 31.3392391204834 30.3202857971191 28.546594619751 27.3251171112061 25.92458152771 25.4052124023438 25.0648365020752 25.6001300811768
33.3240394592285 30.9475631713867 29.167236328125 27.8014068603516 27.0750694274902 25.6507816314697 25.3597297668457 25.2495307922363 26.9729690551758 29.7431468963623 32.23828125 33.645393371582 33.5476760864258 33.3501739501953 32.3764572143555 31.5421104431152 30.5813980102539 29.8936538696289 29.444091796875 28.718599319458 28.1947555541992 28.40505027771 29.1975803375244 29.6953086853027 30.6365661621094 30.7554340362549 30.9459629058838 31.2146778106689 31.7890357971191 31.6814403533936 32.1874160766602 32.1691627502441 31.9953117370605 32.6926078796387 32.8414039611816 32.3928375244141 32.8916397094727 33.5254020690918 32.8910980224609 31.2535648345947 29.6261978149414 28.1886768341064 27.1493949890137 26.3845710754395 25.9047698974609 26.0145988464355
31.5067539215088 30.37255859375 29.0273551940918 27.379322052002 26.1355152130127 25.3809432983398 25.8317260742188 26.2497997283936 28.4409160614014 30.7948989868164 33.1123733520508 34.3444213867188 34.195671081543 33.7144775390625 32.1537666320801 31.37522315979 30.5182571411133 29.8589172363281 29.1076335906982 28.763204574585 28.6891746520996 28.5154705047607 28.7862243652344 29.5322341918945 30.6243591308594 30.8135375976563 30.9305114746094 30.971866607666 31.3299331665039 31.5211753845215 32.3183288574219 32.3842544555664 32.5458488464355 32.4300651550293 32.7770957946777 32.9625778198242 32.838264465332 33.2368278503418 32.8895454406738 31.1609706878662 30.3101387023926 28.5206661224365 27.9155235290527 27.0291213989258 26.6554050445557 26.210823059082
29.0431861877441 29.0811538696289 27.8125228881836 26.5283832550049 25.811243057251 26.015474319458 26.5452747344971 27.2805614471436 28.7852573394775 31.0659313201904 33.5834655761719 35.2161064147949 34.4390449523926 33.0341339111328 31.5882244110107 30.7243423461914 30.2507019042969 29.7793941497803 28.7274036407471 28.4951343536377 28.4768104553223 28.3474349975586 28.7771148681641 29.4685020446777 29.9300270080566 30.2397899627686 30.4034938812256 30.5902099609375 30.6421089172363 31.5522727966309 32.0090217590332 32.1417083740234 32.6861915588379 32.9041786193848 33.1584053039551 33.2002563476563 32.945384979248 32.8690147399902 32.6169967651367 30.9383525848389 30.2046718597412 28.9299926757813 27.9612655639648 27.4716262817383 27.0043640136719 25.934289932251
29.2334861755371 28.9403686523438 27.0576820373535 25.4477806091309 24.259241104126 25.2333736419678 26.2445869445801 27.4980754852295 28.6360874176025 30.5715351104736 32.7652130126953 33.9379005432129 33.5018501281738 31.8234272003174 31.1396560668945 30.2847938537598 29.5548534393311 28.8744659423828 28.3604640960693 27.7330760955811 27.1166133880615 27.4727554321289 28.9628467559814 29.6437931060791 29.5492477416992 29.9171237945557 30.2518768310547 30.5385131835938 30.8514080047607 30.8726863861084 31.4169769287109 32.0083618164063 31.8580875396729 32.3099975585938 32.6861381530762 32.3092918395996 32.1993141174316 32.2801170349121 31.5729103088379 30.8025417327881 29.7491607666016 28.7748565673828 27.9258270263672 27.442361831665 26.9026222229004 26.4796943664551
28.0251941680908 26.9908142089844 26.0714206695557 25.2648410797119 24.719295501709 24.953369140625 26.230583190918 26.9561023712158 27.5134544372559 29.024356842041 30.6467132568359 31.3648147583008 31.3030300140381 31.2810688018799 29.9594287872314 29.1385307312012 28.6194820404053 27.8694915771484 27.129222869873 26.6178665161133 26.5117034912109 27.0141773223877 28.2996520996094 29.1766300201416 29.4904327392578 29.5334930419922 30.1033992767334 30.444787979126 30.2155933380127 30.8332805633545 31.0708408355713 31.1752376556396 31.3000259399414 31.4494438171387 31.4053325653076 31.1379928588867 31.0457935333252 30.9924392700195 30.6476402282715 30.155891418457 29.5054874420166 28.9758605957031 28.2041683197021 27.5426616668701 26.6947937011719 26.3578300476074
