input_data/future_climate/CanESM5_585/_bio19_a.asc
ncols  331
nrows  193
xllcorner  17.833372883333
yllcorner  37.9999896166667
cellsize 0.1666667
NODATA_value  -9999
[rows 30 to 59 of 193, columns 204 to 271 of 331]
121.9375 122.25 122.625 122.4375 122.5625 123.125 124.5 125.1875 125.5625 125.0625 126.0625 128 129.625 130.125 130.5625 131.3125 133.3125 134.4375 135 135.3125 135.1875 135.25 135.8125 136.125 135.25 135.3125 135.5 135.9375 135.9375 135.9375 136.6875 137.25 137.6875 136.5625 135.3125 133.8125 133.0625 131.6875 128.875 127.375 125.375 123.75 122.5 122 124.625 126.8125 123.5625 127.125 127.9375 129.3125 126.125 123.875 120.75 116.375 114.8125 117.1875 115.8125 114.0625 110.8125 107.625 102.125 98.25 97.875 98.5 97.8125 98.875 97.4375 97.0625
124.4375 124.4375 124 123.6875 124 125.375 125.8125 126.875 127.75 128.1875 129.1875 130.9375 131.0625 131.1875 132.5625 134.4375 135.8125 137.4375 137.625 138.8125 139 138.6875 138.5625 138.5 138.5625 138.125 138.375 138 138.5 138.6875 139.375 139.75 139.375 139.125 138.1875 136.875 134.6875 133 131.1875 129.75 128.0625 126.875 129.1875 127.8125 128.1875 129.25 126.0625 128.5 130.1875 126.25 117.3125 114.25 118.5 114.0625 109.0625 106 102.9375 104.4375 103.625 100.8125 97.3125 96 96.625 98.4375 97.1875 97.1875 96.375 95.8125
126.75 126 125.8125 126.8125 127.5 127.6875 127.6875 129 128.875 129.9375 130.9375 131.5 132.1875 133.25 135.375 136.5 138.0625 138.875 140.625 141.6875 141.4375 140.875 140.625 140.5 140.25 140 140.25 140.5 140.8125 141.625 142.9375 142.5625 142.625 142.4375 141.25 140.125 138.9375 135.875 133.9375 132.4375 130.9375 129.8125 133.3125 129.9375 128.75 126.875 127.4375 125 116.8125 111.8125 108.0625 109.375 104.875 101.6875 100.25 102.1875 100.0625 96.25 96.75 95.25 93.8125 94.3125 95.25 95.3125 94.25 94.0625 93.625 93.4375
129.875 128.6875 129.375 129.25 129 129 129.3125 129.8125 130.375 131.125 133.0625 133.75 134.5 135.125 136.1875 137.5 139.125 141.6875 142.25 143 143.125 143.0625 142.6875 142.3125 142.625 142.1875 142 142.25 142.25 144.25 145.5625 145.75 146.25 146.75 145.25 143.25 141.4375 139.125 137 134.6875 130.6875 128.125 126.8125 127.1875 127.75 128.5625 129.75 122.125 115.5 111.625 105.625 103.125 100 95.125 92.125 92.0625 92 91.75 91.4375 91 91.9375 91.5 93.4375 93 91.6875 91.5625 90.75 90
131.9375 132.1875 131.875 132.0625 131.75 131.625 131.5 132.3125 132.875 134.25 134.75 135.125 135.875 136.875 137.875 138.9375 140.6875 142 144.0625 145.125 145.125 144.5625 144.25 144.375 144.375 145 144.4375 144.375 145.3125 145.9375 146.8125 148.0625 148.3125 149.25 149.4375 146.5625 144.125 141.5625 138.4375 135.1875 133.3125 130.0625 128.75 132 134.375 131.5 131.5625 119.5625 111.625 107.75 103.8125 99.9375 95.0625 91.5 90.0625 90.125 90.0625 90 90.1875 90.125 90.4375 90.375 90.3125 90.4375 90.75 90.4375 90.0625 89.875
133.5 135.5 134.125 134 133.25 133.4375 133.3125 134.1875 134.4375 135.25 135.5 136.375 138 138.5625 138.8125 140.375 141.3125 143.375 145.375 146.9375 147.0625 146.8125 146.8125 145.9375 145.5625 145.5 145.3125 146.375 146.6875 146.8125 147.625 149.4375 150.5625 151.875 152.5625 149.0625 145.9375 141.875 139.5 138 133.625 132.25 128.75 128.875 131.8125 128.625 120.3125 115.6875 112.8125 110.4375 102.8125 98.125 92.5 90.5 89.1875 89.5625 89.9375 89.6875 89.625 90.375 89.625 89.875 89.625 89.875 89.75 89.6875 89.4375 89.8125
133.625 135.8125 135.8125 135.25 135.875 135.8125 135.9375 136.0625 136 136 136.8125 137.6875 139.25 139.9375 140 140.9375 143.8125 145.25 146.1875 147.1875 147.4375 147.5 148.375 147.5 146.3125 146.0625 146.0625 146 146.3125 146.9375 148.4375 150.25 151.0625 154.25 153.125 150.0625 147.8125 144.4375 142.25 139.1875 134.5 132.5625 130.3125 126.9375 128.4375 121.1875 119.75 121.4375 113.9375 108.25 103.375 97.375 93.1875 90.6875 89.375 88.875 89.5 89.5 90.375 89.875 88.5625 89.6875 90.75 89.6875 89.0625 89.25 89.75 89.9375
133.6875 135.0625 137 136.4375 135.9375 136 136.25 136.6875 137 137.3125 138.0625 139 140.0625 140.875 142.4375 144.75 145.9375 146.75 147.875 147.875 147.75 147.875 148 147.9375 147.6875 147.8125 147.5625 147.25 147.125 148.8125 150.6875 151.1875 153.125 151.5625 150.75 149.25 146.625 144.125 141.75 138.75 135.125 132.6875 129.875 134.4375 132.125 124.125 120.75 116.5 110.625 111.125 103.25 96.375 92.75 91.375 90.3125 89.25 89.8125 89.9375 89.5 89.25 88.125 88.8125 89.3125 89.25 89.125 89.5 88.75 89.125
135 135.6875 136 136.125 136.125 136.4375 136.9375 138 137.75 138.3125 138.875 140.0625 142.125 142.375 144.8125 145.4375 147 148 148.25 148.125 148 148.25 148.5625 148.125 148.4375 148.125 147.625 147.375 147.625 149 150.25 149.5625 151.3125 150.5625 149.5 148.1875 148.6875 145.5625 142.5 139.1875 135.375 134.1875 137.375 141.0625 131.1875 122 120.3125 113.4375 109.25 106.625 100.75 95.75 94.625 92.6875 91.0625 90.5625 88.5625 89.25 89.875 89.375 88.4375 88.3125 88.1875 88.375 88.3125 88.5625 88.0625 88.125
135.5625 135.75 136.0625 136.375 136.8125 136.9375 138.3125 138.6875 138.9375 140.6875 140.9375 143.6875 143.75 144.8125 145.125 145.875 146.75 147.75 148.5 148.25 148.125 148.75 148.4375 147.6875 148.125 149.0625 149.125 149.0625 149.0625 150.625 152.8125 153 151.125 150 150.3125 148.6875 149.9375 148.1875 143.8125 138.8125 135.4375 134.3125 137.375 137.4375 128.8125 122.5625 118.25 111.875 107.1875 103.25 100.6875 98.4375 95.3125 93.8125 91.5 90.3125 89.5625 89.375 88.875 89.5 89 88.3125 88.6875 88.5 88.0625 88.1875 88 88
136.75 135.625 136.0625 137 137.6875 137.625 138.875 139.125 140.125 141.4375 142.375 142.625 144.0625 144.6875 145.0625 146 147 148.625 148.6875 148 149.25 148.5625 148.625 147.8125 147.9375 148.4375 148.1875 148.5 149.625 151.5 151.3125 152.25 150.6875 150.5 149.1875 148.5625 148.75 146.25 144.3125 140.25 136.375 134.0625 138.3125 135.3125 126.9375 123.0625 116.3125 110.6875 106.0625 102.125 98.8125 97.625 95.625 93.5 91.1875 89.75 88.9375 88.75 88.1875 89.5 88.25 87.75 87.5625 87.4375 88 87.9375 87.125 88.1875
135.1875 136.625 136.875 137.4375 138.0625 138.5 138.8125 139.9375 142 142.875 143.3125 144.4375 144.125 145.8125 146.5 146.125 146.5625 146.625 147.5 149.25 151 151.3125 150.5625 149.75 147.9375 148.875 148.5 149.0625 149.125 149.5 150.3125 151.0625 151 150.1875 149.0625 149.625 148.4375 145.3125 143.75 141.4375 136 137.75 138.375 138.6875 130.25 124.3125 117.5625 111.5 105.5625 102.5 99.25 97.1875 95.25 93.4375 91 91.625 90 88.0625 88 88 87.9375 87.625 87.8125 87.5 87.375 87.8125 88.125 87.875
135.8125 135.875 136.3125 137.9375 138.875 139.375 139.8125 142.5625 144.125 144.4375 145.0625 145.3125 145.3125 146.5625 146.8125 146.6875 146.625 147.1875 148.0625 149.625 149.75 149.4375 148.8125 149 148.0625 148.625 149.25 149.3125 149.5 150.25 150.4375 150.5625 151.0625 149.625 149.125 149.125 148.4375 145.8125 141.875 138.9375 136.25 138 137.6875 134.1875 130.875 121.625 115.9375 111.6875 107.0625 103.1875 100.6875 98.6875 96.375 94.1875 92.4375 91.3125 89.625 88.6875 87.9375 87.6875 88.25 87.75 86.6875 85.375 85.875 85.6875 86.0625 87.375
136 136.125 136.8125 139.3125 140.6875 140.125 140.8125 143.125 144.1875 145.6875 145.8125 146.0625 146.625 147.125 147.75 147.125 147.875 149.3125 149.75 149.9375 150.4375 150.5 150 149.1875 148.75 147.75 147.9375 148.6875 150.75 150.25 150.5 153.125 152.125 149.75 148.5625 147.75 146.8125 145.8125 144.3125 141.0625 136.3125 133.9375 138.5 131.25 126.5 122.25 117.125 112.4375 108.25 103.75 100.625 98.1875 96.6875 95 94 91.875 90.4375 89.0625 88.0625 87.4375 87.1875 87.5 87.875 89.125 87.5 87.9375 87.5625 87.9375
136.4375 137 136.625 138.625 141.0625 140.625 142.75 144.0625 145.5625 146.5 146.875 147 147.75 147.875 148.125 148.0625 149.375 150.0625 150.125 150.4375 150.8125 150.25 149.75 149.0625 148.9375 147.8125 147.9375 149.1875 150.3125 150.375 151.6875 152.75 150.4375 151.125 148.9375 147.8125 145.5625 145.125 142.8125 140.375 136.625 132.25 130.5 130.25 127.4375 124.3125 118.1875 115.4375 108.6875 103.9375 99.6875 97.0625 95.875 94.25 93.375 91.3125 90.75 89.9375 88.6875 88.8125 87.6875 88.375 86 87.125 87.6875 88 87.375 87.875
137.4375 137.125 136.375 138.5 140.25 140.875 141.6875 142.875 143.9375 145.75 146.4375 146.75 146.75 147.9375 147.625 148.0625 149 148.5 150.4375 150 150.0625 150.0625 149.875 149 148.5625 147.5625 148.25 150.1875 150.875 150.9375 152.8125 152.125 151.8125 151.5625 150.5625 148.5 146.3125 143.8125 141.625 140.5 137.375 136.8125 129.9375 129.1875 127.875 125.9375 122.625 115.8125 108.75 103.875 100.1875 96.75 94.9375 93.125 92.6875 91.375 90.625 88.5625 88.9375 87.1875 87.375 86.375 85.5625 86.6875 87.8125 87 87.1875 87.5
135.375 135.875 137.125 137.1875 140.25 141.25 141.25 142.4375 143.9375 145.3125 145.9375 146.25 146.625 146.8125 147.125 148.3125 149.9375 150.1875 150.0625 150.0625 150.3125 150.0625 150.3125 149.8125 149.1875 149.3125 149.5625 150.125 150.625 151.5 152.5 154.6875 154.125 154.0625 151.4375 149.5 148.75 146.0625 142.3125 139.625 136.125 132.125 130.8125 126.9375 125.625 123.5625 123.375 113.0625 107.5625 103.0625 99.25 96 94.875 92.9375 91.875 90.625 89.8125 89.25 88.3125 87.125 86.4375 87.375 87 87 87 87 87.0625 87.0625
133.9375 134.3125 136.1875 138.25 138.625 139.9375 141.125 142.5625 143.375 144.9375 146.0625 146 146.5 147.375 147.6875 148.0625 149.125 149.875 149.875 150.375 150.875 151.0625 151.0625 150.625 150.6875 150.9375 151 151.0625 153.1875 153.625 154.875 156.3125 154.5625 153.9375 153.4375 152.5 150.375 147.5 144.5625 140.1875 138.3125 135.375 134.75 129.8125 127.5625 126.3125 120 111.75 106.9375 102.6875 98.8125 95.875 94.5 93.25 91.25 90.9375 89.5 87.875 86.6875 86.875 86.3125 86.8125 86.6875 87 87 87 87.4375 87.625
132.5625 134.625 137.5 138.0625 138.5625 139.875 141.3125 142.875 143.9375 145.5 146.1875 146.75 147.1875 147.875 147.6875 147.6875 148.875 148.625 148.6875 149.75 150.3125 151.3125 151.6875 151.625 151.9375 152.5625 152.9375 153.75 154.625 156 156.3125 156.25 156.5625 155.75 155.0625 153.9375 151.625 147.875 144.625 140.75 138.375 135.6875 131.6875 132.375 128.875 126.0625 117.625 112.4375 107.9375 102.1875 99.0625 96.6875 94.3125 92.5 91.125 90.375 88.6875 87.3125 87.0625 87.125 87.5625 87.125 86.25 87 87 87 87.1875 87.375
132.6875 134.5625 136.3125 137.375 137.9375 139.4375 141.0625 142.5625 143.625 144.8125 146.5 146.875 147.3125 147.9375 146.9375 147.5625 147.0625 147.5625 148.4375 149 150.375 151.5 151.75 153 153.3125 155.25 157.0625 157.25 157.8125 158.5 158.625 158.6875 157.375 156.375 155.75 154.1875 151.9375 150.1875 146.875 142.25 138.4375 135.375 132.0625 130.625 128.9375 130.0625 120.125 111.75 107 102 98.9375 96 93.75 92 90.4375 88.9375 87.0625 87.875 86.75 86.125 85.375 85.9375 86.625 86.9375 87 87.0625 87.125 87.3125
132.0625 134.25 136 137 138.0625 139.4375 140.5 142.375 143.375 143.625 145.3125 146.5 145.625 145.8125 146.5625 147 147 147 147.4375 148.25 150.0625 150.9375 152.5625 153.0625 154.5625 157.625 158.5625 159.5 160.5 161 160.6875 160.25 158.9375 157.625 156.5625 155.25 153.3125 150.625 147.75 142.6875 138.9375 135.9375 134.0625 134.375 132.5 128.0625 116.0625 110.1875 104.5 101.25 98.1875 95.25 92.625 91.5625 89.625 88.8125 87.4375 86.4375 86.1875 84.75 84.75 84.5625 86.5 87.5 87 87.375 87.375 87.9375
133.5625 135.0625 136 137.1875 138.125 139.8125 140.1875 140.875 142.75 143 143.3125 144.25 144.5625 145.5625 144.375 143.8125 145.1875 146.5625 148.375 148.5 150.0625 151 153.25 154.375 156.75 159.25 161.25 162.0625 162.875 162.6875 162.5625 161.6875 160.875 159.5 158.75 156.1875 153.25 151.125 146.8125 143.3125 139.0625 137.5625 138.5 138.9375 131.9375 126.9375 114.0625 111.9375 104.1875 99.625 97 93.9375 91.875 90.0625 89.125 88.375 87.25 86.375 85.8125 84.0625 83.4375 84.875 84.3125 85.5 86.125 87 87 87.1875
133.125 134.125 135.25 136.0625 137.1875 138.5 139.5625 140 140.4375 142.625 142.9375 143.25 142.6875 142.375 144.625 143.6875 143.9375 145.0625 146.8125 148.3125 150.25 151.9375 154.3125 155.625 158.5 161.1875 162.9375 164.125 166.5625 164.625 164.875 164.625 163.4375 161.4375 160.6875 157.75 154.5 151.3125 147.75 144.375 140.25 136.375 131.125 129.75 127.0625 122.4375 114.375 113.5 103.3125 98.25 96.0625 93.6875 91.0625 89 88.125 85.6875 85.75 85.5 83.5 83.875 83.25 83.25 83.0625 84.3125 85.625 86.25 87.625 87.375
132.125 133.6875 134.625 135.4375 136 137.1875 137.3125 139.3125 139.9375 139.625 139.5 139.75 139.8125 140 140.3125 142.1875 142 143.0625 145.5625 148.0625 150.75 152.6875 155.375 157.5 160.375 162.4375 164.625 166.0625 167.4375 167.1875 167.3125 165.6875 164.125 164.0625 162.0625 159.5 155.0625 151.4375 147.125 143.0625 141.0625 134.625 132.6875 132.5625 133.5625 118.4375 112.5 107.375 99.6875 97.0625 94.8125 92 89.6875 88.9375 86.4375 85.0625 84.5625 84 83.25 83.8125 83.0625 83.625 83.6875 84.125 85.1875 85.875 86.5625 86.6875
132 133.375 134 134.625 136 136.3125 137.0625 137.125 137.5 137.8125 138 138.125 137.5625 137.125 137.3125 138 139.5 141.9375 143.625 146.1875 149.3125 152.375 155.375 158.25 161.9375 164.5625 168.125 168.6875 168.8125 170.5625 170.5 168.0625 167.0625 165.4375 162.6875 160.375 155.625 152.4375 150.375 144.1875 141.75 135.4375 138.5625 134.1875 129.3125 118.0625 110.6875 106.0625 98 95.5625 93.75 90.5 87.75 87.4375 85.4375 83.5 82.4375 82.375 82.0625 82.4375 82.75 83 83 83.5 84.5 85.1875 85 85.5
131.75 132.5625 133.0625 133.8125 134.875 135.5625 135.8125 135.5625 135.6875 135.1875 135.125 135.125 135.25 134.9375 135.9375 136.0625 137.75 139.5 141.75 144.4375 148.1875 150.5625 153.4375 157.125 161.6875 165.75 169.0625 171.1875 171.6875 172.125 171.25 171 168.25 165.9375 163.8125 160.1875 156.8125 152.875 149.75 144.25 143.4375 134.9375 131.9375 129.1875 124.8125 119.6875 110.375 102.875 96.375 93.9375 91.5 88.8125 85.5 84.75 83.125 81.9375 81.75 81 80.4375 80.75 81.375 82 82.5 82.6875 83.8125 86.1875 85.625 85.4375
130.9375 132.125 132.875 133.0625 133.1875 133.375 134.0625 133.5625 133.5625 133.4375 133.125 132.875 132 132.4375 133.125 134 135.3125 136.875 138.625 141.25 144.125 147.9375 151.6875 156.1875 160.9375 166.625 170.375 172.875 174.0625 174.8125 175 173.1875 169.9375 166.5625 163.5 160.875 157.5625 152.8125 150.5625 146.5625 141 133.25 130.0625 126.625 120.125 117.4375 109.6875 100.75 93.875 90.875 88.8125 85.6875 83.375 82.25 81 80.6875 80.625 80.6875 80.3125 80.0625 80.5 81.1875 82.4375 83.3125 84.375 84.5 85.25 85.3125
130.6875 130.9375 131.25 131.75 132 132.0625 132 131.75 131.125 130.3125 130.125 129.125 128.5 128.25 128.375 128.8125 130.5 132.625 136.0625 140.0625 143.25 151.375 153.1875 155.5 160.875 166.125 170.5625 174.9375 179.1875 175.75 175.1875 173.5 169.9375 166.75 163.5625 160.375 156.8125 152.625 150 146.125 138.875 137.6875 133.375 127.75 122.875 114.6875 104.4375 96.75 91.6875 88.6875 85.75 82.0625 80.6875 79.5625 78.25 78.5 78.6875 79.0625 79.6875 80.1875 80.3125 80.9375 81.8125 83.1875 83.4375 84.1875 84.75 85.0625
129.375 130.1875 131.0625 131.125 131.625 130.875 130.8125 130.5 129.375 128.875 127.375 126.4375 125.5 124.4375 124 125 127.125 129.0625 132.25 136.875 142.9375 148.75 151.9375 153.4375 159.25 165.625 170.375 174.5625 178.75 176.1875 173.5625 172.375 170.25 168.3125 165.125 162 157.6875 153.8125 153.1875 151.5625 140.6875 136.6875 131.9375 129.0625 123.4375 111.375 109.5 93.25 88.875 84.1875 82 79.5 78.25 78.375 78.4375 77.125 77.125 78 79.1875 79.1875 79.875 80 80.75 82.4375 83.9375 83.375 83.625 87.125
129 130.1875 131 131.0625 131.0625 130.625 130.6875 130.375 130.25 126.625 126 124.75 123.0625 122.625 122.25 123.125 125.0625 127.25 130.4375 135 139.5625 143.0625 145.8125 151.1875 156.25 163.25 167.8125 172.125 173.875 173.5 171.0625 170 168.9375 167.5625 167.75 163.4375 160.375 157.5 156 150.375 149.25 144.375 131.6875 133.6875 117.25 107.125 97 91.6875 85.0625 81.25 79.5 77.4375 76.1875 75.625 75.875 77 77.1875 77.25 78.4375 78.6875 79 79.5 79.75 80.875 82.5625 83.6875 82.9375 85.125
