input_data/future_climate/CanESM5_585/_bio15_a.asc
ncols  331
nrows  193
xllcorner  17.833372883333
yllcorner  37.9999896166667
cellsize 0.1666667
NODATA_value  -9999
[rows 120 to 139 of 193, columns 138 to 183 of 331]
23.680212020874 22.9333591461182 22.8124828338623 22.8759098052979 22.9520473480225 22.802282333374 22.921199798584 23.1360607147217 22.7183380126953 22.2239894866943 22.5775909423828 22.3020095825195 22.3131198883057 22.7860908508301 22.9685497283936 23.562572479248 23.7389545440674 24.2981510162354 24.069185256958 23.5294322967529 23.1339244842529 22.909294128418 23.2331066131592 23.114086151123 23.1952648162842 23.7191562652588 23.8085918426514 23.2347431182861 22.5203666687012 22.9045677185059 22.7275829315186 22.3369121551514 21.9312076568604 21.2151947021484 21.4734802246094 20.9455623626709 20.4790878295898 20.8484306335449 21.4616413116455 21.1741008758545 21.2108955383301 21.1068153381348 20.537956237793 20.3140964508057 20.3260765075684 20.0189361572266
23.6845169067383 23.5554866790771 23.1954822540283 22.5657920837402 22.9874248504639 22.5147609710693 22.8008480072021 22.4041976928711 21.964714050293 21.517749786377 22.0955295562744 22.7422885894775 22.3066501617432 22.3253498077393 22.9900703430176 23.5795879364014 24.3874282836914 24.5798625946045 23.7461280822754 23.4087257385254 23.2278022766113 23.7165603637695 23.3184909820557 23.541187286377 23.7451686859131 23.5083160400391 23.1584243774414 23.1518325805664 22.3979873657227 22.5955696105957 22.7344455718994 22.5879859924316 21.9465961456299 21.2204780578613 20.7699604034424 20.7170658111572 20.5053653717041 20.7554893493652 20.8001403808594 20.6155300140381 20.3028450012207 20.5282669067383 20.1630229949951 19.7575244903564 19.4473133087158 19.1989498138428
23.7652740478516 23.6292133331299 23.2887592315674 23.0412940979004 23.0255012512207 22.5787792205811 22.0356636047363 22.2789459228516 21.8455791473389 21.5015430450439 22.2288780212402 22.1026859283447 21.686336517334 22.4556980133057 22.7908115386963 23.0658340454102 23.4495449066162 23.7760143280029 23.8266124725342 23.8495330810547 24.2247619628906 24.3176975250244 24.0131301879883 24.217098236084 24.2109088897705 23.8569164276123 23.3333587646484 23.418737411499 23.6875 23.4149055480957 23.3527946472168 22.9097213745117 21.9986953735352 21.5913734436035 21.3702774047852 21.32204246521 20.9867649078369 20.9234180450439 20.5297393798828 20.3192462921143 20.1249103546143 20.2802143096924 19.9614658355713 18.9724464416504 18.2911911010742 18.3042621612549
23.5758171081543 23.554084777832 23.1452293395996 23.2674026489258 22.6932964324951 22.5457992553711 22.5930347442627 21.9852275848389 21.7952613830566 21.6512508392334 22.1213684082031 21.9663124084473 22.1780490875244 22.7574405670166 22.8739185333252 23.023120880127 23.2551288604736 23.9838104248047 24.032772064209 24.2401924133301 24.3329982757568 24.9480953216553 24.6802577972412 24.8409423828125 25.041145324707 24.1053810119629 24.1052665710449 23.8370666503906 23.6142902374268 24.0797901153564 23.5514698028564 22.7150535583496 22.4338645935059 22.4054775238037 21.8048992156982 21.6558055877686 20.6966361999512 20.1329154968262 20.3337879180908 20.2795867919922 20.330041885376 19.4697227478027 19.0885581970215 18.2947788238525 18.2152900695801 17.9432621002197
23.5895614624023 23.5843658447266 23.3023643493652 23.255443572998 23.1224956512451 22.6289691925049 22.6079139709473 21.8707065582275 22.1195888519287 22.1148090362549 22.5314235687256 22.134578704834 21.6937065124512 21.7512073516846 21.9432601928711 21.9637813568115 22.0992126464844 22.7548027038574 23.7217197418213 24.0580711364746 24.3797245025635 24.7025661468506 25.3082618713379 25.8912315368652 25.1802291870117 24.6119899749756 24.4537754058838 24.2995681762695 24.0718173980713 24.0180110931396 23.8910961151123 22.5381965637207 23.112771987915 22.721830368042 21.9375095367432 21.1572532653809 20.0219764709473 19.8524475097656 19.459831237793 19.3160457611084 19.6112651824951 19.3493824005127 19.1529235839844 18.7103786468506 18.1359844207764 17.3718585968018
24.159818649292 23.4215850830078 22.879638671875 22.9817504882813 23.2064800262451 22.8845558166504 22.673433303833 22.1109676361084 21.7861843109131 21.5902900695801 21.8102970123291 21.8266201019287 21.8939743041992 21.3190746307373 21.1471920013428 21.6836433410645 21.8659782409668 22.1012916564941 22.5597286224365 23.7967071533203 24.1486625671387 24.9704093933105 25.481071472168 26.0785350799561 26.0706253051758 25.8454666137695 25.4578838348389 24.968921661377 24.56028175354 24.5463676452637 24.2422637939453 23.4975471496582 23.925573348999 22.9952144622803 22.2484703063965 21.3860130310059 20.893871307373 20.0127639770508 19.7077484130859 19.1538028717041 19.3462772369385 18.7868118286133 18.2648620605469 18.081262588501 17.7429943084717 17.7823009490967
24.4641876220703 23.5832767486572 23.0915336608887 22.7774677276611 22.8427772521973 22.9217071533203 22.4109401702881 21.7884407043457 21.538366317749 21.2994956970215 20.9778442382813 21.0576457977295 21.0825691223145 20.6421489715576 20.9510192871094 20.9532432556152 21.0498142242432 21.0156669616699 21.611644744873 22.567102432251 23.6910381317139 24.9559364318848 26.3506202697754 26.9503421783447 26.9875087738037 26.1213150024414 25.2809734344482 24.6391868591309 24.9761390686035 24.7218341827393 24.1164455413818 23.7506160736084 23.3086242675781 23.1153011322021 21.3823146820068 20.7006568908691 21.9122886657715 21.68776512146 20.6762046813965 19.9534759521484 19.7195644378662 19.2775039672852 18.9733905792236 18.4477634429932 17.3551692962646 16.6471004486084
24.3867721557617 23.7815570831299 23.45458984375 22.7562503814697 22.5091667175293 22.1774730682373 21.5173606872559 21.1939830780029 20.5538539886475 20.6386203765869 20.0379676818848 19.8364677429199 20.0001525878906 20.0440120697021 19.9153289794922 20.4574813842773 20.0488033294678 19.8551216125488 21.0781173706055 22.0418872833252 22.0931434631348 23.2759819030762 24.8299007415771 26.1931209564209 26.5637493133545 25.7896556854248 25.580286026001 25.2706623077393 24.8498153686523 24.2844638824463 23.8935012817383 23.8283042907715 23.9987182617188 23.2282066345215 21.9635829925537 21.4662437438965 21.8549823760986 21.1637763977051 20.8188629150391 19.7961349487305 18.4156036376953 18.126091003418 17.5635433197021 17.9204292297363 17.4070739746094 16.9289321899414
24.3322372436523 23.7427616119385 22.7781848907471 22.4638290405273 22.2291564941406 21.5825576782227 20.9496421813965 20.5970458984375 20.194917678833 19.8397769927979 19.6374588012695 19.888635635376 19.3647518157959 19.0811748504639 19.2954120635986 19.6710548400879 19.9178371429443 20.6140384674072 21.2545967102051 21.5253582000732 21.5427341461182 21.6540451049805 22.824462890625 23.8205966949463 24.1844882965088 24.5905666351318 25.4416007995605 24.6014347076416 24.2228908538818 24.1468200683594 23.9585113525391 24.2199115753174 24.086181640625 22.9030094146729 22.0157241821289 21.1334552764893 20.6222629547119 20.2435340881348 19.04075050354 17.9699516296387 17.823070526123 17.3212013244629 17.1765098571777 16.8940849304199 17.51881980896 16.638916015625
23.8418617248535 23.0859718322754 22.5612506866455 21.9909133911133 21.5979633331299 21.1296825408936 20.6064643859863 20.4640884399414 19.8956604003906 19.525203704834 19.5765800476074 19.0741310119629 18.8860054016113 18.6061725616455 19.2508945465088 19.2015838623047 19.0674953460693 20.4957637786865 20.9239158630371 21.1074657440186 21.0472106933594 21.1812534332275 21.5598220825195 21.8688220977783 22.5662364959717 22.7646770477295 22.9085330963135 23.7466506958008 22.5912704467773 22.8226718902588 23.7467842102051 24.3172035217285 23.8708438873291 23.3005599975586 21.6331386566162 20.2002773284912 19.6774196624756 19.519811630249 18.477954864502 17.7087821960449 17.3200035095215 17.2969570159912 17.1101512908936 17.1047134399414 16.3693408966064 16.1042423248291
23.4433536529541 23.0625400543213 22.3062877655029 22.0345325469971 21.5530776977539 20.5428924560547 20.3641738891602 19.6166229248047 19.5937385559082 19.4890289306641 19.1600189208984 18.9700794219971 19.0962448120117 18.4580764770508 17.8566513061523 18.58860206604 19.4298362731934 20.4699878692627 20.9686737060547 21.0898094177246 21.1171092987061 21.837085723877 21.5305004119873 21.7790107727051 22.1372623443604 22.1199150085449 22.3772850036621 22.6373958587646 22.0112838745117 21.7202892303467 22.5096874237061 23.6193313598633 23.2375717163086 22.3572006225586 21.0378036499023 19.5922546386719 19.5944862365723 19.5407390594482 18.6227436065674 17.6950798034668 17.1290893554688 15.7016448974609 16.4466495513916 16.361686706543 15.8964214324951 15.3571252822876
23.330379486084 23.10009765625 22.3899707794189 22.1270637512207 21.499267578125 20.5517654418945 20.1459331512451 19.6734180450439 19.3563575744629 19.3348560333252 19.0769519805908 18.653621673584 18.1056652069092 18.0655422210693 18.5253601074219 19.490894317627 19.9136867523193 20.3953609466553 20.5932121276855 20.6297016143799 21.3712062835693 21.5337924957275 21.5527400970459 21.2191505432129 22.4638004302979 22.7129554748535 23.6836032867432 23.8111915588379 23.783203125 23.8155384063721 23.5778617858887 23.069450378418 22.3332901000977 22.1336154937744 20.8654098510742 19.2483749389648 19.2512130737305 18.9572219848633 17.3630638122559 17.2258491516113 16.2061977386475 16.2325706481934 16.4781665802002 16.8885040283203 15.8059511184692 16.1180515289307
22.7414989471436 22.3347091674805 22.1517314910889 21.6471977233887 21.1335716247559 20.9292087554932 20.3625411987305 19.7573413848877 19.4445858001709 19.3252220153809 19.2550640106201 18.9827785491943 18.1386547088623 17.914758682251 18.9609546661377 19.941915512085 20.7275314331055 20.1042308807373 20.5480766296387 20.9492797851563 21.7617778778076 21.8431282043457 21.9614315032959 21.3166828155518 21.2860488891602 22.100076675415 23.2880992889404 24.5772094726563 24.4306774139404 24.6008720397949 25.03928565979 24.609899520874 22.6300868988037 21.3595924377441 20.2203617095947 18.6187019348145 18.0989532470703 18.0086040496826 17.5910892486572 16.8099460601807 16.2540512084961 16.2265281677246 17.0206813812256 17.1320838928223 16.6744689941406 15.4050664901733
23.1037921905518 22.5247554779053 22.4055843353271 21.6921348571777 21.736499786377 21.3001518249512 20.2615222930908 20.3382453918457 20.0085678100586 18.9937419891357 19.2039318084717 19.048791885376 18.5979766845703 18.511079788208 19.1661281585693 19.9597816467285 20.5801658630371 21.1785583496094 21.1117725372314 21.6221256256104 22.0992527008057 22.0816268920898 21.9187889099121 21.659387588501 21.9375400543213 22.3760261535645 22.6103687286377 22.3592262268066 23.2358322143555 23.9851913452148 24.7839679718018 24.5383777618408 22.2008781433105 20.2520523071289 19.4801540374756 18.6210079193115 18.4863758087158 18.0035362243652 17.4915084838867 16.6219673156738 15.7619457244873 16.3028411865234 16.536771774292 16.0645198822021 15.7902660369873 15.5387983322144
22.9277992248535 22.5978679656982 22.6762084960938 21.8052501678467 21.6905841827393 21.3719902038574 20.758321762085 20.7441291809082 19.6856594085693 18.8012065887451 19.0123176574707 19.1386528015137 19.4892749786377 19.4392490386963 20.9395084381104 21.7230854034424 22.0551452636719 22.2173271179199 22.740047454834 22.40944480896 22.4213733673096 21.7257308959961 22.0748138427734 21.6283760070801 22.0952625274658 22.1667327880859 22.6137886047363 22.154239654541 22.8764953613281 23.2696342468262 23.3661270141602 23.2096042633057 22.2541847229004 19.8166580200195 18.8641090393066 18.5732383728027 18.0688247680664 17.7455310821533 17.1353626251221 16.2910270690918 15.7656564712524 15.8770685195923 15.9230127334595 15.5349674224854 14.8623075485229 14.2700700759888
22.213436126709 22.2775974273682 21.5823554992676 20.7666702270508 20.9120349884033 20.8518352508545 20.7177581787109 20.1567344665527 19.6769886016846 19.5969219207764 19.9128303527832 19.7014923095703 20.359920501709 21.2686576843262 22.4554958343506 22.5514335632324 23.0632801055908 23.2837829589844 23.0220928192139 23.0871925354004 22.936580657959 22.5183639526367 22.6333312988281 22.7982845306396 22.7870502471924 22.980583190918 22.9168167114258 22.8302040100098 23.6464920043945 23.7430229187012 23.0325107574463 22.8045616149902 22.3076343536377 21.2782649993896 19.8295421600342 18.5148811340332 17.6408596038818 17.4010372161865 16.577220916748 15.6876344680786 15.0936803817749 15.2460460662842 15.3799209594727 15.2626724243164 14.0989265441895 13.5158128738403
21.797721862793 22.070894241333 22.0470523834229 21.7533111572266 21.6300868988037 21.3194580078125 20.6502323150635 20.3509635925293 20.0900268554688 20.339750289917 20.4148979187012 20.4977073669434 21.3949947357178 22.8401012420654 23.7997303009033 24.2221069335938 23.8981075286865 23.8287086486816 24.1503791809082 24.4104537963867 24.3112735748291 24.3468799591064 24.120174407959 23.4056777954102 23.1417026519775 23.1952037811279 23.4457397460938 23.3181381225586 23.4831371307373 23.6050701141357 23.1003875732422 23.3418750762939 22.2086315155029 20.8607139587402 20.3132209777832 19.4132461547852 17.5649642944336 16.6744537353516 16.1682968139648 16.0547981262207 16.1774158477783 16.8408184051514 16.001443862915 15.2841014862061 14.892162322998 14.4218196868896
21.8957862854004 21.8400573730469 21.8721370697021 21.6808452606201 21.885570526123 21.8901958465576 21.6896667480469 21.1745414733887 20.862907409668 20.9125022888184 21.323709487915 21.632043838501 22.8315525054932 24.188383102417 24.685173034668 24.519323348999 24.5090942382813 24.86008644104 25.5407085418701 24.4011459350586 24.1650390625 24.512996673584 24.1796836853027 24.4969673156738 24.4886856079102 24.7924118041992 25.0159664154053 24.5497970581055 24.0793266296387 23.7177124023438 23.5767726898193 23.6203918457031 21.6937446594238 21.0692672729492 20.0662612915039 18.8930053710938 18.3816204071045 16.6948871612549 15.2498683929443 15.4956474304199 16.3839950561523 16.2552299499512 16.091739654541 14.9832906723022 14.4767599105835 13.6604852676392
21.8511829376221 21.5493659973145 21.7479705810547 22.2065315246582 22.7699680328369 23.2928085327148 22.6387977600098 22.1260604858398 22.1085548400879 22.1475276947021 22.6589298248291 23.6353092193604 24.4014453887939 24.6044788360596 25.4172477722168 25.3883819580078 25.1135425567627 25.7170734405518 26.159574508667 25.906852722168 25.4673633575439 25.0086479187012 25.1808032989502 25.555305480957 26.0926151275635 26.7644672393799 26.7148571014404 25.9677276611328 24.6741485595703 24.8012847900391 24.333251953125 23.5883617401123 22.0748500823975 20.7690887451172 19.7557601928711 18.8351631164551 18.1132698059082 16.6387920379639 15.2926635742188 14.6205377578735 13.9878177642822 15.054575920105 15.3261566162109 13.9100685119629 14.5634107589722 14.6564121246338
22.2425289154053 22.3614845275879 22.0109825134277 22.3847522735596 22.6901931762695 23.7842273712158 23.8498783111572 23.7974700927734 23.4242477416992 24.2978858947754 24.8408126831055 25.4518699645996 25.4414710998535 26.1729164123535 26.2423496246338 25.6274223327637 25.9384956359863 26.3208484649658 26.5529727935791 26.1094169616699 25.7451572418213 24.8685264587402 25.3165702819824 26.6427040100098 26.676549911499 26.8103084564209 26.650806427002 25.9773712158203 25.7379016876221 25.5292053222656 24.6720390319824 24.1910228729248 22.7567176818848 21.5134601593018 20.5215854644775 19.6128902435303 19.2442855834961 18.3843059539795 17.0036640167236 15.2638454437256 14.1884889602661 14.8295030593872 14.3255023956299 13.9707183837891 14.693699836731 14.4521083831787
