input_data/future_climate/CanESM5_585/_bio19_a.asc
ncols  331
nrows  193
xllcorner  17.833372883333
yllcorner  37.9999896166667
cellsize 0.1666667
NODATA_value  -9999
[rows 90 to 119 of 193, columns 204 to 271 of 331]
125.875 123.75 121.625 118.4375 116.25 113.125 108.5 105.5625 104.125 104.1875 104.3125 104.875 105.6875 107.8125 108.4375 109.0625 111.5625 114.25 117.875 121.1875 124.75 128.25 133 136.375 141.4375 143.0625 141.8125 138.875 135.6875 132.9375 130.5 126.8125 125.625 123.125 118.0625 116.75 115.5625 111.75 109 110.0625 107.9375 109.125 110.1875 108.1875 110.4375 114.0625 114.8125 112.6875 104.4375 96.3125 91.0625 88.875 87.125 83 79.9375 76.25 73.5625 71.625 70.25 70.4375 70.5625 70.5625 70.1875 70.75 70.75 70.8125 71.4375 72
127.3125 125.0625 122.5 120 117 114.8125 112.3125 109 105.8125 104.375 104.4375 104.8125 105.1875 106.875 107.1875 108.25 110 112 115.875 120.625 124.5625 130.125 135.375 140.9375 145.9375 149.6875 146.5 143.125 140.75 137.0625 133.625 129.625 126.8125 128.125 124.3125 120.3125 118.75 114.0625 110.0625 108 111.0625 109.6875 108 107.8125 111.1875 110.9375 109.5625 105.75 99.75 93.5625 89.1875 87.9375 84.1875 81.9375 77.9375 75.75 73.9375 72.25 71.25 70.875 70.9375 70.75 69.625 70.375 70.8125 71 71.3125 71.625
128.25 127.3125 125.75 121.3125 118.125 116.125 114.6875 111.3125 107.9375 106.0625 104.125 104.8125 104.875 105.25 106.25 107.0625 107.875 109.5 112.5625 118.3125 123.125 129.5625 135.75 142.625 149 151.1875 149.25 146.375 143 139 136.9375 134.9375 132.8125 132.5 131.375 126.8125 122 115.5625 112.6875 109.125 106.1875 105.6875 108.4375 109.1875 107.25 105.3125 105.1875 97.625 94.75 92 89 86.1875 82.0625 77.9375 76.5 75.75 73.9375 73.5625 70.75 70.25 69.875 69.5 69.8125 70.25 70.5 70.5625 70.25 71.0625
129 127.75 126.3125 123.125 119.1875 117.625 114.9375 113.4375 108.5 106.25 105.125 104.6875 104.375 104.1875 104.4375 105.125 105.375 107.375 110.125 116.0625 121.625 127.25 134.3125 142.0625 148.0625 150.0625 149.875 148.3125 145.4375 142.6875 141.4375 137.6875 137.1875 134.375 132 127.875 126.5625 121 115.5 114.5625 111.3125 105.1875 107.875 103.9375 98.625 97.625 93.375 90.625 88.6875 87.25 84.3125 81.8125 79.1875 75.125 75.4375 74.5 72.9375 71.75 70.875 70.75 70.375 69.5625 69.5 69.875 70.125 70.4375 70.3125 70.0625
130.3125 128.8125 127.25 124.875 121.75 118.375 116.125 113.3125 109.375 106.6875 106.5625 105.25 103.8125 102.9375 103.5 102.875 102.9375 104.5 107.1875 111.25 118.5625 125.5 133.375 139.5625 145.8125 149 149.8125 148.125 145.4375 143.9375 142.0625 142 141.375 137.375 132.125 128.875 125.875 121.75 120.375 112.5 106.25 101.0625 99.625 95.75 89.625 86.625 85 84.4375 83.8125 82.25 81.0625 79.0625 77.375 75.3125 74.375 73.875 72.5 72.3125 70.75 70.3125 69.875 69.375 68.9375 68.75 67.8125 69.375 69.8125 69.6875
130.6875 130.0625 127.75 124.8125 121.4375 119.1875 116.5625 114.375 110.125 106.875 105.875 104.8125 104.8125 102.3125 102.8125 103.25 101.8125 101.0625 102.5625 106.8125 114.875 123.3125 130.75 136.9375 143.125 147.75 150.25 148.125 147.0625 146.125 149.5 149.375 147.3125 142 132.75 131.25 125.875 125 118.0625 107.9375 97.25 92.4375 92.75 83.625 81.125 80.3125 78.1875 77.4375 77.6875 78.0625 77.75 76.0625 74.6875 74.5625 74.25 73.1875 72.25 71.5625 70.6875 70.0625 69.375 68.6875 68.8125 67.875 67.8125 68.4375 69.6875 69.4375
130.3125 130.3125 129.125 126.25 121.6875 119.25 116.8125 114.8125 112 108 105.75 105.0625 104.25 103.3125 102.4375 102.5625 101.1875 99.875 99.875 105 113.375 121.75 128.9375 136.1875 141.6875 146.4375 147.75 147.75 149.125 149.625 151.9375 149.1875 151.25 144.875 141.5 132.25 128.4375 122.625 113.875 103.625 97.8125 92.375 83.875 76.6875 74 73.0625 71.75 72.75 73.875 74.25 75.0625 74.625 74.0625 74.25 73.375 72.375 71.6875 70.375 69.9375 70 70 69.25 68.6875 67.3125 67.8125 68.875 69 67.75
131.4375 130.6875 129.6875 126.3125 123.0625 119.1875 116.5625 114.625 112.6875 109.25 106 104.75 103.75 103.1875 101.75 101.4375 100.0625 99.6875 100.5 105.625 113.75 120.875 128.625 134.8125 140.5625 145.4375 147.125 148.5 151 154.1875 155.5625 150.5625 152 149.5625 143.8125 134.25 127.3125 118.6875 107.5625 100.0625 95.5625 86.5625 78.125 69.8125 67.0625 67.9375 69.0625 69.875 71.25 72.625 73.375 73.4375 73.6875 73.75 72.75 72.1875 71.25 70.75 70.125 69.9375 69.75 68.9375 67.75 67.9375 68 68.3125 67.6875 67.5
132.875 132.5625 129.9375 126.625 122.9375 120.25 116.875 114.4375 112.75 109.625 106 104.125 103.5 102.8125 101.625 99.9375 99.3125 100 102.5625 107.9375 114.875 120.4375 127.9375 133.8125 140.375 144.0625 146.6875 148 149.8125 155.1875 155.5625 151.8125 150.875 149.6875 145.0625 139.125 124.6875 117.75 107.8125 103 92.9375 81.3125 72.25 67.1875 65.4375 65.25 66.8125 68.1875 69.0625 71.375 72.375 73 72.8125 72.3125 71.6875 71.5625 71 70.9375 70.8125 70 69.75 68.5 67.75 67.25 66.9375 67.375 66 66.625
136.0625 135.5 132.375 127.6875 124.0625 121.0625 118 114.625 112.8125 110.125 107.5625 104.0625 103 101.625 100.9375 100.125 100.3125 102.0625 105.125 109.3125 114.0625 119.8125 125.6875 132.3125 139.625 141.8125 144.8125 147 149.0625 154.0625 154.25 154.8125 151.25 149.375 141.375 131.1875 124.4375 116.4375 108.875 100.0625 91.0625 77.25 70.5625 66.375 64.125 65 65.9375 67.3125 68.875 70.625 70.625 72.1875 71.6875 71 71 71 71.375 71.4375 70.25 70 69 67.3125 67 67 67 66.3125 66.3125 66.0625
142.9375 142.25 138.1875 132.625 127.6875 122 117.5 114.3125 111.6875 109.125 105.5625 103.3125 102.5625 101 100.625 101.0625 101.1875 103.3125 106.375 110.25 114.25 118.625 123.6875 129.6875 136.25 138.0625 140.8125 146.3125 151.375 152.1875 154.625 152 149.75 144.75 133.125 129 122.5625 115.1875 106.875 99.25 85.1875 76.25 69.3125 65.9375 64.1875 64.4375 65.625 67.875 68.3125 70.1875 71.3125 71.1875 71 71 71.1875 71.6875 71.625 71.625 71.375 70.375 68.6875 67.9375 67.375 67 66.5625 67.1875 66.125 65.5625
149.5625 149.125 144.3125 136.0625 130.0625 124.5625 118.375 114.6875 112 107.1875 104.875 103 101.625 101.125 101 100.9375 103.25 104.0625 106.4375 109.8125 112.4375 116.4375 120.875 126.6875 129.8125 134.875 137.875 144.375 148.5625 150.875 150.75 149.4375 151.375 144.5625 132.6875 126.75 121 116.4375 105.75 95.1875 84.8125 75.75 69.6875 65.25 64.8125 65 66.4375 68 67.9375 68.6875 70.125 71.0625 71.125 71.3125 71.5 71.25 71.125 71.4375 71.5625 70.625 67 67.3125 67.625 67.5625 67 66 66.0625 66.0625
152.1875 151.8125 143.5625 136.1875 130.4375 123.9375 116.875 113.375 110.75 107.625 104.25 102.6875 102 100.5625 100.75 102 103.0625 104.3125 106.6875 109.125 111.8125 115.25 118.5625 122.625 125 129.25 134.25 139.375 145.1875 149.4375 149.875 149.5625 148.75 139.3125 133.4375 128.25 122.375 114.625 106.1875 95.375 83.25 76.125 70.0625 67.1875 65.9375 66.4375 67.5 68.5 68.6875 69.25 69.9375 72.25 72.75 73.75 72.0625 71.1875 71 71 70.75 67 67 67 66.9375 66.75 66.3125 65.8125 66 65.8125
153.0625 151.5 143.9375 137.4375 128.5625 121.0625 114.6875 110.25 107.25 103.9375 101.875 101.125 100.25 100.1875 101.75 101.75 102.125 103.9375 106.5625 108.5625 111.3125 114.4375 117.25 119.5625 121.6875 126.9375 130.625 136.1875 141.4375 147.625 148.0625 146.5625 146.625 141.125 135.8125 129.9375 123.75 113 104 92.875 83.6875 76.5 71.5 68.875 67.8125 67.5 67.8125 68.6875 69.6875 71.125 71.125 72 74.5625 73.875 72.125 71.8125 71.1875 71 68.125 67 66.9375 67 66.4375 66 65.5 65.5 65.6875 65.3125
148.375 146.375 140.5625 132.125 125.5 119.375 112.9375 108.25 105 102.125 100.75 98.875 98.5625 99.625 99.75 101.375 102.125 103.625 105.875 107.75 110.1875 112.875 114.375 117.875 121.3125 126.1875 132.125 136.625 139.5625 145 148.1875 147.1875 147 143.125 138.625 130.875 121.9375 111.0625 102.5625 95.0625 83.875 77.5 72.6875 70.3125 68.5 68.375 69.125 70.75 71 72.5 74.375 75 74.1875 73.875 72.75 71.9375 71.4375 71.0625 67.6875 67 66.875 66.6875 65.5 64.75 64.8125 65.1875 65.0625 65.125
142 139 134.375 128.3125 121.4375 115 108.125 104.3125 101.75 100.4375 98.75 98.5 98 98 98.5 99.75 101.625 103.75 105.0625 106.3125 109.125 110.875 113.1875 116.125 120.5 126.375 133.8125 134.3125 137.75 141.875 145.3125 147.125 150.0625 148 140.75 130.5625 120 108.1875 98.8125 92.5 83.0625 76.875 73.125 70.625 69.125 69.25 70.25 70.875 70.875 73.4375 75.875 76.9375 75.1875 74.125 74.0625 72.25 71.0625 70.9375 68.25 67 66.8125 66 65.375 64.375 64.375 64.125 64.375 64.4375
134.8125 132.8125 128.8125 123.4375 118.5625 111.25 106.25 101.4375 98.75 97.4375 97 96.625 96.9375 97.625 99.4375 100.5625 102.125 102.9375 105.5 106 107.1875 109.1875 112.5625 115.125 120.25 125.5625 130.6875 132.8125 135.5 142.25 145.6875 151.875 153.625 151.9375 143.0625 128.9375 116.4375 104.5 94.625 87.1875 80.0625 76.125 73.1875 70.6875 70.0625 70.375 71 70.25 71.5 74.375 77.3125 78 76.6875 74 74 72.875 71.1875 70.5 67.75 66.3125 66.5 65.9375 65.625 64.8125 63.6875 63.75 63.875 63.75
127.625 125.75 122.75 119 113.8125 108.375 104.375 100.75 97.5625 95.375 95.75 96.0625 96 96 96.875 99.3125 102.0625 103 104 106 106.375 108.8125 112.125 115.0625 119.4375 124.5 127.9375 129.875 133.4375 138.875 141.625 148.4375 154.0625 151.5 141.875 126.75 112.125 99 90.3125 83.625 78.25 74.1875 71.75 70.8125 70.3125 70.25 70.75 71.125 72.375 73.5 76 76 75.25 74 73.625 71.125 70.125 69.25 67.6875 66.8125 66.3125 65.25 64.25 64 63.875 63.875 63.25 62.75
121 119.3125 116.625 113.375 109.625 105.5 102.625 98.75 96.4375 95 94.4375 94.125 94.625 95.4375 96.5625 98.4375 100.1875 101.1875 102.75 104.6875 106.0625 108.3125 111.0625 114.4375 118.4375 122.3125 125.6875 128.1875 129.6875 135.5 139.625 145.75 148.375 144.25 135 121.625 108.5625 93.875 84.8125 79.6875 74.8125 73.0625 71.75 71.5625 70.375 70.125 70.3125 71.125 71.875 72.75 73.5 74.8125 74.4375 73.9375 72.9375 71.375 70.4375 69 66.8125 66.0625 65.9375 65.125 64.5625 64.0625 63.25 62.75 62.9375 62.9375
114.5 112.625 110.5 108.3125 104.875 101.875 98.1875 95.75 94.125 92.875 92.1875 92 92.8125 93.25 94.375 96.125 97.375 99.5 100.8125 103.5 105.5625 108.125 111.0625 113.3125 115.5 119.5 123.375 126.25 127.4375 131.0625 135.5625 136.375 138 134 125.5625 114.75 103.3125 89 80.125 76.625 74.125 72.625 71.875 71.625 70.3125 70.0625 70.1875 70.625 71.3125 72.1875 73.375 73.3125 73.6875 73.5 72.1875 70 69.75 67.625 66.1875 65.9375 64.875 63.625 63.25 62.9375 62.5 62.8125 62.875 62.375
108.5625 106.8125 105.125 103.25 99.75 96.875 95.25 93.0625 91.6875 90.375 89.6875 89.4375 89.1875 91.0625 91.6875 92.875 94.1875 96.375 99.25 102.5 104.875 107.3125 110.125 114.125 115.9375 117.8125 122 123 124.5 128 128.5625 127.9375 127.875 124.875 117.5 111.4375 100.5 88.625 80.875 77.4375 74.4375 72.6875 72 71.25 70.125 70 70 70 70 70.625 71.75 72.5625 72.6875 72.625 70.9375 69.8125 68.1875 66.75 66.1875 64.9375 63.9375 63.4375 63 62.75 62.6875 62.9375 62.4375 62.375
102.0625 100.75 100 97.5625 95.5625 93.9375 92 90.875 89.625 88.6875 88.6875 88.6875 88.1875 88.1875 89 91.125 93.1875 95.5 98.875 100.875 104.6875 106.9375 108.8125 111.5625 114.0625 115.125 117.25 120.0625 120.75 122.25 121.3125 121.1875 119.5625 116.4375 111.8125 106.5625 97.9375 88.9375 83.875 79.25 76.0625 73.9375 73.25 72.8125 72.0625 70.5625 70 69.9375 69.3125 69.8125 70.375 71.0625 70.5625 69.6875 69.625 68.25 67 66 65.5 64.5625 63.75 63 62.8125 62.375 62.8125 61.75 60.8125 59.625
96.8125 96.4375 95.3125 94.3125 92.6875 92 90.9375 89.4375 88.9375 88.1875 85.625 84.8125 85.125 85.6875 86.625 89.75 92.4375 94.6875 97.1875 100.4375 104.3125 106.6875 109.4375 111.0625 112.8125 113.5625 115.5625 116.1875 116.4375 117.6875 116.9375 115.1875 114.125 110.75 107.3125 103.0625 96.75 89.0625 84.3125 82.375 76.9375 74.3125 73.25 73 72.8125 71.75 70.4375 69.375 68.0625 68.75 69.75 70.9375 69.5 69 67.875 67.1875 66.4375 64.9375 64.5625 63.6875 63.125 62.875 62.625 62.1875 61.25 59.375 59.25 59.4375
93.6875 93.5625 93.375 91.9375 91.0625 90 87.4375 86.75 86 84.3125 83 82.75 82 82.8125 84.625 88.5 91.75 94.1875 96.25 99.6875 103.1875 106.5 108.375 109.625 110.375 112 113.375 114 114.375 115 113.625 110.5625 107 105.1875 102.375 98.5625 93.25 88.25 85.4375 82.3125 77.25 75.75 75.125 73.4375 72.8125 72.25 71.8125 71.125 70.0625 70.1875 70.3125 70.75 69.25 68.25 66.9375 66.4375 65.375 64.125 63.1875 62.5625 62.5625 61.625 61.6875 60 59.5 59.5625 59.9375 59.375
89 88.9375 88.75 88.0625 87.5 85.125 84.375 84 83.3125 83.0625 82.1875 81.6875 81.3125 81.125 82.5625 85.75 89.1875 92.1875 94.8125 97.375 100.3125 104.5625 107.1875 108.25 109.1875 109.5 110.1875 109.9375 109.75 110.375 109.5625 107.0625 103.8125 101.4375 99.1875 95.6875 91.5625 88.0625 85.25 81.625 77.4375 76.125 75.1875 74.375 74.6875 73.8125 73.125 72.4375 71.8125 71.3125 70 68.0625 66.625 65.9375 65.1875 64.3125 63.375 62.8125 62.375 61.6875 60.8125 60.125 59.8125 59.0625 59.0625 59 59 58.9375
86.375 85.75 85.375 85.5 84.4375 83.9375 83.5 83 81.5 81.3125 81.0625 81 80.9375 81 81.5625 83.875 86.75 90.5 93.1875 96.6875 99.3125 102.75 104.75 106.1875 105.9375 106.75 106.9375 106.8125 105.75 105.375 105.625 103.875 100.75 99.3125 97.6875 94.25 91.625 89.125 86.6875 84.5 79.625 76.9375 75.9375 75.5625 75.875 75.875 75.25 73.5 72.6875 71.9375 70.5 69.25 66.1875 65.5 64.5 63.3125 63 62.3125 61.125 60.3125 59.75 59.1875 58.9375 58.4375 58.4375 58.1875 58 57.8125
82.8125 82.5625 82.3125 82.4375 81.9375 81.625 80.9375 80.8125 80.75 80.5625 80.625 80 79.6875 80.6875 81.4375 83.6875 85.9375 88.5625 91.875 94.5 97.4375 99.6875 101.5 103.375 103.25 103.5 102.9375 102.375 102.0625 101.1875 101.25 100.0625 97.9375 96.4375 94.75 92.4375 91.125 89.25 87.125 83.5625 80 77.375 76.375 76 76.1875 76.3125 76.3125 74.3125 72.9375 72.0625 69.6875 67.8125 66.0625 64.625 62.875 63 62.5 61.125 59.875 59.25 58.25 57.6875 57.1875 57 56.9375 56.6875 56.375 56.125
80.9375 79.3125 78.625 79.4375 79.1875 78.375 78.4375 78.25 77.75 77.6875 77.625 77.75 78.5 79.8125 81.875 83.625 84.875 86.6875 89.3125 91.5625 94.375 97.3125 99.25 100.375 100.875 101.125 100.75 100.5625 99.25 98.125 96.6875 96.3125 94.9375 92.5625 90.5625 89.875 89.75 88.375 86.3125 81.75 79.75 77.125 76.6875 76.0625 76 76.75 76 74.1875 73 71.1875 68.0625 66.875 65.75 63.5625 62.9375 62.375 60.1875 59.75 58.6875 58.3125 56.875 56.75 56.6875 56.4375 55.625 55 53.9375 54.5
77.25 77 76.8125 76.4375 76.1875 76.125 75.75 75.6875 75.8125 76 76.5 76.875 77.125 77.375 80.125 82.3125 84.125 85.4375 88.125 89.875 91.625 94.0625 95.375 96.125 97.0625 97.6875 97.375 97.5 96.5 95.375 93.75 92.5625 90.875 89.9375 89.6875 89.5625 88.625 87 85.125 81.75 79.0625 77.375 76.5 76.4375 76 76 75.5625 73.3125 72.5625 69.1875 67.375 64.875 63.625 62.625 62 60.3125 59.25 58.3125 57.375 56.0625 55.125 55 54.0625 53.6875 53.875 53.375 53.25 53.25
75.6875 75.0625 74.75 74.5625 74.0625 73.9375 74 74.0625 74 74.0625 74.25 74.5 76.125 76.875 77.5 80.4375 81.75 84 85.5625 88.5625 89.6875 90.6875 92.25 92.9375 93.5 94.4375 94.3125 94.25 93.6875 93.1875 91.6875 90.75 89.625 88.375 87.5625 87.4375 86 85.5 83.8125 81.375 78.6875 77.25 76.5 75.375 75.6875 75.25 73.625 72.75 69.75 67.5625 65.8125 63.8125 62.375 61.9375 60.3125 59.125 58 55.9375 55.3125 54.9375 54.0625 53.5625 53 53 52.9375 52.9375 53 53.0625
