input_data/future_climate/CanESM5_585/_bio19_a.asc
ncols  331
nrows  193
xllcorner  17.833372883333
yllcorner  37.9999896166667
cellsize 0.1666667
NODATA_value  -9999
[rows 60 to 89 of 193, columns 0 to 67 of 331]
144.125 144.625 148.25 150.1875 149.6875 150.5 151 -9999 -9999 -9999 110 112.166664123535 116.818176269531 113.916664123535 110.071434020996 107.846160888672 107 105 104 104 110 127 138.5 141.555557250977 144 146.125 150.199996948242 191 190.4375 183.4375 183.5625 185.0625 191.125 198.375 193.3125 186 168.6875 159.3125 158 158.8125 159.071426391602 155.428573608398 152.75 131.5 -9999 144 -9999 -9999 -9999 -9999 -9999 -9999 -9999 -9999 106.599998474121 106 -9999 -9999 -9999 120 120.5 123 -9999 125 -9999 -9999 -9999 133
135.3125 138.8125 140.9375 143.9375 147.3125 151.625 152.230773925781 147 -9999 -9999 -9999 -9999 112.333335876465 111.857147216797 109.33332824707 108.75 109.699996948242 107.5 105.214279174805 106.615386962891 108.66667175293 117.199996948242 130.222229003906 136.25 141.800003051758 146.333343505859 148.636367797852 185.25 146.846160888672 144.888885498047 144.615386962891 142.4375 145.125 183.5 181.428573608398 170.333343505859 151.300003051758 118.5 148 127.222221374512 129.5 -9999 -9999 -9999 -9999 -9999 -9999 -9999 -9999 -9999 -9999 -9999 -9999 -9999 106 -9999 104.5 -9999 -9999 119 120 -9999 -9999 -9999 149 -9999 128 152.857147216797
123.5 131 130.9375 133.6875 141.125 144.4375 147.125 142.133331298828 106.400001525879 103 -9999 -9999 -9999 -9999 -9999 -9999 108 -9999 110.5 110.199996948242 109.75 112 125.857147216797 135 140 144 145 145.111114501953 144 138 128.5 134 136 138.5 136 -9999 -9999 -9999 -9999 -9999 -9999 -9999 -9999 -9999 -9999 -9999 -9999 -9999 -9999 -9999 -9999 -9999 -9999 -9999 101.5 -9999 -9999 -9999 -9999 -9999 -9999 138.454544067383 139.714294433594 147.625 150.375 152.071441650391 153.4375 156.0625
124.0625 131.875 132.375 136.3125 137.0625 135.125 109.769226074219 108.400001525879 101.400001525879 98 -9999 -9999 -9999 -9999 -9999 -9999 -9999 -9999 -9999 -9999 -9999 -9999 -9999 -9999 -9999 -9999 -9999 -9999 -9999 -9999 -9999 -9999 -9999 -9999 -9999 -9999 -9999 -9999 -9999 156 158.25 128.800003051758 162 130.5 161.83332824707 161.25 160.5 158.214279174805 153.153839111328 146.181823730469 138.375 127.571426391602 118.33332824707 116 -9999 -9999 -9999 -9999 -9999 -9999 136 133.25 137.6875 143.0625 147.125 153.375 155.6875 157.0625
126.5625 128.875 132.375 135.5 135.0625 130.8125 129.75 103 100.33332824707 94.6666641235352 91 -9999 -9999 -9999 -9999 -9999 -9999 -9999 -9999 -9999 -9999 -9999 -9999 -9999 -9999 -9999 -9999 -9999 -9999 -9999 -9999 -9999 -9999 -9999 -9999 -9999 151 153.857147216797 156.555557250977 159.6875 163.307693481445 165.266662597656 166.9375 166.5 164.625 162.4375 160.3125 156.625 151.4375 144.5 137.4375 128.625 121.3125 119.5625 119.384613037109 120.583335876465 122.833335876465 124.166664123535 124.400001525879 126.25 127 128.75 135 141.9375 146.875 152.3125 155 156.75
144 149 147.4375 153.4375 142.399993896484 131.4375 129.66667175293 107 -9999 -9999 -9999 -9999 -9999 -9999 -9999 -9999 -9999 -9999 -9999 -9999 -9999 -9999 -9999 -9999 -9999 -9999 -9999 -9999 -9999 -9999 -9999 -9999 -9999 117.600006103516 148.25 149.454544067383 151.266662597656 154.600006103516 158.625 163.5625 168.375 171.125 170.8125 167.8125 164.9375 161 157.75 154.1875 148 142.375 136.5625 129 123 121.3125 119.625 120.3125 122.4375 123.9375 123.625 124.5 126.625 129.875 135.4375 141.1875 146.625 150.5 152 153.9375
166.75 167.375 163.785705566406 167.0625 122.08332824707 109 -9999 -9999 -9999 -9999 -9999 -9999 -9999 -9999 -9999 -9999 -9999 -9999 -9999 -9999 -9999 -9999 -9999 -9999 -9999 -9999 -9999 131 128.25 123.5 -9999 112 110.600006103516 143.33332824707 146.5625 148.6875 151.625 156.5 162.1875 168.3125 174.125 177.5625 174.9375 170.25 165 160.625 156.125 152 146.9375 140.6875 135.5 130.0625 125.6875 122.8125 121.4375 120.8125 120.6875 122.1875 122.5625 124.75 127.75 132.125 137.5 143.3125 148 152.125 153.75 154
156.0625 122.25 126.777770996094 129.399993896484 127 -9999 -9999 -9999 -9999 -9999 -9999 -9999 -9999 -9999 -9999 -9999 -9999 -9999 -9999 -9999 -9999 -9999 -9999 -9999 -9999 140.199996948242 138.5 131.75 161.8125 155.5 117.133331298828 111.714286804199 112 110.363632202148 144.375 147.375 151.625 157.125 162.75 169.4375 175.875 179.8125 176.125 170 163.875 158.125 154.25 149.75 145.6875 139.75 135.1875 131.125 127.0625 123.875 102.0625 101.5 102.125 102.6875 122.625 125.0625 129.75 133.875 140 145.4375 150.5625 153.875 156.25 155.6875
104 113 -9999 -9999 -9999 -9999 -9999 -9999 -9999 -9999 -9999 -9999 -9999 -9999 -9999 -9999 -9999 -9999 -9999 -9999 -9999 -9999 -9999 -9999 -9999 -9999 -9999 127.399993896484 158.5625 120.444442749023 113.83332824707 106.285713195801 100 108.333335876465 143.6875 147.0625 149.875 154.6875 161.375 168.5 174.6875 176.625 173.1875 167.3125 161.125 157.1875 152.625 148.625 145.375 140.6875 136.3125 132.6875 129.25 124.4375 121.5 102.125 101.6875 103 122.3125 125.6875 130.3125 134.9375 140.75 145.5625 151.6875 155.9375 157.8125 157.625
-9999 -9999 -9999 -9999 -9999 -9999 -9999 -9999 -9999 -9999 -9999 -9999 -9999 -9999 -9999 -9999 -9999 -9999 -9999 -9999 -9999 -9999 -9999 -9999 126.66667175293 124.5 125.5 126.222221374512 154.923065185547 147.333343505859 140.41667175293 133.571426391602 128.375 104.75 142.928573608398 143.6875 146.25 152 159.1875 167.4375 172.6875 173.1875 168.75 164 159 155.625 152.25 147.6875 144.875 141.1875 137.125 132.75 127.875 123.75 122.1875 122 121.1875 104 123.75 126.6875 130.75 135.6875 140.5 146.375 152.5 158.125 162.1875 164.5
-9999 -9999 -9999 -9999 -9999 -9999 -9999 -9999 127.428573608398 -9999 -9999 -9999 -9999 -9999 -9999 -9999 -9999 -9999 -9999 -9999 -9999 -9999 -9999 121.5 123 124.0625 158.9375 158.4375 154.5625 148.25 140.625 135.41667175293 103.375 108 -9999 137.857147216797 140.625 147.25 155 165.25 169.875 167.875 163.5 159.8125 156.0625 154.375 152.75 147.625 146.1875 143.3125 138.6875 133.6875 128.125 123.25 121.875 121.75 122.4375 123.1875 125.3125 127.1875 130.4375 134.8125 140.625 147.875 155.25 163.125 169.5625 172.25
-9999 -9999 -9999 -9999 -9999 -9999 -9999 -9999 -9999 -9999 -9999 -9999 -9999 -9999 -9999 -9999 -9999 -9999 -9999 -9999 -9999 -9999 -9999 118 118.099998474121 119.400001525879 121.6875 155.416656494141 152.733337402344 148.5 140.333343505859 -9999 -9999 -9999 -9999 -9999 134.75 139.909088134766 149 157.33332824707 162 161.1875 159 156.375 154.5 152.75 151.625 149.875 147.4375 145.1875 142.4375 135.625 130.9375 124.4375 124.3125 124.0625 124.9375 125.5 126.875 129 131.1875 134.4375 141.125 149.75 158.125 166.1875 172.9375 178.8125
-9999 -9999 -9999 -9999 -9999 -9999 -9999 -9999 -9999 -9999 -9999 -9999 -9999 -9999 -9999 -9999 -9999 -9999 -9999 -9999 -9999 -9999 -9999 -9999 -9999 111.25 115.33332824707 122 122 -9999 -9999 -9999 -9999 -9999 -9999 -9999 127 129 -9999 149.199996948242 153.5 155.6875 155.0625 152.9375 151.25 151.75 152 152.375 150.6875 146.25 144 139.5625 136.5625 132.875 129.9375 128.8125 129.125 128.625 128.625 129.5625 131.4375 133.9375 139.375 147.9375 156.8125 165.0625 172.3125 176.3125
-9999 -9999 -9999 -9999 157.5 149.100006103516 157.636367797852 124.066665649414 123.75 122 -9999 -9999 -9999 -9999 -9999 -9999 -9999 -9999 -9999 -9999 -9999 -9999 -9999 -9999 102.5 106.25 111 -9999 -9999 -9999 -9999 -9999 -9999 -9999 -9999 -9999 -9999 -9999 -9999 142.285705566406 147 149.125 148.5 148.125 147.5 148.3125 149.5 151.375 153.0625 148.5625 142.4375 138.8125 137.875 136 135.25 134.4375 133 131.125 129.6875 129.6875 130.3125 133.0625 138.1875 143.1875 151.8125 159 166.4375 170
-9999 -9999 -9999 138.75 190.5625 183.8125 162.333343505859 125 -9999 -9999 -9999 -9999 -9999 -9999 -9999 -9999 -9999 -9999 -9999 -9999 -9999 -9999 -9999 -9999 -9999 -9999 142.5 146.142852783203 147.714294433594 -9999 -9999 -9999 107 -9999 -9999 -9999 -9999 -9999 -9999 138.4375 142.5625 144.6875 144 143.3125 141.625 142.125 145.8125 149.8125 151.75 147.375 138.625 136.3125 137.625 139.5 143.8125 145.8125 140.4375 136.375 132.5 131.0625 131 133.5 136.625 141.1875 149.8125 157.625 163.1875 165.875
-9999 121.75 130.5 172.75 187.9375 179.66667175293 -9999 -9999 -9999 -9999 -9999 -9999 -9999 -9999 -9999 -9999 -9999 -9999 -9999 -9999 -9999 -9999 170 161.888885498047 152.83332824707 147.285720825195 148 149.875 146.199996948242 143.600006103516 -9999 -9999 -9999 -9999 -9999 -9999 -9999 -9999 -9999 136.9375 140 141.75 141.375 140.125 138.125 138.6875 141.625 146.3125 146.125 140.8125 132.3125 133 140 147.25 154.25 153.9375 146.4375 139.5 133.6875 129.9375 130.3125 132.0625 136.625 142.5 150.5 156.4375 161.25 164.5
-9999 120.25 131.5625 193.625 199.125 178.866668701172 156 -9999 -9999 -9999 -9999 -9999 -9999 -9999 -9999 -9999 -9999 -9999 -9999 -9999 -9999 184 177.333343505859 169.375 161.125 153.375 149.1875 148 146.0625 144.0625 142 140 -9999 -9999 -9999 -9999 -9999 -9999 -9999 136.66667175293 138.5 139.375 138.75 137.3125 134.5625 134.3125 140.375 147.125 148.5625 144.1875 136.9375 139.4375 149.1875 155.5625 161.6875 159.25 148.5 138.375 130.875 126.75 128 131.625 136.25 142.3125 150.125 155.4375 160.125 164.5
120 125.83332824707 139.8125 189.5 190.142852783203 152.428573608398 -9999 -9999 -9999 -9999 -9999 -9999 -9999 -9999 -9999 -9999 -9999 -9999 -9999 -9999 -9999 186.777770996094 182.6875 175.3125 167.3125 157.625 149.25 144.375 146.5625 146.3125 141.4375 139.75 136.5 -9999 -9999 -9999 -9999 -9999 137 135.785720825195 138.25 138.75 138.4375 137.25 136.375 137.8125 146.0625 153.375 156.875 156.9375 155.0625 156.1875 160.875 166.3125 163.25 156.1875 145.9375 136.0625 127.375 121.875 125.5625 130.5 135.875 142.25 150.1875 156.0625 160.75 162.6875
-9999 131 138.933334350586 147.090911865234 159 -9999 -9999 -9999 -9999 -9999 -9999 -9999 -9999 -9999 -9999 -9999 -9999 -9999 -9999 -9999 -9999 188.636367797852 187.5 182.0625 172.375 162.625 153.75 148.625 147.625 145.9375 141.125 137.5625 133.692306518555 129.600006103516 128 -9999 137 138.555557250977 137.133331298828 137.125 138.1875 139.125 141.4375 141.4375 143.25 145.5 151.5 157.875 166.375 170.3125 171.4375 171.1875 172.6875 171.625 162.75 153.6875 143.75 134.75 126.4375 122.3125 125.875 130.5625 135.5625 143.1875 149.6875 156.25 161.125 160
-9999 132.5 136.899993896484 142.5 -9999 -9999 -9999 -9999 -9999 -9999 -9999 -9999 -9999 -9999 -9999 -9999 -9999 -9999 -9999 186.25 189.454544067383 192.0625 193.625 191.1875 181.5625 168.125 160.8125 156.25 150.0625 146.1875 139.4375 134.9375 129.3125 127.1875 129.1875 132.1875 135.8125 138.625 136.6875 137.0625 138.3125 140.25 142.1875 143.375 144.75 148.125 153.375 161.1875 171.125 181.1875 185.125 178.1875 173.625 168.25 160 150.375 140.9375 132.9375 127.75 125.875 127.8125 130.8125 135.5 143.5 148.5625 154.4375 159.5625 159.4375
-9999 -9999 -9999 -9999 -9999 -9999 -9999 -9999 -9999 -9999 -9999 -9999 -9999 -9999 -9999 -9999 -9999 -9999 -9999 185.416656494141 189.625 195.625 200.125 196.0625 184.8125 172.875 167.1875 163.1875 155.25 148.0625 139.4375 130.3125 123.875 121.875 126 129.6875 131.875 132.875 134.125 136.125 137.8125 140.6875 143.625 148.0625 146.8125 148 152.1875 158.75 167.1875 179.25 186.125 179.5 171.8125 165.0625 156.125 146.875 138.25 131.375 128.3125 127.25 128.375 131.875 136.5625 142.375 146.875 151.625 155.4375 158.8125
-9999 -9999 -9999 -9999 -9999 -9999 -9999 -9999 -9999 -9999 -9999 -9999 -9999 -9999 -9999 -9999 -9999 -9999 148 183.4375 188.6875 194.4375 200.6875 199.0625 188.9375 179.0625 172.625 166.5 159.6875 149.5625 139.5625 128.75 119.25 118.3125 123 126.875 128.1875 128.8125 130.3125 133.875 138.1875 140.8125 144.125 147.0625 147.375 148 149.8125 152.625 157.9375 168.0625 174 172.0625 167.8125 160.5625 153.25 144.4375 136.375 129.875 128.25 129.0625 130.0625 132.3125 136.3125 142.6875 146.3125 149.75 152.375 154.8125
-9999 -9999 -9999 -9999 -9999 -9999 -9999 -9999 -9999 -9999 -9999 -9999 -9999 -9999 -9999 -9999 -9999 -9999 179.75 178.875 181.6875 188.0625 193.375 197.625 193.25 182.375 174.5625 167 159.0625 149.75 140.125 130.6875 122.5625 119.9375 121.9375 124.6875 125.375 125.375 127.1875 131.875 136.875 141.875 144.5625 145.625 145.625 147.25 148.375 149.3125 152.4375 158.8125 163.75 163.75 161 156.5625 150.5625 143.3125 135.5625 130.375 129.375 130.1875 132.5 134.1875 137.4375 142.9375 146.25 148.75 150.25 151.4375
-9999 -9999 -9999 -9999 -9999 -9999 -9999 -9999 -9999 -9999 -9999 -9999 -9999 -9999 -9999 -9999 -9999 -9999 178.75 176.5 177.6875 184 188.3125 191.75 191.875 185.4375 178.25 169.9375 161.25 151.6875 143.0625 135.3125 128.875 124.5625 123.0625 123.625 125 125 126.6875 130.6875 136.4375 143 144.0625 144.5625 146 147.625 147.625 148.625 151 153.75 156.125 156.9375 154.9375 152.3125 147.6875 142.6875 136.6875 132.8125 133 132.125 133.25 135.0625 138.5 142.9375 146.1875 149.4375 150.9375 151.1875
-9999 -9999 -9999 -9999 -9999 -9999 -9999 -9999 -9999 -9999 -9999 -9999 -9999 -9999 -9999 -9999 -9999 -9999 -9999 179.769226074219 181.75 186.625 190.5 195.9375 196.5 191.3125 184.5625 177.375 168.0625 158 148.375 140.125 133.5625 128.6875 126.375 124.5 124.4375 124.75 126.1875 129.6875 134.1875 139.75 142.25 143.3125 144.8125 145.9375 146.375 147.6875 148.5 150.0625 150.25 151.0625 149.875 148.125 145.5625 142.3125 138.125 135.25 133.875 133 133.5625 134.9375 139.4375 142.5 146.0625 149.5 151.25 151.9375
-9999 -9999 -9999 -9999 -9999 -9999 -9999 -9999 -9999 -9999 -9999 -9999 -9999 -9999 -9999 -9999 -9999 -9999 -9999 190.41667175293 191.3125 192.125 194 196.6875 197.75 196.4375 192.5625 184.375 174.75 164.6875 153.3125 144.8125 137.8125 132.9375 129 126.75 125.4375 125.5 126 127.6875 131.0625 134.9375 138.75 141.6875 143.3125 144.75 146.25 147.1875 147.5625 147.875 147.9375 147 146.5625 145.75 143.5625 141.125 137 135.6875 133.875 132.5625 132.9375 135.5 140.125 144.0625 147 149.5625 151.8125 151.625
-9999 -9999 -9999 -9999 -9999 -9999 -9999 -9999 -9999 -9999 -9999 -9999 -9999 -9999 -9999 -9999 -9999 -9999 -9999 199.5 198.5 195.625 197 199.4375 199.5 200 199.4375 191 181.125 168.3125 158.5625 149.5625 141.9375 136.75 132.0625 128.625 126.4375 125.625 125.6875 126.375 128.8125 131.875 135.5 138.1875 140.375 143.8125 145.1875 145.6875 145.8125 145.875 144.5625 144.5 145.1875 144.3125 142.6875 139.5 136.9375 134.125 132.75 131.875 132.375 136.25 141.25 144.9375 148.5 151.3125 152.125 150.8125
-9999 -9999 -9999 -9999 -9999 -9999 -9999 -9999 -9999 -9999 -9999 -9999 -9999 -9999 -9999 -9999 -9999 -9999 -9999 201.714279174805 197.625 193.0625 193.0625 197.625 200.375 202.4375 203.1875 195.625 183.25 172.375 162.875 152.3125 145.875 140.0625 134.4375 129.5625 126.8125 125.0625 124.8125 126.0625 127.3125 129.25 132.3125 135.125 139.4375 143.125 145 146.6875 146.75 144.75 141.75 142.375 144.125 144.5 142.5625 139.625 138.1875 133.8125 132.6875 133.375 134.625 138.8125 142.75 146.125 150.625 153.5625 154.25 152.1875
-9999 -9999 -9999 -9999 -9999 -9999 -9999 -9999 -9999 -9999 -9999 -9999 -9999 -9999 -9999 -9999 -9999 -9999 -9999 198.777770996094 193.08332824707 187.6875 187.3125 192.625 197.0625 199.8125 198.6875 191.125 179.4375 169.125 160.5 153.9375 146.375 141 135.8125 131.3125 127.4375 125.75 126.0625 126.6875 126.25 127.875 130.625 135.875 141.6875 144.625 146.25 148.3125 148.25 146.25 145.625 145.625 146.8125 145.25 142.5625 140.0625 137.5625 134.0625 132.875 134.5625 137.0625 140.875 144.1875 148.0625 152.5625 156.375 156.625 154
-9999 -9999 -9999 -9999 -9999 -9999 -9999 -9999 -9999 -9999 -9999 -9999 -9999 -9999 -9999 -9999 -9999 207 205.142852783203 200.5 189.699996948242 185.375 184.1875 187.5 190.0625 191.375 189.9375 181.0625 170.4375 161.125 154.375 149.625 144.9375 140.5 136.3125 132.5625 129.375 129.0625 128.625 128 126.625 126.6875 131.0625 137.8125 142.5 145.8125 147.125 148.375 150 152.9375 156.9375 155 151.1875 148.0625 145.0625 140.75 137.375 135.375 134.1875 137.125 139.3125 142.125 146.0625 150.5 154.125 156.4375 156.125 154.4375
