input_data/future_climate/CanESM5_585/_bio13_a.asc
ncols  331
nrows  193
xllcorner  17.833372883333
yllcorner  37.9999896166667
cellsize 0.1666667
NODATA_value  -9999
[rows 155 to 185 of 193, columns 142 to 212 of 331]
113.5 111.9375 107.1875 103.5625 101.625 97.5 92.75 87.9375 85.5 84.125 82.75 80.625 78 75.875 74.875 73.625 70.875 68.4375 66.5625 63.5625 60.625 56.8125 53.3125 50.5 47.125 44.4375 42.1875 41.625 40.625 38.5 36.5625 34.25 34.25 32.5625 29.875 28.125 26.1875 25 24.1875 23.875 22.75 21.6875 21.375 20.8125 20.3125 20 19.25 19.375 19.1875 19 18.9375 18.1875 18 18.1875 18.625 19.4375 20.375 19.75 20.1875 19.9375 19.875 19 19.3125 19.6875 20.875 21.25 21.0625 21.0625 19.8125 18.5 18.9375
122.1875 118.1875 113.5 111.125 110.6875 106.125 102.5625 98.5625 96.5625 93 88.125 84.125 81.5 80.3125 78.125 75.8125 73.6875 71 68.5625 65.3125 63.25 61.8125 58 54.4375 51.125 48.625 46.375 45.125 45.125 42.9375 41.625 40.5625 38.625 34.9375 32.4375 29.625 26.5 25.625 24.125 23.625 22.9375 22.5 22.5625 21.9375 21.3125 20.625 19.9375 19.125 19.0625 18.375 18.125 17.875 17.625 17.0625 16.9375 17 18.4375 19.25 19.6875 19.1875 19.375 20.1875 20 20.8125 21.125 21.6875 20.5 20.1875 20.5 21.0625 20.9375
125 121.1875 116.25 118.4375 117.8125 116.875 115.0625 112.3125 110.8125 102.75 95.875 90.5 86.5625 84 81.5625 79.25 76.4375 73.5625 70.8125 67.875 66.625 64.9375 61.75 57.375 55.25 52.9375 51.25 49.6875 49.25 47.6875 46.4375 44.8125 40.4375 35.9375 33.6875 31.25 28.25 26.5625 25.5 24.875 24.4375 23.8125 23.5625 23.1875 22.5 21.75 20.9375 19.75 18.6875 18.25 18.0625 17.9375 17.5 17 16.9375 16.6875 16.9375 18 18.375 18.9375 20 20.3125 20.4375 20.5 20.5 21.625 21.0625 20.8125 20 19.5 18.875
126.125 121.5 116.75 119 125 128.5625 124.8125 123.375 120.375 113.1875 105.9375 99.375 92.5625 86.9375 84.0625 81.5625 77.75 76.3125 74.125 70.0625 68.8125 67.375 63.3125 60.25 59.1875 57.625 55 53.125 52.625 49.875 49 46.25 42.125 37.5 34.6875 33.125 30.125 28.5 27.1875 26.4375 26.625 25.625 24.75 24.25 23.6875 22.75 22 20.75 19.25 18.625 17.75 17.8125 17.375 17.125 17.1875 17 17 17.5 18.375 18.875 18.9375 18.75 19.875 20.375 20 19.9375 20.0625 20.625 20 20.0625 19.5625
140.875 136.75 130.25 122.6875 123.5625 130.875 128.0625 131.125 132.1875 125.5625 117.125 108.75 98.625 91.9375 87.9375 85.875 86.875 84.625 83.9375 82.125 77.6875 73.4375 67.75 63 60.375 59.3125 59.5 59.25 56.3125 51.8125 48.9375 45.5625 41.875 38.3125 35.8125 33.5625 32.5625 31.3125 30.5 29.3125 28.3125 27.3125 26.1875 25.4375 24.3125 23.5625 23 21.9375 20.1875 19.3125 18.5625 17.625 17.5 17.5 17.6875 17.75 17.3125 16.75 17 18.4375 18.5 18.375 19.5625 21.3125 20.8125 19.9375 20.5 20 20.25 20.1875 20
145.6875 136.125 143.0625 135.375 134.875 140.25 137.8125 136.5 129.0625 127.375 131.3125 126.625 112.125 103.3125 97.75 92.875 94.5625 103.625 104.5625 95.0625 89.1875 83.9375 78.5625 73.75 69.0625 64.625 63.0625 62.8125 58.3125 52.9375 48.25 44.8125 41.6875 39.0625 37.375 36.25 35.125 33.4375 32.5625 31.375 30.25 28.625 27.9375 27 25.6875 24.4375 23.5625 22.75 21.0625 20.5 19.6875 18.8125 18 17.75 17.6875 17.3125 17.4375 16.875 16.5 17.8125 17.375 17.5 18.25 20.3125 20.125 20.125 20.0625 20.0625 20.3125 21.375 20.8125
153.1875 152.625 144.875 141.4375 139.25 138.625 134.6875 131.25 132.375 130.9375 134.8125 135.5625 122.9375 116.8125 111.8125 107.8125 104.25 106.375 112.9375 112.25 105.75 91.25 82 77.1875 72.75 69.8125 66.75 66.4375 63 57.4375 51.5 46.625 42.8125 39.125 39 38.9375 37.0625 35.75 34.9375 33.9375 32.4375 31.25 29.75 28.4375 27.3125 26 24.6875 23.3125 21.75 21.0625 20.1875 19.6875 18.875 18.1875 17.3125 17.375 17.6875 17.625 17.125 18.25 18.25 19.25 18.6875 19.375 19.5625 20.0625 20.3125 21.25 20.875 20.5625 20.4375
170.6875 167.125 163.75 153 140.375 136.6875 135.4375 135.5 136.3125 130 131 130.875 135.6875 133.3125 126.875 117.6875 117 120.9375 129.125 128.3125 123.25 114.25 101.25 89.625 82.375 79.375 76.125 74 70.5625 67 64.8125 59.8125 54.375 46.875 42.4375 40.4375 38.6875 38.0625 37 36.25 35.0625 33.375 31.5 29.875 28.5 27.25 26.0625 24.5625 22.6875 21.625 21 20.375 19.3125 18.8125 18 17.875 17.75 17.875 18 16.9375 16.75 19.125 19.3125 19.5625 20 20.625 20.375 20.625 20.3125 20 20.3125
177.625 184.4375 176.1875 165.3125 151.125 142.625 142.0625 138.1875 135.3125 139.5625 136.0625 131.8125 129.3125 127.1875 134.5 137.5625 139 139.0625 137.375 138.125 132.5625 127.5 123 115.8125 102.125 94.625 96.8125 94.1875 91.5 93.0625 94.625 86.875 63.9375 55.75 49.625 48.0625 42 39.625 38.9375 38.4375 37.5 36.8125 33.5 31.5 30.0625 28.75 27.3125 25.6875 23.9375 22.1875 21.6875 20.9375 20.125 19.375 18.5625 18 17.625 17.6875 17.5 17 16.9375 17.0625 18.8125 19.125 19.4375 19.875 20.5625 19.5 18.9375 19.0625 19.25
167.375 184.125 196.3125 191 168.6875 153.9375 143.1875 142.9375 136.25 137.5625 138.25 136.875 132.125 126.875 128.625 130.75 134.75 137.5625 141.5 136.375 135.1875 136.8125 127.5625 116.8125 108.0625 107.3125 102.9375 103.8125 95.25 91.4375 80.5625 77.625 81.0625 73.125 62.5 53 48.0625 42.1875 41.8125 41.375 39.875 38.0625 35.9375 33.375 31.6875 29.6875 28.4375 26.75 25.6875 23.3125 22.5 21.8125 21 19.9375 19 18.3125 17.875 18 17.5625 17.3125 17.25 17 17 17 17.1875 17.8125 17.9375 18.9375 18.625 18.875 18.6875
172.1875 181.75 191.125 200.125 200 187.125 168.125 176.6875 162.9375 143.625 132.25 123.25 130 132 130.375 142.5625 141.375 143.8125 149.875 149.6875 150.125 148.125 144.875 138.0625 138.75 122.5 121.5625 101.5625 98.375 100.3125 98.25 94.625 77.5 85.875 78.3125 69.875 55.375 47.75 44.375 43.5 42.875 40.6875 38.3125 35.875 33 30.8125 29.1875 27.875 26.5 24.8125 23.5 22.6875 21.4375 20.5625 19.625 18.75 18.8125 17.9375 17.375 17.25 17 17 17 17 17 17.0625 17 18.375 18.75 19 19.125
185.16667175293 186.0625 197.125 201.5625 205 204.5625 204.6875 205.1875 183.25 146.4375 138.5625 127.0625 128 140.875 141.875 152.6875 156.0625 163.4375 163.5 155.5625 147.4375 151.5 151.9375 146.1875 135.1875 139.5625 125.5 116.5625 137 117.0625 95.9375 98 85.4375 80.3125 81.6875 79 71.4375 53.875 51.1875 46.9375 46.5625 44.125 41.25 38.1875 34.875 31.75 29.875 28.5 27.5 26 24.1875 23.4375 22.1875 21.125 20.3125 19.5625 18.5625 18 17.25 17 17 17.125 17.1875 17.125 17 16.5 17.1875 18.4375 18.9375 19.0625 19.3125
196.199996948242 197.125 207.5625 216 212.4375 207.875 205.75 208.0625 200.8125 174.125 150.125 135.4375 125.5625 113.375 112.375 122.0625 145.0625 149.3125 152.9375 145.3125 143.125 145.4375 140.4375 142.1875 144.6875 137.1875 127.1875 146.625 140.625 124.25 130.8125 116.375 102.3125 93.5625 90.125 89.5625 82.4375 61.125 53.3125 51.125 49.25 47.5625 44 39.9375 35.9375 32.9375 30.6875 29.375 28 27.0625 24.9375 23.9375 22.6875 21.8125 21.0625 20.1875 19.4375 18.5 17.8125 17.0625 17 17 17.125 17.0625 17.0625 16.9375 17.75 18.875 19 19.25 19.3125
211 218.928573608398 238.125 241.8125 232.6875 219.5 208.5625 193.6875 177.5 163.75 138.375 129.5625 112.75 87.75 84.5 85.375 102.875 117.875 125.1875 122.5 133.8125 128.0625 120.75 119.75 124.3125 130.75 136.75 130.125 129.4375 127.625 141.0625 129.75 122.4375 111.375 106.375 96.8125 85.8125 71.3125 53.625 52.25 52.0625 48.9375 45.4375 40.5625 37.1875 34.0625 31.1875 29.75 28.4375 27.875 26.1875 24.9375 23.875 22.625 21.9375 21.1875 20.125 19.3125 18.5625 17.5625 17 16.375 16.5 16.875 17.375 17.25 18.4375 19.25 19.0625 18.0625 17.1875
-9999 264.625 272.1875 258.8125 216.875 183.25 141.75 130.5625 123.6875 124.4375 113.1875 105 108.9375 115 119.0625 110.4375 97.9375 94.9375 93.875 106.375 129.5625 135 132.125 127.375 118.3125 116.1875 117.8125 119.1875 129.1875 136.75 133.0625 139.6875 136.75 132.25 121.625 109.4375 103.25 99.25 72.0625 55.25 53.125 49.375 45.125 40.8125 37.9375 34.8125 31.375 30 29 28.375 27.1875 25.5625 24.625 23.6875 22.75 22.0625 21.0625 20.3125 19.5 18.5 17.625 17.5 17.625 17 16.75 17 18.9375 18.9375 17.0625 16.875 17
-9999 292.25 244.8125 190.5 166.8125 149.1875 120.875 118.375 114.25 107.75 108.375 117.8125 127.8125 138.25 144.4375 147.3125 144 142 124.125 96.625 101.4375 111.375 116.5625 120.75 121.5 116.0625 111.125 107.875 107.875 113.9375 122.8125 129.1875 132.0625 127.375 123.5 124.9375 105.75 103.125 82.1875 63.5 51.5625 52 49.3125 41.5625 37.5625 35.625 32.375 30.1875 29.5 29 28.125 26.5625 25.5 24.4375 23.6875 22.9375 22.125 21.375 20.6875 19.625 18.875 18.125 17.375 17.3125 17.5625 17.3125 18.3125 17.5625 15.5625 15.875 16
278.666656494141 248.0625 205.25 177.3125 161.9375 121.5 118.875 107.0625 106.0625 99.125 99.0625 117 127.375 144.5 138.75 139.3125 140.8125 130.75 109.0625 94.75 83.5625 84.9375 97.1875 95.9375 98.9375 104.875 109.5 104.8125 99.4375 98.0625 106.8125 112.625 118.3125 124.5625 118.4375 109.0625 107.0625 98.5625 88.0625 73.4375 60.6875 55 52.3125 45.875 37.5 35 33 30.3125 29.5625 29.0625 29 27.5 26.5625 25.5 24.625 23.8125 23.25 22.4375 21.9375 20.625 19.5625 18.25 18.125 17.6875 17.4375 17.5625 18.5 19.5 16.1875 16.5 16
204.75 185.25 142.0625 119.8125 111.1875 111.9375 119.375 113.8125 121.375 126.8125 103.875 100.5625 125.0625 136.875 144.375 137.5 122.0625 98.5 86.25 76.875 72.625 72.0625 78.875 84.0625 87.375 90.875 95.75 102.25 103.4375 100.875 93.125 88.8125 101.75 115 127.6875 119.0625 103.75 93.375 91.375 89.125 81.5625 67.5 59.5 47.875 41 34.9375 32.875 30.8125 30 29.75 29.75 28.625 28 26.75 25.875 25 24.5625 23.6875 22.8125 21.6875 20.4375 19.3125 18.1875 18 18 17.6875 17.5625 18.25 16.5625 16.75 17.1875
134.75 141.375 112.875 103.5625 93.75 99.125 113.0625 107.375 105.5 106.8125 102.8125 121.125 119.75 130.75 142.6875 141.625 131.9375 133.5625 120.8125 93.875 81.6875 74.5625 68.625 71.0625 77.625 83.8125 82.5 82.9375 85.5 93.3125 94.625 82.5 81.0625 89.8125 115.1875 120 119.3125 120.1875 119.5 112.375 98.8125 86.875 68.1875 57.25 43.9375 36.1875 32.3125 30.9375 30.5625 30.4375 30.1875 29.625 29.25 28.25 27.3125 26.625 25.875 24.875 24.125 23 21.4375 20.125 19 18.625 18.4375 18 18 17.875 17.1875 17 17.125
111.6875 95.375 91 90.125 110.3125 109 99.1875 99.8125 104.5 112.875 103.4375 128.8125 122.875 121.6875 132.3125 134.875 130.75 132 124.875 114.25 113.5625 93.25 72.125 68.5625 66.75 68.5 71.5625 68.6875 66.75 66.5 65.9375 70.375 74.6875 76.9375 81.9375 96.4375 105.3125 110.5625 114.1875 113.75 105.875 96.6875 85.75 72.375 52.5 40.75 31.9375 30.4375 30.75 31 31.125 30.875 30.125 29.8125 28.75 28.25 27.3125 26.25 25.3125 24 22.6875 21.3125 20 18.9375 18.8125 18.1875 18 18 17.75 17.0625 17
86.5625 81.3125 94.875 96.8125 102.625 101.9375 99.9375 100.3125 104.625 118.8125 103.125 109.4375 109.9375 108.5625 114.3125 123.3125 124.25 122.3125 111 116.375 122.0625 107.1875 101.1875 92.6875 76 69.375 61.5 57.4375 56.8125 56.6875 54.8125 54.75 54.3125 59 71 76.3125 83.375 87.75 92.4375 94.9375 99.125 95.75 90.9375 78.4375 70.1875 51.9375 37.5625 30.0625 30 31.3125 32.8125 32.625 31.5 31.4375 30.4375 29.8125 28.875 28 26.9375 25.5 23.75 22.375 21.0625 19.4375 18.9375 18.4375 18.25 18 18.125 17.25 17
82.1875 76.8125 77.625 81.25 79.4375 97.75 102.75 108.25 108 95.625 91.5625 91.4375 91.125 91 97.25 110.25 117.1875 122.6875 122.3125 120.0625 110 99.5 114.9375 109.125 104 107.375 101.25 77.1875 61.5 56.5 55.0625 53.4375 51.3125 48.5 52.9375 63.375 71.125 76.4375 82.875 84.25 85.125 84.75 81.625 72.9375 65.5625 57.5625 46.3125 31.375 30.375 31.5 33.25 34.4375 33.3125 33.0625 32.5625 31.75 30.625 29.75 28.6875 27.1875 25.625 23.8125 22.25 20.5625 19.1875 18.5625 18.125 18 18.9375 17.6875 17.4375
83.25 93.9375 87.9375 81.875 84 99.125 109.25 100.9375 95.125 89.875 98.25 96.8125 86.25 87.8125 99.5625 115.25 118.875 111.875 116.625 106.5625 99.875 95.9375 100.1875 104.25 102 107.375 107.5625 110.4375 92.5625 80.6875 68.1875 56.75 51.4375 47.1875 48.9375 51.3125 53.125 55.25 55.625 58.5 61.4375 64.125 71.0625 67.3125 63.25 51.8125 43.1875 34.125 31.1875 32.875 35.1875 36.5 35.75 35.1875 34.75 33.8125 32.8125 31.8125 30.5 29.125 27.25 25.25 23.5625 21.8125 20.125 19.25 18.8125 18 18.9375 18.875 19.0625
92.875 97.875 86 97.9375 99.5625 105.1875 101.5 93.8125 92.5 98.375 105.6875 96.75 80.5625 80.375 89.8125 110.3125 107.3125 91.25 89.125 93.0625 102.8125 91.75 85.6875 84.75 98.6875 105.375 106.625 112.5625 118.625 122 114.0625 84.4375 58.8125 51.5 48.875 49.9375 50.25 48.375 47.5625 48 47.8125 47.4375 50.6875 58.1875 57.375 50.1875 41.5625 35.6875 33.3125 35 36.9375 38.625 38.3125 37.3125 37.1875 36.375 35.25 34.1875 32.8125 31.125 29.25 27.25 25.25 23.5 21.5 20 19 18.5625 19.25 19.3125 19.8125
95.4375 98.375 91.5625 101.6875 93.4375 100.4375 97.375 99.875 94.5625 87.6875 92.4375 89.8125 75.9375 67.3125 62.75 63.6875 61.3125 63.875 69.9375 86.8125 112.625 97.3125 82.375 76.8125 76.75 83.5625 99.875 107.5625 114.375 124.0625 125.3125 99.5 68.75 55.75 50.125 47.375 45.5 43.9375 44.8125 44.875 45.1875 44.625 43.75 44.875 48.6875 45.5 40.3125 34.375 33.1875 34.5625 36.75 38.6875 39.8125 40.25 40 39.25 38.1875 36.6875 35 33.5 31.6875 29.625 27.625 25.5 23.1875 21.25 19.5625 18.6875 19.125 20.3125 20.25
98.75 92.4375 90.5 79 78.375 84.0625 89.625 86.5 90.4375 92.125 89.6875 82.125 71.875 62.25 56.75 53.75 51.25 51.5 57.6875 70.9375 97.5625 98.625 86.875 87.125 91.3125 90.5 97.375 100.375 107.75 115.875 118.4375 109.3125 80.125 62.375 52.9375 46.875 44.3125 41.75 41.75 41.375 43.0625 41.5625 41.4375 39.5625 41.0625 38.75 38.8125 34.1875 33.25 36 38.625 40.875 42.5 43.375 43.625 42.875 41.25 39.6875 38.25 36.6875 34.375 32.1875 30 27.6875 25.25 22.9375 20.6875 19.125 19.5 20.75 20.375
86.5625 81.3125 81 87.5625 91.5625 98.9375 102.9375 100.8125 98.3125 97.375 98.125 101.375 89.0625 73.5625 60.875 53.875 53.125 49.8125 48.9375 54.375 68.75 85.9375 86.5625 94.1875 100.6875 99.8125 98.0625 104.6875 106.375 112.8125 127.6875 111.625 97.9375 72.25 58.0625 49.4375 43.4375 39.6875 38.625 38.4375 39.4375 40.125 41.375 41.75 40.4375 39.0625 37 34.875 36.125 39.75 42 44.1875 45.8125 47.25 47.5625 47.1875 45.8125 44.625 42.3125 40.0625 37.4375 35.0625 32.875 30.1875 27.25 24.5625 22.125 20.125 18.75 18 18.125
99.125 93.75 95.9375 101.9375 104.3125 103.25 94.5 88 83.5625 83.0625 86.75 93.6875 94.0625 89.1875 91.125 72.5 95.375 75.375 49.8125 48.125 56.625 62.6875 65.875 71.25 75.9375 85.9375 100.125 99.625 102.3125 111.75 116.0625 126.25 117.1875 83.1875 63.5625 55.25 46.125 52.5625 60.3125 53.875 44.5 41.1875 43.25 44.4375 44.5 43.0625 40 38.875 40.6875 44.1875 47.25 49.75 51.1875 52.3125 52.625 51.9375 50.875 49.3125 47.375 44.8125 41.9375 38.6875 36.125 33.3125 30.125 26.9375 24.0625 21.5625 19.6875 18.4375 18.6875
94.1875 90.9375 95.6875 94.8125 94.5 91.5625 87.375 82.4375 84.125 84.6875 89.3125 86.8125 82.125 78.5 70.25 67.0625 72.3125 75.6875 58.3125 49.1875 46.4375 51.125 70.9375 73.4375 80.4375 84 81.25 89.5 98.6875 109.0625 108 114.4375 118.75 88.625 65.75 57 52.1875 63.9375 75.9375 69.5 54.75 45.3125 48.3125 51.25 52.0625 48.9375 45.375 44.8125 47.1875 50.5 53.75 56.375 57.875 59.0625 59 58.6875 56.875 54.75 52.4375 49.8125 46.8125 43.4375 40 36.4375 32.9375 29.625 26.4375 23.375 20.75 19.125 19.1875
102.75 96.5 98.875 93.6875 89.6875 86.625 80.3125 81.8125 87.5625 94.125 100.4375 98.875 88.3125 88.8125 87.375 81.6875 73.4375 61.875 60 55.5 46.25 46.75 54.5 58 64.75 77.5 80.6875 83.5625 93.3125 101.125 92.75 99.75 100.5 80.125 61.625 56.4375 54.1875 59 63.5625 62.875 58.375 58.375 61.3125 64.4375 65.3125 61.9375 53.875 53.125 55.8125 59.25 63.1875 65.0625 66.4375 66.6875 66.0625 65 63.5 61.75 59 55.375 52.1875 48.5625 44.6875 40.875 37.125 32.875 29.25 25.8125 22.5625 20.25 19.75
113.8125 104.875 102.9375 97.6875 90.5625 87.8125 85.5 81.8125 83 95.4375 95.875 93.1875 95.875 84.75 82.375 79.0625 75.5 72.8125 63 51.3125 47 44.4375 44.375 47.875 55.0625 64.25 81.5 85.625 89.1875 93.4375 88.0625 79.25 75.125 66.1875 67.4375 66.1875 63.1875 66.6875 68.125 69.875 72.9375 76.5625 81.9375 89.5 88.625 81.5625 69.875 68.5 70.5625 73.9375 75.25 75 75.5 75.75 74.4375 72.9375 71.1875 68.4375 65.25 62.1875 58.5 53.875 49.625 46 41.5625 36.625 32.3125 28.75 25.3125 22.5 21.1875
