input_data/future_climate/CanESM5_585/_bio15_a.asc
ncols  331
nrows  193
xllcorner  17.833372883333
yllcorner  37.9999896166667
cellsize 0.1666667
NODATA_value  -9999
[rows 60 to 79 of 193, columns 276 to 321 of 331]
46.0746726989746 45.3094444274902 45.2291946411133 44.3764190673828 44.1512908935547 43.9217643737793 44.2181854248047 44.0501441955566 44.4391212463379 43.9912757873535 43.7395782470703 43.7026710510254 43.4449310302734 43.2187995910645 43.380184173584 43.0714111328125 44.1697006225586 43.7532196044922 43.5338973999023 43.3977203369141 43.1749420166016 42.8053703308105 42.639835357666 42.3180198669434 42.4724349975586 42.6351013183594 42.1188278198242 42.4186210632324 42.4145622253418 41.7411766052246 41.3518447875977 41.4735870361328 41.552490234375 42.0485954284668 41.5977554321289 40.8857803344727 41.9325408935547 42.7969207763672 43.0589027404785 42.7146987915039 42.6544876098633 43.5230331420898 43.1363754272461 42.4873085021973 42.8602523803711 42.6369018554688
46.7794227600098 45.7532348632813 45.4623794555664 45.8343391418457 45.0540046691895 44.5439643859863 45.4383125305176 45.4756622314453 45.5261917114258 45.2472038269043 45.1350212097168 44.4133949279785 43.9881744384766 43.4244842529297 43.7395095825195 43.6807327270508 43.4854927062988 43.7021369934082 43.2624969482422 43.7811737060547 43.823673248291 43.2721900939941 42.9949035644531 43.1869239807129 43.1632270812988 43.2386817932129 42.9401817321777 42.8269844055176 42.7347297668457 42.2306442260742 41.7124176025391 41.4199562072754 41.4603424072266 41.5869255065918 41.9379272460938 41.4004173278809 40.8016090393066 42.4153175354004 42.8399353027344 43.2659111022949 42.4991683959961 43.3052177429199 43.4298439025879 43.3340797424316 43.8558082580566 43.2372589111328
46.8831939697266 46.2987518310547 45.7650909423828 45.3061294555664 45.2498626708984 45.6588134765625 45.6719818115234 44.7520294189453 45.372917175293 45.7436256408691 45.5690841674805 45.3955497741699 44.306827545166 44.8523139953613 44.3525886535645 44.6349678039551 44.8907318115234 44.0773735046387 44.1895446777344 42.7340431213379 42.7459182739258 43.3701438903809 43.8384895324707 43.5483093261719 43.6268310546875 43.4930419921875 43.5352516174316 43.1850509643555 42.9486351013184 42.6057472229004 42.7051200866699 42.3794136047363 42.3268508911133 41.5298728942871 41.7556991577148 41.7185478210449 41.6985816955566 42.1551284790039 42.5790596008301 42.700366973877 42.9400177001953 43.3657188415527 43.475772857666 42.9031410217285 43.4755477905273 43.3672866821289
45.9000358581543 46.187084197998 45.6097373962402 45.020580291748 45.5350494384766 45.1551628112793 45.4489898681641 45.4432830810547 45.2220840454102 45.973560333252 46.3197059631348 46.0998916625977 44.8992042541504 45.2436561584473 44.9684104919434 43.918815612793 44.2889518737793 44.164966583252 43.8092346191406 43.5126266479492 42.9561958312988 43.319278717041 43.3717231750488 43.3971710205078 43.5206756591797 43.6941719055176 43.7467727661133 43.6239471435547 43.7509307861328 43.6253089904785 43.6863288879395 43.0646057128906 42.4150238037109 42.7220420837402 42.9032707214355 42.9975318908691 43.3130950927734 42.8460311889648 42.5295944213867 42.8012161254883 43.4179611206055 44.1173896789551 44.2634811401367 44.2173271179199 44.362476348877 44.3282661437988
46.0956001281738 46.2704315185547 45.9133033752441 45.9887084960938 46.4340667724609 46.1157684326172 46.3337898254395 46.7974815368652 46.6712646484375 45.4599838256836 46.195915222168 45.7117500305176 45.6150894165039 45.4886779785156 45.1555824279785 45.086841583252 44.6994361877441 44.4874000549316 44.2107772827148 44.23876953125 44.642707824707 44.7756195068359 44.5450286865234 44.7068176269531 44.9404525756836 45.3671531677246 45.0264167785645 44.3187980651855 44.6001396179199 43.9335517883301 43.0829010009766 43.8656768798828 43.6390113830566 43.7612762451172 43.9625205993652 44.2002716064453 43.9259796142578 43.6899108886719 43.9183502197266 44.6840667724609 44.029296875 43.8134880065918 43.8477363586426 44.3902359008789 44.3189582824707 44.4246520996094
45.6816749572754 46.6405181884766 46.8837661743164 46.3730545043945 46.4344902038574 46.1756896972656 46.3256683349609 46.9816246032715 47.3610801696777 46.7634735107422 46.6498718261719 46.6730842590332 46.7125129699707 46.143913269043 46.3204231262207 46.1949806213379 45.2196159362793 45.0725898742676 44.7845344543457 45.4395751953125 45.0178184509277 44.9204292297363 45.2215461730957 45.9114112854004 45.4881477355957 46.2317047119141 45.3151741027832 45.413257598877 45.2313079833984 44.3442764282227 44.4168663024902 44.5164604187012 44.7508811950684 44.3452186584473 44.425407409668 45.0321807861328 45.1905860900879 44.8020858764648 44.6728630065918 44.0050201416016 44.2509155273438 44.6606712341309 44.4008827209473 44.2250595092773 44.3211822509766 44.5473327636719
46.4502372741699 46.8383750915527 46.3333625793457 46.2660789489746 46.735294342041 46.4110832214355 45.8820648193359 46.3132057189941 46.6980285644531 47.1634178161621 46.8079299926758 46.5961036682129 46.6300277709961 46.348690032959 45.6437873840332 45.4507904052734 45.2858276367188 45.1391868591309 45.377872467041 45.0777168273926 44.9681625366211 45.7730674743652 45.7984809875488 45.693962097168 46.690845489502 47.0174522399902 46.6280899047852 46.2710075378418 45.9332389831543 44.7763595581055 44.3620109558105 45.5916862487793 44.1464996337891 44.4367218017578 44.6762351989746 45.0102996826172 44.7330474853516 45.580753326416 44.5844573974609 44.2768096923828 45.738395690918 45.0881156921387 45.1913681030273 45.1021041870117 44.9389266967773 45.6245803833008
45.485652923584 45.4960823059082 45.546573638916 45.5644226074219 45.8204116821289 46.081184387207 47.2327728271484 47.7099342346191 46.9368057250977 46.8908271789551 46.8845176696777 46.6486206054688 46.7623252868652 46.6597328186035 46.2095375061035 45.9838180541992 46.1310653686523 45.8467292785645 45.8278312683105 46.310375213623 45.772216796875 46.0385322570801 46.4909820556641 46.733268737793 47.0793685913086 46.9107666015625 47.2111434936523 47.3189430236816 46.4251518249512 45.0220832824707 45.9758071899414 46.2676010131836 45.7356948852539 45.8958473205566 46.3227233886719 47.4166831970215 46.1028251647949 45.3423194885254 44.8663368225098 46.457820892334 46.2729034423828 45.4172248840332 45.846752166748 45.2680625915527 46.2564430236816 46.1571731567383
47.305233001709 46.927173614502 46.4497108459473 46.5633773803711 46.8046722412109 46.6425895690918 47.065315246582 46.9105224609375 47.990047454834 47.3735160827637 47.2578239440918 47.3609237670898 47.2864952087402 46.4822616577148 46.2297706604004 47.2138519287109 46.621166229248 46.4712219238281 46.3942832946777 46.3139877319336 46.4565086364746 46.7154121398926 47.5785369873047 47.7158889770508 47.7223854064941 47.9092636108398 48.6229362487793 48.2633323669434 47.2458572387695 47.512020111084 46.0038795471191 48.088207244873 48.1060562133789 48.1117362976074 47.7932968139648 47.558708190918 48.0134887695313 47.5939788818359 46.3245506286621 46.183952331543 46.267162322998 46.2129821777344 46.2115631103516 45.9605522155762 45.723949432373 45.6547966003418
47.2070770263672 47.1623039245605 47.3877296447754 46.7302436828613 46.5308799743652 47.3543815612793 47.2895545959473 46.5993537902832 47.3580322265625 46.9635543823242 47.3499870300293 47.5114517211914 47.1741371154785 46.6631469726563 46.5927581787109 46.6782760620117 46.7661743164063 47.4279251098633 46.9451065063477 46.8541641235352 47.045597076416 47.9109725952148 47.7466278076172 47.7161674499512 48.056282043457 48.6455688476563 48.8447265625 48.2249488830566 47.6502685546875 48.8518753051758 49.4417953491211 48.7494316101074 48.5037117004395 49.0282974243164 49.3329925537109 48.1647529602051 47.9577102661133 47.5198249816895 47.4202842712402 47.1723594665527 47.2404365539551 47.4109115600586 47.1343078613281 47.187629699707 46.6451072692871 46.293025970459
46.8480033874512 46.8674507141113 46.9421539306641 47.3235778808594 47.4604225158691 47.2970161437988 47.4785346984863 47.5213813781738 47.6585655212402 47.8241806030273 47.6866989135742 47.8821754455566 47.2424659729004 46.9803466796875 46.6792755126953 46.7726821899414 46.8819580078125 47.3682327270508 47.3110733032227 47.3008575439453 47.1232872009277 47.2404136657715 47.3707847595215 48.0051803588867 48.9115257263184 49.8355941772461 48.4678993225098 49.1644706726074 49.5226707458496 49.8068580627441 49.412727355957 49.1526908874512 49.0818328857422 48.9791030883789 48.9269218444824 48.8646087646484 48.6476440429688 47.3178520202637 46.974422454834 47.1494407653809 47.5725288391113 47.5574340820313 47.3633880615234 47.962760925293 48.0521926879883 47.0818901062012
45.6418113708496 46.6620559692383 46.5849494934082 46.0832481384277 46.231372833252 46.9066314697266 46.8497657775879 48.0702667236328 47.7471008300781 47.2992820739746 47.1793441772461 47.313102722168 46.5064697265625 46.9801368713379 46.3544502258301 46.4795455932617 46.676441192627 47.1244773864746 46.8539695739746 47.0522804260254 47.4217224121094 47.8092002868652 48.375804901123 48.6224212646484 49.5356941223145 50.1114540100098 49.5143661499023 49.5582122802734 49.0428047180176 48.6876449584961 50.2417411804199 49.9468193054199 50.3577842712402 49.4388618469238 49.7532005310059 49.1866455078125 49.310920715332 48.8203659057617 49.1479225158691 48.1788864135742 48.0803833007813 48.9927101135254 49.1374969482422 48.8809204101563 47.6656875610352 48.1559562683105
45.1480407714844 45.7582740783691 45.8997802734375 46.4457740783691 46.4322509765625 47.3107223510742 48.0959968566895 48.7687721252441 48.5646286010742 48.6666221618652 47.9977035522461 47.431510925293 46.6436538696289 46.7299652099609 46.0766983032227 46.2343254089355 46.8137435913086 46.8770599365234 47.1534385681152 47.1290435791016 47.6247711181641 47.8941345214844 48.4844589233398 49.144702911377 49.3606910705566 50.0557479858398 50.2355651855469 49.9451637268066 49.7161026000977 49.3168601989746 49.6758689880371 49.0549774169922 49.5312461853027 48.9304351806641 49.0817108154297 48.1149787902832 48.2289695739746 49.7902565002441 50.2042121887207 49.8224678039551 50.197639465332 49.8140640258789 49.0922050476074 48.5806999206543 49.1208572387695 49.4530334472656
45.8783798217773 45.5726013183594 45.7020034790039 46.1780624389648 46.8137893676758 48.4408340454102 48.4390525817871 48.2253761291504 48.8765182495117 49.1812210083008 48.6501274108887 48.1699256896973 47.7781639099121 47.4050407409668 46.6788902282715 46.0348167419434 46.7791366577148 46.851619720459 45.6817855834961 45.8908042907715 46.8692970275879 46.8777885437012 47.6741065979004 48.3372459411621 48.8131904602051 49.6801109313965 50.6185684204102 50.9272193908691 50.6406021118164 49.8980102539063 49.6544418334961 50.3571166992188 49.9949798583984 50.3973121643066 50.3212623596191 49.9252891540527 49.1664390563965 49.9557838439941 49.7901458740234 49.405216217041 50.0938110351563 49.4572410583496 49.985279083252 49.1982498168945 50.2512245178223 50.6486549377441
45.9595718383789 46.0815887451172 46.4973449707031 46.8329544067383 46.1171722412109 47.9450721740723 47.7953262329102 47.7118682861328 48.0646934509277 48.5648727416992 48.4865531921387 48.9081039428711 49.2637786865234 48.0536651611328 47.4806098937988 47.389705657959 46.9161224365234 46.7590065002441 45.738941192627 45.7915687561035 46.1738739013672 47.3533210754395 47.3940658569336 48.1427040100098 49.2206764221191 49.4784812927246 50.6436462402344 50.9846496582031 50.8836097717285 50.8077697753906 50.5166091918945 50.2095031738281 50.3480186462402 50.9219856262207 51.6037063598633 51.190372467041 51.1983604431152 51.3400688171387 51.5780448913574 51.7940139770508 50.7293472290039 50.1370887756348 49.6088790893555 50.8872375488281 50.0568695068359 50.9733657836914
46.8626937866211 46.6519546508789 46.7381935119629 47.1933975219727 47.6801719665527 47.113899230957 47.7404441833496 48.3651123046875 48.6949615478516 48.713550567627 49.758960723877 49.7234153747559 49.1828460693359 48.9810256958008 48.2055168151855 47.6062622070313 47.6469421386719 47.6615142822266 46.9371604919434 45.8421363830566 46.8449783325195 48.1164817810059 49.3294868469238 49.2382926940918 48.8100395202637 49.6488380432129 50.3217849731445 50.5955238342285 50.4419860839844 50.8720207214355 50.5352439880371 50.5241851806641 51.2197494506836 51.9151649475098 52.151294708252 52.6778564453125 53.1156768798828 53.1862640380859 52.8828010559082 52.4215354919434 52.2427520751953 52.0786819458008 52.0534706115723 50.977668762207 50.8220558166504 50.8237648010254
47.8392105102539 47.3553810119629 47.609447479248 47.7132453918457 48.0286598205566 48.7913932800293 48.6416206359863 48.8470840454102 49.2340049743652 50.4095993041992 50.6882247924805 50.3415184020996 49.5164413452148 49.2394943237305 49.0288391113281 49.0923461914063 48.4783973693848 47.830738067627 47.2384338378906 46.9584312438965 47.1316871643066 48.7846221923828 48.5044937133789 48.0454521179199 48.8395652770996 49.8518600463867 50.2750701904297 51.673412322998 52.0342597961426 52.4132385253906 52.546947479248 52.4213790893555 53.1897201538086 53.1483726501465 53.1783294677734 52.9936866760254 52.5993957519531 52.0260009765625 52.6217765808105 53.0066986083984 52.7148017883301 51.6165962219238 51.6234588623047 50.949878692627 51.6890869140625 51.7084922790527
48.1942176818848 48.527660369873 48.2000389099121 50.026294708252 50.4161529541016 50.2009811401367 50.6015586853027 50.8388366699219 51.1741142272949 51.3169364929199 51.026798248291 50.278190612793 50.2147789001465 49.5510520935059 48.9131965637207 48.5096473693848 48.1277847290039 47.8113594055176 47.4971008300781 47.5925750732422 48.8878402709961 48.7308006286621 48.9980239868164 49.4409141540527 50.0080261230469 50.9670867919922 50.881649017334 51.7902297973633 52.124340057373 52.6311950683594 53.1470565795898 52.8671569824219 52.2123069763184 52.3934288024902 51.6608581542969 52.4989738464355 52.4996299743652 51.7484016418457 52.5618896484375 53.5881881713867 53.3500633239746 52.4528312683105 51.9514999389648 52.1618995666504 52.2085456848145 50.6176719665527
48.954906463623 49.6118927001953 49.2314949035645 49.1322441101074 50.1357460021973 50.1195945739746 50.5298919677734 51.3306312561035 51.5569267272949 52.4465408325195 52.5386657714844 52.4013023376465 51.8741264343262 50.9882621765137 50.1783180236816 50.0886497497559 49.5917358398438 49.223518371582 49.0180702209473 49.2057914733887 48.8730621337891 48.7114219665527 48.5579948425293 50.3940734863281 50.0444068908691 50.1675415039063 50.7775382995605 51.0624732971191 51.0702781677246 50.8064651489258 51.1916580200195 51.6284790039063 52.1568222045898 52.4358024597168 52.8273239135742 52.7476921081543 53.1241149902344 53.3297233581543 52.6553802490234 53.2432136535645 53.2982902526855 53.2097778320313 53.0147094726563 52.0999755859375 51.438419342041 51.6231155395508
49.7349967956543 49.2643623352051 49.1968536376953 49.3634796142578 49.839469909668 50.8487281799316 51.4258422851563 52.1445426940918 51.7878761291504 52.1752052307129 52.6709976196289 52.140941619873 51.6020202636719 50.2299423217773 49.9119911193848 49.6547012329102 49.5852088928223 49.5358543395996 49.7571868896484 49.1599349975586 49.9629821777344 49.5216789245605 48.8319282531738 49.3100814819336 50.1311721801758 50.3156814575195 50.5206871032715 50.5360107421875 51.4543914794922 51.5737075805664 51.6071853637695 51.2867202758789 52.150203704834 52.8054161071777 52.5903625488281 53.4916534423828 53.574031829834 53.7073440551758 53.5775451660156 54.0981674194336 54.0948829650879 53.9840621948242 53.0263633728027 52.3980331420898 51.8539085388184 51.8004722595215
