input_data/future_climate/CanESM5_585/_bio13_a.asc
ncols  331
nrows  193
xllcorner  17.833372883333
yllcorner  37.9999896166667
cellsize 0.1666667
NODATA_value  -9999
[rows 62 to 92 of 193, columns 71 to 141 of 331]
84.9375 84.125 82.9375 82.1875 80.9375 79.25 78.5625 78.625 77.8125 78 77.75 78.6875 79.4375 80.3125 81.1875 81.8125 82.5625 83.625 84.25 84.375 84.125 85.4375 86.8125 87.75 87.8125 87.6875 87.625 88.5 88.875 88.6875 88.6875 89 88.9375 88.375 88.125 87.625 87 86.125 85.5 85.75 85 85 85.0625 85 86.125 85.8125 85.3125 84.625 83.5625 83.3125 83 81.875 81.5625 81.0625 81.5 82.0625 81.375 80.5625 80.6875 81.5 81.8125 82.125 83 84.125 84.3125 84.8125 84.75 85.1875 84.875 84.6875 84.1875
86.9375 86.75 86.0625 84 82.625 81.3125 80.125 79 79.0625 78.6875 78.0625 78 78.375 78.6875 79.5625 80.4375 81.125 82.625 83 84 85.375 86.75 87.5625 88.0625 87.4375 87.8125 88.375 88.75 89.0625 89.1875 88.875 88.3125 88 87.9375 87.5625 86.8125 86.3125 85.6875 85.25 85 85.0625 85.125 85.25 85.3125 85.5625 85.9375 86.5 85.25 84.4375 84.0625 84.1875 83.0625 82.375 81.8125 82.1875 82.875 82.5 82 81.375 81 81.625 82.4375 83 83.625 83.875 83.625 83.8125 84 83.75 84.3125 84.625
86.625 87.375 87.0625 85.0625 83.3125 82.125 80.3125 78.8125 78.875 78.375 77.8125 77.5 77.375 78 79.25 80.3125 81.4375 82.5625 83.8125 85.5625 85.9375 86.8125 87.5625 87.875 87.8125 88.8125 90.1875 90.1875 89.8125 89.125 88.375 88.6875 88.0625 88 87.3125 86.875 86 85.5 85.25 85.4375 85.4375 86.125 85.25 85.1875 84.9375 85.5 85.8125 85.6875 85.1875 84.25 84.375 83.625 83.0625 83.3125 83.75 84 83.5 83 82.875 82.75 82.3125 82.375 83.375 84 83.8125 83.6875 83.375 83.3125 84 83.875 83.9375
87.0625 87.3125 87 85.3125 83.25 81.625 79.75 78.5625 78.25 77.6875 78.0625 77.8125 78.0625 77.8125 79.625 80.9375 82.5625 84.25 85.75 86.375 86.8125 87.25 87.5625 89.6875 90.25 90.1875 90.375 90.1875 90 89.4375 89.125 88.75 88.6875 88 87.4375 86.9375 85.9375 85.375 85.75 85.8125 86.75 86.625 86.8125 86.5 85.9375 85.5625 85.625 85.4375 84.5625 84.3125 84.1875 83.75 83 83.4375 84.75 84.5 84.625 84.5625 83.9375 83.375 83.5 83.4375 82.75 83.625 83.625 83.75 84.5 84.75 84 84.375 84.5625
86.75 87.125 85.8125 83.8125 82.5 80.875 79.5 78.9375 78.5 78.5 78.875 78.5625 78.0625 78.3125 80.1875 81.75 83.75 85.5625 86.625 87.5625 88.1875 88.8125 89.375 91.0625 91.6875 91.375 91.5 91.3125 90.875 90.875 89.875 89.25 88.875 88.1875 87.5 86.6875 86.375 86.75 86.625 86.75 86.5625 86.25 86.25 86.125 85.75 86.1875 86.0625 85.875 85 85.4375 84.5 84.1875 84.0625 85.125 85.875 86.375 85.875 85.75 85.0625 85.1875 85.6875 85.25 84.625 84.1875 84.5625 84.25 84.3125 84.6875 84.1875 84.4375 85.125
85.5625 85.625 84.25 82.875 81.75 80.0625 79.5625 79.25 79 79.375 79.25 78.8125 78.9375 81.0625 81.75 82.0625 85.1875 87.1875 88.3125 88.1875 89 89.8125 90.3125 91.1875 91.25 90.8125 91 91.5 92.25 91.9375 91.125 89.8125 89.8125 89.1875 88.625 87.75 87.3125 87.375 86.9375 86.9375 87 87 86.9375 86.5 86.4375 86.5 86.4375 86.1875 85.5 83.625 83.375 84.875 86.375 86.875 87.1875 87.0625 86.5625 85.625 85.5625 86.9375 86.4375 85.6875 85.8125 86.0625 85.875 85.875 84.5625 85.0625 84.3125 84.375 85.0625
86.125 84.1875 83.1875 81.9375 81.125 80 79 79.1875 79.375 79.125 78.8125 79.25 80.4375 81.25 81.625 83.1875 85.4375 87.875 89.625 90.25 89.5625 87.875 87.4375 89.1875 89.6875 89.6875 90.3125 91.4375 91.75 91.5625 91 90.875 90.1875 89.8125 88.8125 88.375 88.3125 87.9375 87.5 87.1875 87.1875 87.0625 86.8125 87.125 87.125 86.375 86.5 86.4375 85.875 85.8125 84 82.8125 84.5625 86.625 87.25 87.1875 86.75 85.625 85.125 86.125 86.25 86.0625 87.5 88.5625 87.8125 87.75 87.1875 86.125 85.625 85.75 85.3125
86.375 83.3125 82 81.3125 80.4375 80.1875 80.0625 80.25 79.25 78.8125 77.75 78.625 80 81.25 81.5 83.1875 85 87.6875 91.625 91.6875 90.375 88 86.8125 87.3125 87.9375 89.3125 90.3125 90.9375 91.5 91.375 91.625 90.9375 90.375 90.5625 90 89.25 88.75 87.9375 87.5625 88 87.75 87.3125 87.5625 87.5 87.875 87.1875 86.3125 86.125 85.6875 85.5 84.75 84.375 84.3125 84.6875 85.9375 86.9375 86.9375 86.75 86.375 86.6875 86.625 86.3125 87.25 88.4375 88.75 87.5 87 86.75 86.1875 85.5625 84.8125
84.625 83.5 81.75 80.5 80.3125 80.5625 79.6875 78.75 78.25 76.3125 74.75 75.25 77.4375 79.875 81.1875 83.6875 87 87.625 89.75 90.5625 89.1875 88 87.125 86.8125 86.8125 87.9375 89.5 90.9375 91.0625 91.1875 92 91.625 90.625 90.6875 90.25 89.5 88.3125 88.25 87.75 87.25 87.375 88.125 88.0625 88.25 88.625 88.25 87.4375 86.8125 85.25 84 84.1875 84.625 84.625 84.875 84.75 85.4375 86.9375 87 87.3125 87.125 87 86.875 86.5625 85.9375 86.25 86.125 85.4375 86 86.375 85.0625 84.1875
83.3125 82.375 81.5 81 80.9375 79.375 79.5625 78.5 76 75.125 73.875 73.9375 76.6875 80.3125 82.5625 84.25 87.8125 89.1875 88.3125 89.5 89.3125 88.625 89 89.6875 89.4375 89.0625 89.8125 91.25 91.5625 91.5625 92.0625 92 92.5 92.6875 91.5625 90 89.0625 89 88.1875 87.875 87.9375 88.5 88.3125 88.5 89.0625 89.25 88.6875 87.6875 87.0625 86.0625 85.5625 85.625 85.4375 85.875 85.9375 87.25 88 88.125 87.6875 87.5 87.0625 87 86.5625 86.1875 85.5 85 84.5625 84.25 84.3125 84.25 84.3125
82.6875 82.0625 81.125 80.9375 80.875 80.75 80.4375 80.875 79.9375 78.75 77.9375 78.625 80.25 82.25 84.3125 84.9375 85.875 86.5625 87.375 88.3125 89.0625 89.875 90.8125 90.6875 90.25 90 91.0625 92 92.5625 93.5625 94.125 94.25 93.9375 93.1875 92.3125 91 90.5 89.6875 89.625 89.375 88.75 88.1875 88.8125 87.5 87.1875 87.25 87.125 87.4375 87.8125 87.625 87.6875 86.875 86.6875 87.375 88.0625 87.875 88.75 88.8125 88.8125 88.75 88.0625 87.5 87 86.75 86.0625 84.875 84 84 84.375 84.8125 83.6875
82.5625 82.5 82.375 82.5 82.375 82.5 83 82.625 82.0625 81.0625 81.75 82.3125 82.5625 83.6875 85.5 86.1875 87 87.125 89.8125 90.625 90.5625 90.0625 90.5 90.5625 91.1875 91.9375 92.625 92.8125 93.9375 93.8125 94.3125 94.5 93.6875 93.5625 92.375 91.4375 90.6875 90.625 90 89.4375 88.25 87.8125 87.9375 88.5 88.5625 87.375 86.875 86.5625 87.375 87.8125 88.1875 88.75 89 89.75 90.125 89.6875 89.875 89.1875 88.625 88.25 88.25 87 86.75 85.4375 84.0625 84.125 83.125 84.25 84.8125 85.0625 83.4375
83.625 83.5 83.625 83.75 84.1875 84.8125 84.375 84.375 84.3125 83.625 84.1875 83.4375 83.875 85.4375 87 88.1875 89.125 89.75 92.1875 93.125 91.75 91.1875 91.1875 92.125 92.875 93.5625 93.875 94.1875 94.125 94.375 94.0625 94.5 94 93.5 92.9375 92.25 91.4375 91.1875 90.8125 90 89.3125 88.625 88.4375 88.6875 89.5625 88.9375 86.8125 86.75 87.125 87.25 88.5 89.5 89.625 90.6875 90.625 90.8125 90.5 90.1875 89.75 88.6875 87.8125 86.9375 86.75 85.375 84.25 84.5625 83.5625 83.5 83.5 83.6875 82.5
85.4375 84.6875 84.875 84.625 84.875 85.8125 85.1875 86 87.3125 86.5 85.6875 86.5 87.1875 88.125 89.875 90.4375 91.0625 93 93.6875 93.875 93.1875 93 93.4375 93.9375 94.0625 94.1875 95 95.5625 94.6875 95.125 95.25 95.375 95.4375 95.3125 93.9375 92.8125 92.375 92.0625 91.875 91.0625 90.875 90.9375 90.125 90.4375 90.125 88.9375 87.0625 85.75 85.9375 87.6875 89.4375 90.875 91.875 92.1875 92.3125 91.625 91.9375 91.4375 90.4375 88.75 88.1875 87.8125 86.9375 86.3125 85.5 86.3125 85.375 84.3125 82.5625 82.625 83.625
87.75 86.1875 87.1875 87.4375 88.25 88.625 87.5625 88 88.125 87.8125 87.875 89.1875 90.6875 91.9375 92.125 92.125 94.0625 96.4375 96.5 95.3125 94.125 95.4375 94.75 95.25 95.0625 95.125 95.9375 97.125 97 96.75 96.8125 96.0625 96.625 96.4375 95.875 94.3125 94.0625 93.75 93.75 92.875 92.8125 92.9375 92.25 91.3125 90.75 89.0625 87.875 86.375 87 88.625 89.875 91.4375 93.125 93.8125 94.375 93 92.75 91.75 91.4375 90.875 89.75 89 88.1875 87.25 86.0625 85.75 85.25 84.8125 84.25 82.8125 82.6875
87.4375 88.375 88.5 88.875 87.9375 88.8125 88.875 88.875 88.6875 89.625 90.125 90.9375 92.375 93.5 95.9375 97.5625 97.4375 97 96.8125 96.3125 95.6875 96 96.625 97.0625 97.25 98.5625 98 98.0625 98.125 97.0625 96.5625 96.875 97.0625 97.4375 96.3125 95.625 94.75 94.25 93.9375 93.625 93.125 93.3125 93.4375 93.0625 91.75 91.25 89.9375 88.6875 88.3125 89.125 90.6875 92.3125 93.5625 93.9375 93.4375 93.8125 93.625 91.625 90.8125 90.25 90.375 89.625 88.6875 87.375 86.6875 86.125 85.5625 85.4375 84.375 83.25 82.0625
88.75 89.1875 89.25 89.8125 90.125 90.1875 90.25 90.125 89.9375 90.5 91.625 92.9375 94.25 96.3125 98.25 98.75 98.6875 97.8125 97.1875 97 96.4375 96.625 97.125 97.5 98.125 98 98 98.875 98.25 98.125 97.9375 97.5625 97 96.4375 95.75 95.1875 95 94.9375 94.9375 94.5625 94.6875 94.1875 94.3125 93.5625 93.375 93.25 92.5 91.25 90.8125 90.875 91.8125 92.25 93.4375 94.875 94.4375 94.4375 94.5 92.9375 91.75 92.3125 91.4375 90.5 89.4375 88.5625 87.375 86.5 86.375 86 85.4375 83.75 82.75
91.4375 90.4375 90.4375 91.5 91.8125 90.5625 90.75 90.5 90.4375 92.4375 94.8125 97 97.75 98.25 98.25 99.25 99.125 98.375 97.25 96.875 96.875 96.9375 97 97.25 97.5 97.625 98.1875 97.875 97.9375 97.8125 98 97.625 96.5625 96.0625 94.75 94.375 94.125 94.375 94.25 94 95.125 95.125 94.625 94.625 94.75 94.75 95.0625 93.75 93.0625 92.625 92.375 92.4375 92.8125 92.75 93.0625 93 93.3125 94 94.375 93.625 92.625 91 89.625 88.8125 87.625 86.8125 85.25 85.5625 85.25 83.25 82.4375
93.3125 92.5625 92.25 90.8125 91.4375 91.6875 92.25 91.625 91.875 92.9375 94.75 96 97.8125 99.0625 99.125 99.1875 99.25 99.125 98.1875 98.3125 97.875 97.6875 97.375 96.8125 96.3125 96.75 96.75 97.5 97.875 97.6875 97.125 97.0625 96.4375 95.6875 95 94.3125 94.3125 94.3125 93.9375 93.8125 94.25 95.1875 94.875 94.875 94.625 95.5 95.375 94.9375 93.875 93.5625 92.875 92.9375 92.375 93.75 92.4375 92.6875 94.1875 94.9375 95.25 94.5625 93.625 92.375 90.5625 88.8125 87.75 87.4375 85.875 85.0625 84.25 83.5625 83.125
93.875 92.3125 90.875 90.25 91.875 92.625 93.625 93.6875 93 95 95.5625 96.3125 98.125 99.4375 99.5625 98.9375 98.875 99 98.5625 98.9375 98.3125 97.625 97 97.625 97.9375 97.625 98.1875 98.0625 97.1875 97.1875 97.5625 97.5625 96.6875 95.5625 94.9375 94.625 94 94.0625 92.9375 93.5625 94.25 95.5 96.8125 96.375 95.75 96.1875 96.0625 95.0625 94.125 93.75 93.125 94.3125 94.4375 94.3125 94.125 95.125 95.9375 95.75 96.375 95.25 94.3125 92.625 91.0625 89.5 88.5625 87.75 87.125 85.75 85 84.125 83.5
93.9375 93.0625 92.375 91.9375 92 92.3125 93.6875 94.9375 95.1875 96.3125 96.9375 96.5 97.1875 98.9375 99.125 98.875 98.75 98.3125 99 98.5 98.5 99.25 98.1875 98.6875 97.8125 97.3125 97.875 98.1875 98.125 96.9375 97 97.375 95.6875 93.8125 93.25 92.5 91.75 91.9375 92.1875 93.4375 95.125 96.5625 97.875 97.375 97 95.5625 95.625 95 95.1875 95.25 95.875 96 95.25 94.9375 95.125 96 96.3125 96.25 96 95.3125 93.9375 93.0625 92.1875 90.625 88.75 87.625 86.875 86 85.3125 84.75 84.5
95 93.75 93.6875 94.5625 94.3125 94 94.0625 94.625 96 95.1875 96.375 97.3125 97.4375 97.4375 98.8125 99 98.3125 99 99 98.875 98.4375 98.8125 99.5625 99.375 98.875 98.375 97.75 98.0625 97.125 96.0625 95.8125 94.6875 94.4375 93.1875 92 91.1875 90.5625 90.625 91.25 92.875 94.9375 96.3125 97.625 97.8125 96.9375 96.4375 95.875 95.125 95.6875 95.625 95.625 96.0625 95.75 96 96.8125 97 96.875 97.125 96.125 95.3125 94.4375 92.4375 92 90.8125 89.4375 87.6875 86.6875 85.6875 85 85.5625 85.5
93.5625 92.8125 93.1875 94.375 95.125 95.0625 95.75 95.5 96.4375 96.0625 96.9375 97.875 97.4375 97.125 98.4375 98.6875 98.1875 98.5625 98.1875 99.25 99.5 101.3125 101.0625 100 99.8125 99.4375 98.375 97.9375 97.4375 94.1875 94.5625 93.875 93.75 93.625 94.3125 92.8125 91.25 90.5625 91.875 92.9375 94.3125 94.9375 94.6875 95.1875 96.1875 95.5625 95.375 95.4375 94.875 95.5 95.6875 96.1875 96.5 97.0625 97.5625 97.1875 96.9375 96.75 95.9375 94.125 93.8125 92.1875 90.5625 90.125 89.375 88.3125 86.6875 86.0625 86.5 86.25 85.8125
93.25 92.4375 92.5625 95 95.5625 95.9375 96.125 95.9375 96.875 97.3125 96.8125 97.5625 97.875 98.875 99.1875 99.25 99.3125 99.3125 99.25 99.5 100.125 100.6875 100.4375 100 99.5 98.6875 97.25 97.1875 97 95.3125 95.3125 95.4375 94.625 96.1875 96.0625 95.5 94.125 92.8125 93.8125 94.625 94.125 92.8125 92.25 93.0625 95.0625 95.25 95.5625 96 95.5 95.9375 95.75 95.75 97.125 97.625 98.5 98.25 96.9375 96 95.3125 93.875 92.75 91.625 90.9375 90.0625 89.3125 87.875 86.5 86.1875 87 86.75 86.9375
92.875 94.4375 94.8125 94.8125 95.25 95.5 95.1875 96.4375 97.375 97.75 97.75 99.375 99.875 99.625 99.4375 99.25 99.8125 100.25 101.1875 102.0625 101.125 100.75 100.5 100.1875 99.5625 98.75 97.0625 96.25 95.875 94.5625 94.0625 93.9375 95.6875 96.75 95.625 95.75 94.3125 93.75 92.375 92.75 93 91.875 92 92.5 93.875 95.1875 95.6875 98.4375 97.125 96.3125 95.8125 95 97.0625 98.0625 98.875 97.6875 96.375 95.375 94.4375 93.125 93.0625 91.5625 91.125 90.1875 88.9375 87.9375 87.0625 86.5625 86.75 87.8125 87.875
93.4375 94.5625 94.875 95 95.375 96.125 95.4375 96.6875 96.75 97.3125 98.1875 98 99.375 99.625 100.375 100.8125 99.9375 100 102.0625 101.1875 101.5625 101.0625 100.4375 99.4375 98.0625 98.25 97.1875 96.375 95.5 94.625 94.125 93.8125 94.3125 95.6875 95.5 95.625 94.5625 92.9375 92.5625 92.5625 93.375 92.1875 92 92.75 93.8125 94.25 94.75 95.75 94 93.5625 92.4375 93.25 94.8125 96.6875 96.5 95.75 95.0625 94.625 93.4375 92.25 92.375 90.9375 90.5625 89.5 88.5625 87.5625 87 87.1875 87.4375 88.6875 88.125
93.8125 93.9375 94.6875 94.9375 94.75 94.75 94.875 96.625 97.75 97.625 98.125 98 99.3125 100.25 100.5 101.1875 101.4375 101.0625 101.375 100.75 102.1875 101.4375 100.6875 98.125 97.875 98.9375 98.6875 97.1875 96 95.0625 95 94.1875 94.3125 95.5 96 96.25 94.4375 94.125 93.6875 92.625 92 91.875 92 91.6875 91.6875 91.8125 91.5625 91.9375 91.8125 91.625 91.5625 92.0625 92.9375 94.125 94.75 94.4375 94.125 93 92.6875 93 91.9375 90.0625 89.75 88.75 88.375 87.9375 87 87.25 88.125 89.125 88.8125
92.25 93.8125 94.875 94.625 94.5 95 96.125 95.8125 95.9375 96.75 96.9375 98.125 99.4375 101.125 101.1875 102.1875 100.8125 102 101.3125 100.625 101.5 100.6875 99.25 97.3125 98.5 98.75 98.9375 97.125 96 96 95.625 94.9375 95 95.125 94.75 95 94.125 94.375 94.125 92.6875 92.125 90.9375 90.5625 90.375 90.75 91.25 90.6875 90.0625 90.5 90.75 90.375 90.8125 91.625 92.25 92.6875 93.375 92.5 91.6875 90.9375 91.3125 90.3125 89.875 88.5 87.875 87.875 87.125 87 87.5625 88.5 89.6875 89.875
92.25 93.5625 93.75 93.9375 96.1875 96.8125 96.4375 96.0625 96.6875 97.1875 98.625 98.625 99.1875 99.4375 99.5 100 100.875 100.9375 101.6875 99.875 99.8125 100 98.6875 98.625 98.75 97 97.625 97.75 96.4375 95.5 95.0625 94.6875 94.5 94.25 94.5 94.25 94 93.625 93.4375 91.625 91.1875 90.125 89.4375 88.9375 89 88.6875 89.5 89.9375 89.375 89.0625 88.875 89.75 90.5625 90.6875 90.8125 90.8125 89.8125 89.25 90 90.5 89.3125 88.5625 88.3125 88 87.75 87 86.5625 86.625 88 89.9375 90.125
91.1875 92.6875 93.25 94.0625 95.5625 95.75 95.875 95.25 95.75 96.1875 96.5 98 98.375 99.5625 100.1875 100.125 100.1875 99.9375 100.125 100.75 99.9375 99.0625 99.25 98.75 98 97.1875 97.0625 95.5625 94.75 94.25 94.3125 94.75 93.375 93.1875 93.4375 93.4375 92.4375 91.5 92 91 90.375 91.0625 89.875 89.3125 89.0625 89 89.4375 89.25 88.625 88.375 88.125 88.0625 88.3125 89 88.5625 89.3125 89.5 88.9375 89.5625 89.125 88.5625 88.5625 88.75 88.6875 88.5 87.5625 87 86.8125 86.875 89.1875 89.5
92.4375 93.3125 93.75 94.1875 94.5625 95.25 95.625 95.5 95.5 95.9375 97.5625 96.5 96.75 98.8125 100.0625 99.1875 98.9375 101.125 103.1875 102.4375 101.875 100.6875 100.625 99.4375 100 97.5 96.0625 95.0625 94.3125 94.75 95.25 95 94.4375 93.75 93.75 92.25 91.6875 91 90.875 91.25 91.0625 90.375 89.75 89.25 89.0625 88.1875 89.3125 89.5625 88.75 87.8125 87.5 87.5625 87.125 87.3125 87.5 87.3125 87.9375 88 87.875 88 87.125 87.6875 88 87.875 87.5 87 85.9375 85.5 85.6875 88.4375 88.75
