input_data/future_climate/CanESM5_585/_bio10_a.asc
ncols  331
nrows  193
xllcorner  17.833372883333
yllcorner  37.9999896166667
cellsize 0.1666667
NODATA_value  -9999
[rows 42 to 62 of 193, columns 0 to 45 of 331]
18.3427085876465 18.122917175293 18.4468746185303 18.7354164123535 19.1433334350586 19.1500015258789 19.033332824707 -9999 -9999 -9999 -9999 -9999 -9999 -9999 -9999 -9999 -9999 19.5055541992188 19.8250007629395 19.5083332061768 19.622917175293 19.7282047271729 19.7999992370605 19.7749996185303 19.783332824707 19.7531242370605 19.736457824707 19.5270824432373 19.3843746185303 19.3062496185303 19.2552089691162 19.1177082061768 18.9968757629395 18.9020843505859 19.033332824707 19.0031242370605 18.8979167938232 18.7406253814697 18.6875 18.7427082061768 18.7645835876465 18.6989574432373 18.8385410308838 19.1479167938232 19.1968746185303 19.3624992370605
18.9718742370605 18.908332824707 18.9375 19.0200004577637 19.203332901001 -9999 -9999 -9999 -9999 -9999 -9999 -9999 -9999 -9999 -9999 -9999 -9999 19.9166679382324 19.8083343505859 19.7351856231689 19.7435894012451 19.8125 19.796875 19.830207824707 19.7906246185303 19.7843742370605 19.6645832061768 19.6104164123535 19.5239582061768 19.3833332061768 19.2916660308838 19.0989589691162 19.0281257629395 18.9677085876465 18.8177089691162 18.7749996185303 18.7260417938232 18.6770839691162 18.6083335876465 18.7218742370605 18.7468757629395 18.9437503814697 18.8895835876465 19.0229167938232 19.2177085876465 19.2395839691162
19.1281261444092 19.1277770996094 19.0458335876465 -9999 -9999 -9999 -9999 -9999 -9999 -9999 -9999 -9999 -9999 -9999 -9999 -9999 -9999 -9999 -9999 19.7425918579102 19.7427082061768 19.779167175293 19.8447914123535 19.8510417938232 19.7416667938232 19.59375 19.484375 19.53125 19.5031242370605 19.3666667938232 19.265625 19.0406246185303 18.9479160308838 18.9604167938232 18.904167175293 18.720832824707 18.6104164123535 18.6625003814697 18.5708332061768 18.5947914123535 18.6885414123535 18.8958339691162 19.033332824707 19.1458339691162 19.171875 19.3718757629395
19.2071437835693 19.286111831665 -9999 -9999 -9999 -9999 -9999 -9999 -9999 -9999 -9999 -9999 -9999 -9999 -9999 -9999 -9999 -9999 -9999 19.7722225189209 19.75 19.8875007629395 19.8531246185303 19.8624992370605 19.78125 19.5197906494141 19.4968757629395 19.564582824707 19.3562507629395 19.2437496185303 19.1875 19.0885410308838 19.0197906494141 19.0093746185303 19.0218753814697 18.8854160308838 18.7437496185303 18.732292175293 18.6968746185303 18.6979160308838 18.7541675567627 18.8427085876465 18.8052082061768 18.9989585876465 19.1979160308838 19.345832824707
19.3333339691162 -9999 -9999 -9999 -9999 -9999 -9999 -9999 -9999 -9999 -9999 -9999 -9999 -9999 -9999 -9999 -9999 -9999 -9999 19.6666660308838 19.7444438934326 19.7979164123535 19.8739585876465 19.951042175293 19.8697910308838 19.7770824432373 19.5708332061768 19.3083324432373 19.220832824707 19.2250003814697 19.1260414123535 19.0499992370605 19.015625 18.982292175293 19.0239582061768 18.9572906494141 18.8427085876465 18.7427082061768 18.814582824707 18.9104175567627 18.9125003814697 19.1499996185303 19.0218753814697 19.033332824707 19.0833339691162 19.1197910308838
-9999 -9999 -9999 -9999 -9999 -9999 -9999 -9999 -9999 -9999 -9999 -9999 -9999 -9999 -9999 -9999 -9999 -9999 -9999 -9999 19.6749992370605 19.8208332061768 20.0104160308838 20.033332824707 19.861457824707 19.625 19.4624996185303 19.3250007629395 19.2083320617676 19.0708332061768 19.0260410308838 19.002082824707 19.002082824707 18.9249992370605 19.0499992370605 19.2093753814697 19.0833339691162 19.0395832061768 18.9614582061768 19.095832824707 19.2625007629395 19.484375 19.2760410308838 19.3666667938232 19.4479160308838 19.3427085876465
-9999 -9999 -9999 -9999 -9999 -9999 -9999 -9999 -9999 -9999 -9999 -9999 -9999 -9999 -9999 -9999 -9999 -9999 -9999 -9999 19.6888885498047 19.736457824707 19.798957824707 19.8322925567627 19.783332824707 19.6791667938232 19.578125 19.4500007629395 19.296875 19.15625 19.0979156494141 19.1572914123535 19.0583324432373 18.9760417938232 18.984375 19.2156257629395 19.2395820617676 19.3718757629395 19.3322925567627 19.4156246185303 19.6000003814697 19.5750007629395 19.529167175293 19.658332824707 19.4489574432373 19.3708324432373
-9999 -9999 -9999 -9999 -9999 -9999 -9999 -9999 -9999 -9999 -9999 -9999 -9999 -9999 -9999 -9999 -9999 -9999 -9999 -9999 19.6666660308838 19.7555561065674 19.7885417938232 19.8479156494141 19.8406257629395 19.7447910308838 19.6989574432373 19.6416664123535 19.466667175293 19.3177070617676 19.326042175293 19.3343753814697 19.2177085876465 19.1864585876465 19.1802082061768 19.294792175293 19.3854160308838 19.3583335876465 19.2437496185303 19.2927074432373 19.5072917938232 19.6906242370605 19.6281242370605 19.7406253814697 19.7437496185303 19.7145824432373
-9999 -9999 -9999 -9999 -9999 -9999 -9999 -9999 -9999 -9999 -9999 -9999 -9999 -9999 -9999 -9999 -9999 -9999 -9999 -9999 -9999 19.8916664123535 19.8604164123535 19.8739585876465 19.8208332061768 19.734375 19.6791667938232 19.6625003814697 19.5927085876465 19.4885406494141 19.4791660308838 19.6843757629395 19.7114582061768 19.5041675567627 19.515625 19.7395839691162 19.5364570617676 19.263542175293 19.2135410308838 19.5229167938232 19.6343746185303 19.7427082061768 19.6572914123535 19.689582824707 19.8802089691162 19.9302082061768
-9999 -9999 -9999 -9999 -9999 -9999 -9999 -9999 -9999 -9999 -9999 -9999 -9999 -9999 -9999 -9999 -9999 -9999 -9999 -9999 -9999 19.8642845153809 19.8697910308838 19.7979164123535 19.7156257629395 19.7562503814697 19.705207824707 19.7687492370605 19.7583332061768 19.65625 19.6322917938232 19.6614589691162 19.814582824707 19.6020832061768 19.8062496185303 19.9937496185303 19.7645835876465 19.622917175293 19.6958332061768 19.861457824707 19.859375 19.7218742370605 19.6625003814697 19.6906242370605 19.8552093505859 20.0062503814697
-9999 -9999 -9999 -9999 -9999 -9999 -9999 -9999 -9999 -9999 -9999 -9999 -9999 -9999 -9999 -9999 -9999 -9999 -9999 -9999 -9999 19.8296298980713 19.7062492370605 19.8447914123535 19.8958339691162 19.830207824707 19.7625007629395 19.7885417938232 19.767707824707 19.7218742370605 19.734375 19.8781242370605 19.830207824707 19.9364585876465 20.0593757629395 20.076042175293 19.951042175293 20.0593757629395 19.9364585876465 19.861457824707 19.6499996185303 19.7822914123535 19.6906242370605 19.705207824707 19.9104175567627 20.1281242370605
-9999 -9999 -9999 -9999 -9999 -9999 -9999 -9999 -9999 -9999 -9999 -9999 -9999 -9999 -9999 -9999 -9999 -9999 -9999 -9999 -9999 19.8878784179688 19.8270835876465 19.75 19.8114585876465 19.8854160308838 19.9114589691162 19.888542175293 19.9604167938232 19.9781246185303 19.814582824707 19.7302093505859 19.6822910308838 19.7427082061768 19.9406242370605 20.1687507629395 20.1437492370605 20.1208324432373 20.0416660308838 19.9302082061768 19.919792175293 19.8052082061768 19.7156257629395 19.5072917938232 19.5635414123535 20.017707824707
-9999 -9999 -9999 -9999 -9999 -9999 -9999 -9999 -9999 -9999 -9999 -9999 -9999 -9999 -9999 -9999 -9999 -9999 -9999 -9999 19.7533340454102 19.8807697296143 19.8781242370605 19.8291664123535 19.8447914123535 19.8666667938232 20.0687503814697 19.986457824707 19.8937492370605 19.982292175293 19.9020843505859 19.8979167938232 19.8718757629395 19.8083343505859 19.872917175293 19.8833332061768 19.8833332061768 20.0114593505859 20.1812496185303 20.0697917938232 19.8083343505859 19.5885410308838 19.4781246185303 19.4312496185303 19.5697917938232 19.9416656494141
-9999 -9999 -9999 -9999 -9999 -9999 -9999 -9999 -9999 -9999 -9999 -9999 -9999 -9999 -9999 -9999 -9999 -9999 -9999 19.7777786254883 19.8577785491943 19.9333343505859 19.9645824432373 19.9802093505859 19.9333343505859 20.0270824432373 20.1437492370605 20.0687503814697 19.9760417938232 20.0177097320557 20.080207824707 20.0104160308838 19.8677082061768 19.814582824707 19.796875 19.7583332061768 19.716667175293 19.8041667938232 19.8895835876465 19.9770832061768 19.9989585876465 19.7666664123535 19.611457824707 19.6312503814697 19.7625007629395 19.8333339691162
-9999 -9999 -9999 -9999 -9999 -9999 -9999 -9999 -9999 -9999 -9999 -9999 -9999 -9999 -9999 -9999 -9999 -9999 -9999 19.783332824707 19.9916667938232 20.0416660308838 20.0437488555908 20.111457824707 20.1770839691162 20.1656246185303 20.1395835876465 20.1156253814697 20.1322917938232 20.1000003814697 20.1260414123535 20.078125 20.048957824707 19.9614582061768 19.9406242370605 19.9385414123535 19.8427085876465 19.8624992370605 19.9125003814697 19.9125003814697 19.888542175293 19.9614582061768 19.8583335876465 19.8968753814697 19.9114570617676 19.9937496185303
19.6878795623779 19.7611103057861 -9999 19.7416667938232 -9999 -9999 -9999 -9999 -9999 -9999 -9999 -9999 -9999 -9999 -9999 -9999 -9999 -9999 19.8500003814697 19.8583335876465 19.9619045257568 20.0833339691162 20.1937503814697 20.2864589691162 20.4229164123535 20.502082824707 20.5395832061768 20.4145832061768 20.25 20.2374992370605 20.1927089691162 20.1052093505859 20.1489582061768 20.1364593505859 20.060417175293 19.970832824707 19.9406242370605 19.9281253814697 19.9906253814697 19.8864574432373 19.9312496185303 20.0041675567627 20.0989589691162 20.1083335876465 20.125 20.1052074432373
19.7489585876465 19.8244438171387 19.8761901855469 19.8321437835693 19.8833332061768 -9999 -9999 -9999 -9999 -9999 19.6333332061768 19.8592586517334 19.8383331298828 19.6777782440186 19.6904754638672 19.7625007629395 19.6666660308838 19.6900005340576 19.8541660308838 19.8845233917236 19.8875007629395 20.0217952728271 20.2180557250977 20.3374996185303 20.482292175293 20.5583324432373 20.8156242370605 20.591667175293 20.4010429382324 20.3604164123535 20.3270835876465 20.4635410308838 20.3718757629395 20.1458339691162 20.0791664123535 20.0729160308838 20.2625007629395 20.3468742370605 20.3812503814697 20.2531242370605 20.1625003814697 20.2468757629395 20.296875 20.3968753814697 20.2291660308838 20.1968746185303
19.7593746185303 19.8270835876465 19.9406242370605 19.9916667938232 19.9291667938232 19.8428573608398 -9999 -9999 19.5 19.6458320617676 19.7355556488037 19.8125 19.8218746185303 19.6906242370605 19.7244434356689 19.7311115264893 19.6708335876465 19.6875 19.7690486907959 19.8433322906494 19.8730773925781 19.9846153259277 20.0655555725098 20.1833324432373 20.3822917938232 20.4371795654297 20.515625 20.5300006866455 20.4739589691162 20.5062503814697 20.5041656494141 20.4364585876465 20.4187488555908 20.3385410308838 20.2770843505859 20.372917175293 20.482292175293 20.5125007629395 20.3500003814697 20.3156242370605 20.3020820617676 20.4958324432373 20.6822910308838 20.5739574432373 20.292308807373 20.2955551147461
19.8229160308838 20.0385417938232 20.0229167938232 19.9895839691162 20.0239582061768 19.9104156494141 19.7749996185303 -9999 -9999 -9999 19.5722217559814 19.5222225189209 19.7060604095459 19.6069450378418 19.658332824707 19.6538467407227 19.6655559539795 19.6857147216797 19.6166667938232 19.9333324432373 19.716667175293 19.9166660308838 19.9812507629395 20.2092590332031 20.287036895752 20.4416656494141 20.5 20.4989585876465 20.4375 20.4916667938232 20.5385417938232 20.5249996185303 20.4833335876465 20.4927082061768 20.4947929382324 20.453125 20.357292175293 20.4270839691162 20.5011119842529 20.4812507629395 20.4809532165527 20.5714282989502 20.6000003814697 20.3958339691162 -9999 20.3500003814697
20.0927085876465 20.1687507629395 20.1791667938232 20.127082824707 20.1145839691162 20.0208339691162 19.8935890197754 19.7305564880371 -9999 -9999 -9999 -9999 19.5833339691162 19.58571434021 19.6055564880371 19.6645832061768 19.828332901001 19.908332824707 19.7333335876465 19.9756412506104 19.9277763366699 20.0200004577637 19.9907417297363 19.973611831665 20.2683334350586 20.404167175293 20.4227275848389 20.3510417938232 20.4064102172852 20.6129627227783 20.4897441864014 20.5833339691162 20.6447925567627 20.7093753814697 20.7178573608398 20.6458339691162 20.4150009155273 20.4277782440186 20.5 20.5055561065674 20.4916667938232 -9999 -9999 -9999 -9999 -9999
20.2927093505859 20.390625 20.3854160308838 20.3041667938232 20.267707824707 20.2354164123535 20.0885410308838 19.7466659545898 19.6666660308838 19.716667175293 -9999 -9999 -9999 -9999 -9999 -9999 19.9500007629395 -9999 20.0499992370605 20.0499992370605 20.0625 20.013334274292 20.0166664123535 19.966667175293 20.1833343505859 20.3041667938232 20.0666675567627 20.3166675567627 20.375 20.5611114501953 20.4027786254883 20.4416656494141 20.6111106872559 20.716667175293 20.6000003814697 -9999 -9999 -9999 -9999 -9999 -9999 -9999 -9999 -9999 -9999 -9999
