input_data/future_climate/CanESM5_585/_bio13_a.asc
ncols  331
nrows  193
xllcorner  17.833372883333
yllcorner  37.9999896166667
cellsize 0.1666667
NODATA_value  -9999
[rows 62 to 92 of 193, columns 0 to 70 of 331]
75.6875 77.625 79.5 78.1875 78.8125 80.1875 82.3125 79 73 70 -9999 -9999 -9999 -9999 -9999 -9999 83 -9999 83.5 83.1999969482422 83.25 84.4000015258789 91.1428604125977 95 97.6666641235352 100 100 100 99.5 93 85.1666641235352 88 89.6666641235352 95.5 96 -9999 -9999 -9999 -9999 -9999 -9999 -9999 -9999 -9999 -9999 -9999 -9999 -9999 -9999 -9999 -9999 -9999 -9999 -9999 75.5 -9999 -9999 -9999 -9999 -9999 -9999 84.4545440673828 84.1428604125977 84.25 83.4375 82.5714263916016 83.375 85 85.4375 85.3125 84.6875
72.5 74.1875 78.5 77.875 76.25 73.75 75.2307662963867 73.6999969482422 68.4000015258789 64 -9999 -9999 -9999 -9999 -9999 -9999 -9999 -9999 -9999 -9999 -9999 -9999 -9999 -9999 -9999 -9999 -9999 -9999 -9999 -9999 -9999 -9999 -9999 -9999 -9999 -9999 -9999 -9999 -9999 84 84.5 84.1999969482422 83.8333358764648 84.5 86.1666641235352 86 86.0833358764648 85.0714263916016 83.6153869628906 82.1818161010742 80.75 79 76.6666641235352 76.6666641235352 -9999 -9999 -9999 -9999 -9999 -9999 90 82.0833358764648 82.375 83.125 83.75 84.8125 86.25 87 87 86.4375 86.5625
68.3125 70.6875 75.875 74.75 74.5625 71.8125 70.6875 68.75 66.6666641235352 60.6666679382324 58 -9999 -9999 -9999 -9999 -9999 -9999 -9999 -9999 -9999 -9999 -9999 -9999 -9999 -9999 -9999 -9999 -9999 -9999 -9999 -9999 -9999 -9999 -9999 -9999 -9999 89 88.7142868041992 88.5555572509766 87.875 88.3076934814453 86.8666687011719 87.125 88.1875 88.0625 87.625 88.1875 88.4375 87.5 85.5 83.5625 81.5 79.6875 79.875 80.6923065185547 81.4166641235352 84.25 83.25 82.9000015258789 81.75 81.5555572509766 82.5 82.6875 82.6875 84.75 85.75 86.9375 87.5 87.25 87 86.375
72.75 76.875 78.6875 78.25 75.1333312988281 70.9375 69.5 68.6666641235352 -9999 -9999 -9999 -9999 -9999 -9999 -9999 -9999 -9999 -9999 -9999 -9999 -9999 -9999 -9999 -9999 -9999 -9999 -9999 -9999 -9999 -9999 -9999 -9999 -9999 89.4000015258789 90.25 90.4545440673828 90.1333312988281 90.6666641235352 91.6875 92.8125 93.4375 92.5625 91.75 90.9375 89.5 88 87.875 87.8125 86.8125 87.3125 86.75 84.1875 82.25 81.75 82 82 85.0625 84.25 82.25 82.5625 83.625 82.4375 81.6875 82.5625 85.3125 86 86.4375 86.375 86.75 86.1875 86.625
82 82 79.8571395874023 78.4375 73.9166641235352 70.1428604125977 -9999 -9999 -9999 -9999 -9999 -9999 -9999 -9999 -9999 -9999 -9999 -9999 -9999 -9999 -9999 -9999 -9999 -9999 -9999 -9999 -9999 97 97.375 97.75 -9999 90.3333358764648 88.8000030517578 88.3333358764648 89.6875 92.25 93.3125 93.875 95.25 97.5625 99.6875 99.9375 97.0625 93.5625 91.25 88.4375 86.3125 86.5625 87.1875 88.25 88.0625 85.8125 83.5625 81.625 80.625 80.875 81.0625 80.75 80.125 80.5 81.25 81.625 82.6875 83.25 84.6875 85.5625 85.75 85.9375 85.9375 86.125 86.375
76.75 74.5833358764648 75.7777786254883 75.4000015258789 74 -9999 -9999 -9999 -9999 -9999 -9999 -9999 -9999 -9999 -9999 -9999 -9999 -9999 -9999 -9999 -9999 -9999 -9999 -9999 -9999 96.8000030517578 97.25 97.3333358764648 97.8125 97.5625 94.3333358764648 90.7142868041992 88.1999969482422 87.636360168457 88.4375 90.5625 92.75 94.4375 96.0625 100.0625 103 105.25 100.8125 95.9375 91.25 87.75 85.625 85.3125 85.8125 85.9375 85.6875 84.1875 82.125 81.0625 80.5 79 78.25 78.0625 78 78.5 80.125 81.5625 82.6875 83.5625 84.0625 84.5 85.0625 85.5625 86.3125 86.5 86.1875
65.8000030517578 69 -9999 -9999 -9999 -9999 -9999 -9999 -9999 -9999 -9999 -9999 -9999 -9999 -9999 -9999 -9999 -9999 -9999 -9999 -9999 -9999 -9999 -9999 -9999 -9999 -9999 96.1999969482422 96.1875 95.1111145019531 91.8333358764648 87.5714263916016 84.6666641235352 84.8333358764648 85.75 87.75 90.125 92.5625 95.8125 100.125 102.75 103.75 100.8125 96.5 92 87.9375 85.0625 82.625 82.4375 83.0625 83.1875 82.5 81.8125 80.625 79.9375 79.1875 78.1875 78 78.125 78.8125 80.5625 82.5625 83.1875 83.5 83.5625 84.375 85.1875 85.5 85.9375 86.6875 86.875
-9999 -9999 -9999 -9999 -9999 -9999 -9999 -9999 -9999 -9999 -9999 -9999 -9999 -9999 -9999 -9999 -9999 -9999 -9999 -9999 -9999 -9999 -9999 -9999 92.3333358764648 92.5 93.25 95.2222213745117 93.7692337036133 91.3333358764648 88.0833358764648 84.2857131958008 81.9375 81 83.5714263916016 84.6875 87.0625 90.3125 95.1875 99.5 101.875 102.0625 99.6875 96.25 92.3125 88.625 85.5625 82.0625 79.9375 80.8125 81.25 80.5625 79.6875 79.625 80.5625 80.75 79 78.125 78 78.75 80.625 82.75 83.125 83.625 83.25 83.75 84.875 85.3125 85.8125 85.875 86.5
-9999 -9999 -9999 -9999 -9999 -9999 -9999 -9999 80.8571395874023 -9999 -9999 -9999 -9999 -9999 -9999 -9999 -9999 -9999 -9999 -9999 -9999 -9999 -9999 92.5 91.533332824707 92.5 92.875 93.625 92.4375 89.75 86.3125 83 79.75 80 -9999 80.5 82.8125 86.8125 92.375 98.0833358764648 101.125 100.25 98.1875 95.125 92.25 89.375 86.25 82.5625 79.125 78 79 78.8125 79.3125 79.5625 79.8125 80 79.5 79.375 79.4375 80.375 82.25 83.4375 84.125 85 84.875 84.9375 85.5625 85.8125 85.875 85.8125 85.5
-9999 -9999 -9999 -9999 -9999 -9999 -9999 -9999 -9999 -9999 -9999 -9999 -9999 -9999 -9999 -9999 -9999 -9999 -9999 -9999 -9999 -9999 -9999 90 89.5999984741211 88.9333343505859 89.3125 90.8333358764648 89.6666641235352 87.4000015258789 84.6666641235352 -9999 -9999 -9999 -9999 -9999 79.5 82.9090881347656 88 95 97.3333358764648 97.75 97 94.6875 92.3125 88.9375 86.3125 83.3125 79.3125 76.875 78.4375 79.875 80.625 80.0625 80.9375 80.6875 81.0625 81.0625 80.1875 82 82.9375 83.75 85.3125 86.625 86.625 86 85.25 85.75 85.4375 84.8125 84.0625
-9999 -9999 -9999 -9999 -9999 -9999 -9999 -9999 -9999 -9999 -9999 -9999 -9999 -9999 -9999 -9999 -9999 -9999 -9999 -9999 -9999 -9999 -9999 -9999 -9999 84 85.5555572509766 88 87.5 -9999 -9999 -9999 -9999 -9999 -9999 -9999 75 75.5 -9999 91.4000015258789 93.9375 95.875 95.4375 94 91.875 89.125 86.1875 82.9375 79.4375 78.0625 80.4375 81.5625 82.9375 82.125 81.5625 81.6875 82 81.8125 80.625 80.625 80.375 81.0625 83.375 85.1875 85.5625 85.5 85 85.0625 84.375 83.25 82.9375
-9999 -9999 -9999 -9999 78 76.5 72.1818161010742 71.6666641235352 73.5 75 -9999 -9999 -9999 -9999 -9999 -9999 -9999 -9999 -9999 -9999 -9999 -9999 -9999 -9999 80 81.375 83 -9999 -9999 -9999 -9999 -9999 -9999 -9999 -9999 -9999 -9999 -9999 -9999 88.1428604125977 91.5 92.6875 92.5625 91.9375 90.375 87.9375 84.625 81.9375 79.4375 79.6875 80.0625 80.875 82.125 82.5 81.625 81.4375 82.5 82.6875 82.8125 82.25 81.375 80.75 81.8125 83.25 84.1875 84.625 84.5625 84.5625 84.1875 83.4375 82.6875
-9999 -9999 -9999 71.1666641235352 78.9375 77.9375 73.25 70.6666641235352 -9999 -9999 -9999 -9999 -9999 -9999 -9999 -9999 -9999 -9999 -9999 -9999 -9999 -9999 -9999 -9999 -9999 -9999 83 80.8571395874023 78.8571395874023 -9999 -9999 -9999 75 -9999 -9999 -9999 -9999 -9999 -9999 85.25 88.125 89.4375 89.4375 88.5 87 85.625 83.0625 80.4375 80.4375 80.1875 79.5 80.25 80.75 81.25 83 84.375 84.4375 84.375 84.25 84.375 83.125 82.6875 82.875 83.4375 83.875 83.4375 84.125 84.1875 84.375 84.4375 84
-9999 69.25 71.5714263916016 75.6875 78.8125 76 -9999 -9999 -9999 -9999 -9999 -9999 -9999 -9999 -9999 -9999 -9999 -9999 -9999 -9999 -9999 -9999 101 97.3333358764648 92.9166641235352 88.2857131958008 86.4375 84.375 80.2666702270508 78 -9999 -9999 -9999 -9999 -9999 -9999 -9999 -9999 -9999 82.125 85 86.375 86.4375 85.75 84.25 83.25 81.3125 81.4375 81.3125 81.5625 81.125 80.5625 80.4375 81.4375 84 85.5 85.1875 84.875 84.875 84.8125 83.875 83.75 83.625 83.1875 84.1875 84.3125 84.4375 84.875 85.75 87.5625 87.4375
-9999 69.25 73.6875 81.4375 81.75 76.1333312988281 70.2857131958008 -9999 -9999 -9999 -9999 -9999 -9999 -9999 -9999 -9999 -9999 -9999 -9999 -9999 -9999 110 106.916664123535 102.375 97.5 92.25 88.9375 86.1875 82.125 79.1875 76.9230804443359 75.1999969482422 -9999 -9999 -9999 -9999 -9999 -9999 -9999 80.5833358764648 83.5 84.375 83.5625 83.4375 82.75 82.3125 82.3125 83.9375 84.375 83.6875 82 79.6875 79.6875 80.125 82.875 84.8125 83.8125 84.5 84.125 84.0625 83.4375 83.4375 83.875 83.875 84.9375 86.3125 86.25 87 89.9375 91.0625 89.9375
67 69.6666641235352 74 79.0625 78.9285736083984 76.8571395874023 -9999 -9999 -9999 -9999 -9999 -9999 -9999 -9999 -9999 -9999 -9999 -9999 -9999 -9999 -9999 111.444442749023 110.4375 106.25 101.9375 96.1875 91.3125 87.375 83.9375 80.5 76.625 74.6875 73 -9999 -9999 -9999 -9999 -9999 77 78.1428604125977 81.75 82.4375 82.5625 81.875 83.1875 84.4375 85.375 86.3125 86.875 85.9375 84.125 81.375 86.1875 88.5 82.9375 81.4375 82.5625 83.25 83.75 83.5 82.6875 82.75 83.5625 83.75 85.375 87.0625 88.875 89.3125 89.625 89.4375 88.8125
-9999 70 71.1333312988281 74.2727279663086 79 -9999 -9999 -9999 -9999 -9999 -9999 -9999 -9999 -9999 -9999 -9999 -9999 -9999 -9999 -9999 -9999 112.727272033691 113.5 111.25 105.625 98.8125 93.0625 87.9375 83.3125 79.5625 75.75 74.875 73.7692337036133 74 74 -9999 78.5 78.4444427490234 78.6666641235352 79.5 80.1875 80.9375 82.125 83 84.6875 84.9375 85.0625 85.625 87.0625 87.75 86.0625 86.9375 91.25 92.3125 85 79.625 81.125 82.75 82.5 82 82.6875 82.75 83.4375 84.8125 85.375 87 89.125 90.1875 89.4375 88.3125 87.75
-9999 67 68.8000030517578 72 -9999 -9999 -9999 -9999 -9999 -9999 -9999 -9999 -9999 -9999 -9999 -9999 -9999 -9999 -9999 108 112.272727966309 116.6875 118.4375 116.1875 109.3125 100.1875 92.6875 86.5 80.6875 78 76.4375 76.625 75.8125 75.0625 76.625 77.75 79.5 80.625 79.9375 79.4375 80 80.1875 81.0625 81.3125 81.8125 82.4375 83.0625 84.4375 86.75 88.5625 88.375 86.75 87.8125 87.1875 82.1875 78.6875 80.1875 81.875 81.9375 82.125 82.6875 83.375 84.0625 84.6875 85.875 87.5625 90.1875 91.375 92.875 92.8125 91.625
-9999 -9999 -9999 -9999 -9999 -9999 -9999 -9999 -9999 -9999 -9999 -9999 -9999 -9999 -9999 -9999 -9999 -9999 -9999 106.833335876465 112.375 118.625 123.3125 119.25 110.5625 101 93 84.9375 79.875 79.0625 77.9375 76.8125 76.25 76.25 78.0625 80 80.0625 80.25 79.375 79.25 79.5 78.9375 79.5625 79.875 80.5625 80.8125 80.25 81.25 83.375 86.3125 86.75 84.0625 83.8125 81.4375 77.375 78 79.8125 81.1875 81.8125 82.25 83 83.625 83.875 85.375 86.5625 88.5 90.625 92.25 93.125 93.1875 93.625
-9999 -9999 -9999 -9999 -9999 -9999 -9999 -9999 -9999 -9999 -9999 -9999 -9999 -9999 -9999 -9999 -9999 -9999 101 104.125 111.5 117.875 122.9375 120.25 111.75 102.625 94.375 85.8125 80.125 79.5 78.5 76.75 75.9375 75.875 77.75 78.8125 78.4375 78.125 77.8125 78.3125 78.625 79.125 78.9375 78.9375 79.3125 79.3125 79.875 80.0625 80.875 82.4375 82.5 81.375 80.625 79.4375 78.375 79.5625 81.1875 82.25 82.1875 81.75 82.5625 83.3125 84.375 86.25 87.8125 88.75 90.5 91.75 92.5 93 94
-9999 -9999 -9999 -9999 -9999 -9999 -9999 -9999 -9999 -9999 -9999 -9999 -9999 -9999 -9999 -9999 -9999 -9999 102.25 104.3125 110.4375 115 117.6875 117.75 113.125 104.0625 95.875 88.375 82.1875 80 78.875 77.875 77.0625 76.875 77.25 77 76.875 76.5625 76.3125 77.5 78.625 78.9375 78.8125 78.625 80.5625 80.875 81 80.9375 81.125 81.5 81.8125 81.875 81.8125 81.1875 80.125 80.75 81.75 82.125 82.0625 82.5 82.6875 83.0625 85 86.5625 87.4375 88.6875 89.875 91.3125 91.75 92.375 93.4375
-9999 -9999 -9999 -9999 -9999 -9999 -9999 -9999 -9999 -9999 -9999 -9999 -9999 -9999 -9999 -9999 -9999 -9999 104 105.8125 109.875 113.125 114 113.875 111.6875 105.9375 98.875 91.625 84.75 80.625 79.125 78.5 77.1875 76.375 76.875 76 75.875 75.875 76.3125 77.0625 78 79 78.8125 78.5625 80.1875 80.75 81.75 83.0625 82.9375 83.4375 83 82.8125 82.5625 82.375 81.5625 80.9375 81.6875 81.8125 82.5 83 83.375 84 85.3125 86.9375 87.9375 89 89 91.375 92.125 92.875 93.9375
-9999 -9999 -9999 -9999 -9999 -9999 -9999 -9999 -9999 -9999 -9999 -9999 -9999 -9999 -9999 -9999 -9999 -9999 -9999 106.538459777832 109.875 112.75 113.5625 115 113.125 109 103.625 96.375 89.0625 82 80.8125 79.4375 78.1875 76.875 76.4375 75.9375 75.3125 76.0625 76.1875 76.5 77.625 78.8125 78.1875 78.0625 79.875 80.9375 82.625 83.4375 84.5 85.625 84.4375 83.9375 84 82.6875 82.25 82.125 81.375 81.6875 81.5625 82.125 83.1875 83.5 85.75 86.8125 89.0625 89.8125 90.75 91.9375 92.375 94.1875 94
-9999 -9999 -9999 -9999 -9999 -9999 -9999 -9999 -9999 -9999 -9999 -9999 -9999 -9999 -9999 -9999 -9999 -9999 -9999 108 110.75 112.6875 113.375 114 112.625 110.9375 106.6875 100.125 93.125 86.25 81.625 80.5625 79.125 77.4375 76.4375 75.125 75.1875 75.5 75.875 76.8125 77 76.75 77.375 78.0625 80.4375 81.9375 83.375 83.875 84.5 86.8125 86.3125 85.5 86.75 83.8125 83.625 83.4375 82.375 82.3125 82.625 82.75 83.625 84.8125 86.6875 89.0625 89.875 91.25 93.0625 92.375 92.9375 92.625 92.4375
-9999 -9999 -9999 -9999 -9999 -9999 -9999 -9999 -9999 -9999 -9999 -9999 -9999 -9999 -9999 -9999 -9999 -9999 -9999 109.599998474121 111.4375 113.125 113.625 113.3125 111.8125 110.125 107.5625 103.125 96.9375 88.9375 83 81.25 79.5 78.0625 76.6875 75.125 74.0625 74.625 75.375 76.3125 76 76.75 77.875 79.375 81.875 82.625 83.5625 83.625 85.625 87.75 87.6875 86.875 87 86.125 85.25 83.75 83.625 84.375 83.9375 84.625 85.1875 85.25 86.375 88.5625 90.6875 92.8125 93.1875 93.5625 93.5625 93.125 92.25
-9999 -9999 -9999 -9999 -9999 -9999 -9999 -9999 -9999 -9999 -9999 -9999 -9999 -9999 -9999 -9999 -9999 -9999 -9999 109.285713195801 110.875 111.9375 111.125 109.875 108.8125 108.6875 107.625 103.875 97.8125 91.5625 85.4375 82.3125 80.8125 78.8125 76.8125 74.4375 73.0625 74.125 74.9375 75 75.4375 77 77.875 79.625 82.4375 82.625 83.875 85.1875 86.75 88.375 88.375 88.0625 87.1875 85.1875 84.9375 84.375 84.5 85.1875 85.8125 87.125 88.5 88.0625 88.875 90.1875 91.8125 92.5625 92.8125 92.9375 93.3125 93.125 93.375
-9999 -9999 -9999 -9999 -9999 -9999 -9999 -9999 -9999 -9999 -9999 -9999 -9999 -9999 -9999 -9999 -9999 -9999 -9999 108 108.5 109.6875 107.5625 103.625 102.5 103.625 105.0625 102.1875 95.875 90.0625 85.0625 83.0625 81.0625 79.4375 77.125 74.5 72.375 73.0625 74.4375 75.125 76.625 77.25 78 80.1875 81.375 83.8125 85.1875 86.4375 87.875 89.875 90.125 87.625 87.25 85.9375 86 87.875 86.75 87.625 88.375 89.0625 89.8125 90.25 90.75 92.5625 93.625 94.0625 93.8125 93.1875 93.3125 92.5625 92.1875
-9999 -9999 -9999 -9999 -9999 -9999 -9999 -9999 -9999 -9999 -9999 -9999 -9999 -9999 -9999 -9999 -9999 103 104.571426391602 106.5 103.400001525879 103.6875 99.625 94.375 92.5 95.4375 98.875 96.75 91.1875 86.5 83.3125 83.1875 81.5 79.625 77.9375 75.625 74.125 74.625 75.3125 77 77.625 78.375 79 80.5625 82.75 83.875 84.75 86.375 87.6875 88.5625 89.875 88.125 86.375 86.4375 86 86.9375 87.625 88.5625 89.9375 91.3125 91.375 92.625 92.75 93.75 93.75 93.375 92.875 92.6875 92.9375 92.0625 92.75
-9999 -9999 -9999 -9999 -9999 -9999 -9999 -9999 -9999 -9999 -9999 -9999 -9999 -9999 -9999 -9999 100.666664123535 102.666664123535 103 -9999 97.0714263916016 94.125 90 85.375 84.6875 85.4375 88.4375 88.375 85.625 83.125 83 82.875 81.625 80.8125 80.125 78.625 77.6875 77.4375 76.875 78.4375 78.9375 79.625 80.25 81.6875 83.6875 84.3125 83.9375 85.125 87.3125 88.125 89.75 87.8125 85.625 84.75 85.4375 87.3125 89.625 89.625 90.625 92.0625 92.4375 93.5 95.4375 94.875 94.1875 93.75 92.6875 91.9375 92.125 92.3125 92.75
-9999 -9999 -9999 -9999 -9999 -9999 -9999 -9999 -9999 -9999 -9999 -9999 88.3333358764648 91.9166641235352 94.7692337036133 97.7692337036133 99.8000030517578 99.1666641235352 96.2222213745117 92.5 90 87 84.375 84.0625 83.375 83.75 83.8125 84.0625 84.1875 83.5625 83.375 83.375 83.1875 83.8125 83.4375 82.25 81.1875 79.125 78 78.8125 79.5625 79.9375 81.125 82.25 83.125 83.25 84.4375 84.75 85.9375 86.5 86.3125 86.5 85.5625 85.4375 85.1875 87 89.5625 90.6875 92.3125 93.375 94.125 94.375 94.875 95.1875 94.875 94.125 93.3125 91.9375 91.875 91.5 91.25
78.6875 77.6875 77.5625 76.6923065185547 75 75 -9999 -9999 -9999 -9999 -9999 -9999 85 87.533332824707 91.75 96.125 98.6875 96.4375 92.8125 88.875 84.9375 83.4375 83.9375 83.125 82.25 82.375 82.625 83.6875 83.125 82.5 82.6875 83.125 83.4375 83.6875 84 83.5 82.375 80.875 79.5 80.6875 80.75 81.25 81.8125 83.8125 84 84.125 85.3125 85.9375 84.8125 85.0625 85.5 85.375 84.3125 84 85.8125 88.1875 88.625 90.5625 91.3125 94 95.4375 95.4375 95.5 95.5625 95.1875 94.3125 94.3125 92 91.375 91.8125 93.125
