input_data/future_climate/CanESM5_585/bio1_a.asc
ncols  331
nrows  193
xllcorner  17.833372883333
yllcorner  37.9999896166667
cellsize 0.1666667
NODATA_value  -9999
[rows 0 to 20 of 193, columns 230 to 275 of 331]
-9999 -9999 -9999 -9999 -9999 -9999 -9999 -9999 -9999 -9999 -9999 -9999 -9999 -9999 2.66296291351318 2.59479165077209 2.55781245231628 2.46432280540466 2.3515625 2.31223964691162 2.38906240463257 2.56979155540466 2.56597208976746 2.73703694343567 2.71666669845581 -9999 -9999 -9999 -9999 -9999 -9999 -9999 -9999 -9999 -9999 -9999 -9999 -9999 -9999 -9999 -9999 -9999 -9999 -9999 -9999 -9999
-9999 -9999 -9999 -9999 -9999 -9999 -9999 -9999 -9999 -9999 -9999 -9999 -9999 -9999 -9999 2.57500004768372 3.23333334922791 2.6588888168335 2.51314091682434 2.96458339691162 2.35286474227905 2.26328134536743 2.20364594459534 2.23098969459534 2.35625004768372 2.44772720336914 2.46250009536743 2.42708325386047 2.42395830154419 2.3847222328186 2.47916674613953 4.86250019073486 -9999 -9999 -9999 -9999 -9999 -9999 -9999 -9999 -9999 -9999 -9999 -9999 -9999 -9999
-9999 -9999 -9999 -9999 -9999 -9999 -9999 -9999 -9999 -9999 -9999 -9999 -9999 -9999 -9999 -9999 -9999 -9999 -9999 3.10624980926514 3.28958344459534 2.40260410308838 2.31197905540466 2.30208325386047 2.30338549613953 2.32291674613953 2.43611097335815 2.15922617912292 2.06223964691162 1.97005200386047 1.95677077770233 2.09455132484436 2.22500014305115 2.154545545578 2.21614575386047 2.18489575386047 2.20260429382324 2.12239575386047 2.11562490463257 2.12968754768372 2.14166665077209 2.09687495231628 2.12916660308838 -9999 -9999 -9999
-9999 -9999 -9999 -9999 -9999 -9999 -9999 -9999 -9999 -9999 -9999 -9999 -9999 -9999 -9999 -9999 -9999 -9999 -9999 -9999 -9999 -9999 2.34999990463257 2.36666679382324 2.26388883590698 2.27760434150696 2.22604179382324 2.20729160308838 2.07239580154419 1.84921884536743 1.70208334922791 1.70520842075348 1.79583323001862 1.69999992847443 1.71249997615814 1.75677084922791 1.72578132152557 1.69453120231628 1.79427075386047 1.9002605676651 1.86901044845581 1.90833342075348 1.94583332538605 1.97604155540466 1.9368588924408 1.92534708976746
-9999 -9999 -9999 -9999 -9999 -9999 -9999 -9999 -9999 -9999 -9999 -9999 -9999 -9999 3.43888878822327 3.30937504768372 -9999 -9999 -9999 -9999 -9999 -9999 -9999 -9999 2.15833330154419 2.24196434020996 2.17239594459534 2.11510419845581 1.91718745231628 1.86223948001862 1.71145832538605 1.76588535308838 1.73255205154419 1.55520832538605 1.37369787693024 1.16250002384186 1.22942698001862 1.40885412693024 1.43802082538605 1.38307285308838 1.28541660308838 1.33020830154419 1.32838535308838 1.30468738079071 1.45572912693024 1.60494792461395
-9999 -9999 -9999 -9999 -9999 -9999 -9999 -9999 -9999 -9999 -9999 -9999 -9999 -9999 -9999 2.55416679382324 2.52976202964783 2.50892853736877 2.51510405540466 -9999 -9999 -9999 -9999 -9999 -9999 -9999 2.12812495231628 1.99374997615814 1.87630200386047 1.66432297229767 1.48046886920929 1.51744782924652 1.56744790077209 1.47057294845581 1.36744797229767 1.27317714691162 1.11848962306976 1.17005205154419 1.16380202770233 1.09427082538605 1.17786455154419 1.26171875 1.33229172229767 1.38854169845581 1.50312507152557 1.62239587306976
-9999 -9999 -9999 -9999 -9999 -9999 -9999 -9999 -9999 -9999 -9999 -9999 -9999 -9999 -9999 -9999 -9999 -9999 2.89416670799255 -9999 -9999 -9999 -9999 -9999 -9999 -9999 1.95625007152557 1.98750007152557 1.91893947124481 1.85911452770233 1.60651040077209 1.51223957538605 1.34869801998138 1.21406245231628 1.12708342075348 1.20937490463257 1.23880219459534 1.18385422229767 1.06041669845581 1.03359365463257 1.07994794845581 1.15677082538605 1.36380195617676 1.53593754768372 1.69062495231628 1.80781257152557
-9999 -9999 -9999 -9999 -9999 -9999 -9999 -9999 -9999 -9999 -9999 2.88333320617676 2.80104160308838 2.69895839691162 2.61098480224609 2.58571434020996 2.56197929382324 2.50937485694885 2.51944446563721 -9999 -9999 -9999 -9999 -9999 -9999 -9999 -9999 1.93333327770233 1.89305567741394 1.93984377384186 1.88723957538605 1.73385417461395 1.51093757152557 1.36614573001862 1.30390620231628 1.18072915077209 1.15494799613953 1.10390615463257 1.11380207538605 1.10338544845581 1.2265625 1.22526037693024 1.26796877384186 1.34244787693024 1.51874995231628 1.70963537693024
-9999 -9999 -9999 -9999 -9999 -9999 3.16770839691162 2.859375 2.74280309677124 2.75104165077209 2.76805567741394 2.71328139305115 2.68411469459534 2.60494804382324 2.56614589691162 2.51848959922791 2.47890615463257 2.43151044845581 2.39036464691162 2.39826393127441 -9999 -9999 2.1777777671814 2.20729160308838 2.12604165077209 2.03645849227905 2.01851844787598 1.95472228527069 1.89296877384186 1.87109375 1.86744785308838 1.85234379768372 1.77421867847443 1.71015632152557 1.5546875 1.37447905540466 1.33333337306976 1.23697924613953 1.11354160308838 1.16145837306976 1.27656245231628 1.19973957538605 1.23046875 1.35494792461395 1.50338542461395 1.60520827770233
3.002272605896 2.99375009536743 3.0371527671814 3.01527786254883 2.97569441795349 2.91041684150696 3.09083318710327 2.71916675567627 2.68203115463257 2.61510419845581 2.48671865463257 2.48958325386047 2.54218745231628 2.4375 2.50104165077209 2.44791674613953 2.43541669845581 2.42161464691162 2.64166665077209 -9999 -9999 2.04166650772095 2.05916666984558 2.06510400772095 2.00416684150696 1.96588540077209 1.94270837306976 1.91484379768372 1.92682290077209 1.86953115463257 1.90260398387909 1.92526054382324 1.77031242847443 1.65598964691162 1.63880205154419 1.52630209922791 1.43984377384186 1.30859375 1.38828134536743 1.41276037693024 1.29609370231628 1.18151044845581 1.12994790077209 1.23593759536743 1.28828132152557 1.32968759536743
2.59322929382324 2.69557285308838 2.81640625 2.80781245231628 2.76510429382324 2.76744794845581 2.74062490463257 2.67682290077209 2.54869794845581 2.42604160308838 2.11822938919067 2.07760405540466 2.14296889305115 2.17630219459534 2.19895839691162 2.21927070617676 2.3125 2.41458344459534 2.40486121177673 2.33750009536743 -9999 2.19444441795349 2.03625011444092 2.02187514305115 2.00677084922791 1.95755207538605 1.94505202770233 1.95052075386047 1.89947915077209 1.88046872615814 1.89661455154419 1.96380198001862 1.90156257152557 1.80442714691162 1.71223962306976 1.74791669845581 1.66718745231628 1.59244787693024 1.58124995231628 1.50520837306976 1.48255217075348 1.421875 1.34296882152557 1.29765617847443 1.08567702770233 1.08880209922791
2.47734379768372 2.52604174613953 2.67135429382324 2.71276044845581 2.73671865463257 2.72031259536743 2.71197915077209 2.65442705154419 2.52994799613953 2.29947900772095 2.06614589691162 2.02395820617676 2.02291655540466 1.97994780540466 1.99114584922791 1.97890615463257 1.98333334922791 2.12213540077209 2.31223964691162 2.30390620231628 2.28307271003723 2.18802070617676 2.13750004768372 2.11145830154419 2.08046865463257 2.02265620231628 1.98359370231628 1.99010419845581 1.96744799613953 1.90885424613953 1.69374990463257 1.52057301998138 1.60442709922791 1.72604167461395 1.71067702770233 1.70520830154419 1.72161459922791 1.71484363079071 1.79635417461395 1.75651037693024 1.73411464691162 1.53203117847443 1.37552082538605 1.22421872615814 1.15729165077209 1.24244785308838
2.703125 2.73541665077209 2.70937490463257 2.82473969459534 2.87630200386047 2.80364584922791 2.79609394073486 2.71848964691162 2.6484375 2.43229150772095 2.24973940849304 2.18411469459534 2.19479155540466 2.10546875 1.97734379768372 1.92786455154419 1.93255221843719 1.95807290077209 2.10182309150696 2.19791674613953 2.23151040077209 2.20338535308838 2.17942714691162 2.08385396003723 1.87968754768372 1.77994799613953 1.71718764305115 1.60000002384186 1.61666667461395 1.55833339691162 1.44635426998138 1.46875 1.44869792461395 1.45546877384186 1.40781259536743 1.54453134536743 1.67760419845581 1.76249980926514 1.84765636920929 1.8515625 1.80755221843719 1.62734377384186 1.38046872615814 1.25885415077209 1.30052089691162 1.32760405540466
2.66692709922791 2.58020830154419 2.44739580154419 2.46692705154419 2.56432294845581 2.68333339691162 2.77578115463257 2.79739594459534 2.73255228996277 2.63645839691162 2.50520825386047 2.25182294845581 2.32135415077209 2.23098945617676 2.18880200386047 2.10833334922791 2.01223969459534 1.93307292461395 1.93723964691162 2.04557299613953 2.25 2.25859379768372 2.17317700386047 2.02968764305115 1.88697910308838 1.89322924613953 1.86458337306976 1.70364582538605 1.75833332538605 1.69973945617676 1.61979162693024 1.59166669845581 1.55989587306976 1.51302099227905 1.54036462306976 1.63437497615814 1.68411445617676 1.83281242847443 1.81770825386047 1.86250007152557 1.89427077770233 1.86718738079071 1.578125 1.37838530540466 1.31276035308838 1.33854162693024
2.53489589691162 2.53593754768372 2.46796894073486 2.44270849227905 2.47838544845581 2.48697900772095 2.63072919845581 2.71432304382324 2.74505209922791 2.73020839691162 2.60963535308838 2.3046875 2.30625009536743 2.36380195617676 2.25572896003723 2.23828125 2.14036464691162 2.03619813919067 1.98671877384186 2.00156259536743 2.22604179382324 2.32187509536743 2.20755219459534 2.01640629768372 2.01848959922791 1.93281257152557 1.86588537693024 1.82734370231628 1.77109372615814 1.70833337306976 1.64739584922791 1.58098959922791 1.50755226612091 1.45364582538605 1.48802089691162 1.55546867847443 1.69088542461395 1.70781254768372 1.76796865463257 1.875 1.85104167461395 1.72031259536743 1.47031247615814 1.38515627384186 1.39687502384186 1.45729160308838
2.59453129768372 2.63619780540466 2.62630200386047 2.62109375 2.64479160308838 2.73984384536743 2.74427080154419 2.65416646003723 2.63333320617676 2.64192724227905 2.65989589691162 2.53489589691162 2.46197915077209 2.46588563919067 2.35104179382324 2.27161455154419 2.17343759536743 2.08151054382324 2.07213544845581 2.02526044845581 2.07838535308838 2.12239575386047 2.01223945617676 1.94218754768372 1.94140625 1.88880217075348 1.84687507152557 1.86640632152557 1.80963540077209 1.75130212306976 1.71822917461395 1.60026037693024 1.50416672229767 1.53932297229767 1.61692702770233 1.67604172229767 1.66302084922791 1.64713537693024 1.72447907924652 1.73333346843719 1.64348959922791 1.59062504768372 1.52552092075348 1.49114584922791 1.43645834922791 1.47916662693024
2.68723964691162 2.703125 2.75989580154419 2.80078125 2.88984370231628 2.88177084922791 2.92864561080933 2.90937495231628 2.87213540077209 2.84843754768372 2.80807280540466 2.70859360694885 2.66718745231628 2.64505219459534 2.55494785308838 2.4453125 2.35598969459534 2.23802089691162 2.15572905540466 2.12057304382324 2.02213549613953 1.98645830154419 2.04375004768372 2.02317714691162 2.01249980926514 1.95677077770233 1.95781254768372 1.96875 2.00234365463257 1.88046884536743 1.82630217075348 1.64661455154419 1.62109386920929 1.66380214691162 1.72864592075348 1.81328129768372 1.83046877384186 1.82343757152557 1.82682287693024 1.7890625 1.76458334922791 1.66432285308838 1.56484377384186 1.48411452770233 1.4921875 1.62812507152557
2.70624995231628 2.79609394073486 2.88645815849304 2.96015620231628 2.98229169845581 2.96250009536743 2.97109365463257 2.93750023841858 2.89739584922791 2.81328105926514 2.7734375 2.76484370231628 2.74270820617676 2.67682290077209 2.61953139305115 2.50390625 2.35729169845581 2.25729155540466 2.14869809150696 2.06354165077209 2.06770825386047 2.07890629768372 2.11354160308838 2.05755209922791 1.9921875 2.02604174613953 2.06718754768372 2.13333320617676 1.98593747615814 1.88906264305115 1.85598945617676 1.83307301998138 1.85572910308838 1.90677082538605 1.95989584922791 1.97031247615814 1.96979165077209 1.95052075386047 1.88072907924652 1.82942700386047 1.83723950386047 1.71536457538605 1.69921875 1.68593752384186 1.71406245231628 1.71015632152557
2.77656245231628 2.87708330154419 2.98489594459534 3.02838540077209 2.99609375 2.90703105926514 2.86875009536743 2.89947915077209 2.92317724227905 2.91380214691162 2.90104150772095 2.85755205154419 2.78411459922791 2.71380186080933 2.62135410308838 2.52760410308838 2.46666646003723 2.37604165077209 2.24947905540466 2.15963554382324 2.07291674613953 2.05833339691162 2.15885400772095 2.24140620231628 2.22552084922791 2.20885419845581 2.16875004768372 2.10703110694885 2.03177094459534 2.01953125 2.03776025772095 1.99062490463257 2.01406240463257 2.02265620231628 2.02265620231628 1.96796882152557 1.90156257152557 1.79947924613953 1.74479162693024 1.80104172229767 1.85572910308838 1.76666665077209 1.77239596843719 1.73307299613953 1.74557292461395 1.75703120231628
2.86041665077209 2.94635415077209 3.03359365463257 3.05729150772095 3.05104160308838 3.02083325386047 3.00729155540466 2.96614575386047 2.98567700386047 2.98359370231628 2.97604155540466 2.90989589691162 2.83151030540466 2.70859384536743 2.60625004768372 2.47447896003723 2.42942690849304 2.33489584922791 2.21588563919067 2.20703125 2.25260424613953 2.27604150772095 2.32213521003723 2.29218745231628 2.20781254768372 2.17916655540466 2.17473959922791 2.14401054382324 2.13645839691162 2.18359375 2.21822905540466 2.20442700386047 2.16119813919067 2.08177089691162 1.96640622615814 1.94609379768372 1.89817714691162 1.84635424613953 1.79947924613953 1.79843759536743 1.86406254768372 1.74401032924652 1.69036471843719 1.71119797229767 1.77500009536743 1.80546879768372
3.03645825386047 3.04401040077209 3.04427075386047 3.07500004768372 3.13125014305115 3.13958334922791 3.09192705154419 3.06588554382324 3.02005195617676 2.97890615463257 2.90885424613953 2.82864594459534 2.71875 2.63750004768372 2.54895830154419 2.56354165077209 2.52656245231628 2.52890634536743 2.50208330154419 2.44166660308838 2.40729165077209 2.42630195617676 2.32161450386047 2.24375009536743 2.25312495231628 2.32187485694885 2.26614594459534 2.27213525772095 2.27630209922791 2.30026054382324 2.35104155540466 2.31770849227905 2.29609370231628 2.16432285308838 2.08489584922791 1.93828117847443 1.82994794845581 1.7049480676651 1.71901047229767 1.80286467075348 1.79583323001862 1.82864582538605 1.89218747615814 1.88072907924652 1.80703127384186 1.64479160308838
