input_data/future_climate/CanESM5_585/bio1_a.asc
ncols  331
nrows  193
xllcorner  17.833372883333
yllcorner  37.9999896166667
cellsize 0.1666667
NODATA_value  -9999
[rows 84 to 104 of 193, columns 184 to 229 of 331]
9.02708339691162 8.91380214691162 8.91119766235352 8.91484355926514 8.99010372161865 8.96979141235352 8.95234394073486 8.89505195617676 8.77239608764648 8.63307285308838 8.5625 8.53046894073486 8.44843769073486 8.49817657470703 8.59895801544189 8.57916641235352 8.75546836853027 8.93151092529297 8.83775997161865 8.87812519073486 8.90234375 8.79427051544189 8.86458301544189 8.87317657470703 8.78489589691162 8.89244747161865 8.93828105926514 8.81223964691162 8.61588573455811 8.69973945617676 8.63802051544189 8.66171836853027 8.63151073455811 8.73177051544189 8.70234394073486 8.43697929382324 8.24453163146973 8.16848945617676 8.10755252838135 8.15104198455811 8.24010372161865 8.30208301544189 8.2890625 8.31979179382324 8.2890625 8.19973945617676
9.24296855926514 9.19322967529297 9.22291660308838 9.34661483764648 9.27109336853027 9.01848983764648 8.92083358764648 8.85781192779541 8.74505233764648 8.67057323455811 8.70182323455811 8.61979198455811 8.52942657470703 8.4375 8.55364608764648 8.71536445617676 8.81875038146973 9.01510429382324 9.00703144073486 8.96354198455811 8.89635372161865 9.00911426544189 9.16901016235352 9.23671913146973 9.24322891235352 9.30520820617676 9.19999980926514 8.94010448455811 8.80520820617676 8.86458301544189 8.97890663146973 8.92890644073486 8.84505176544189 8.73776054382324 8.65130233764648 8.50859355926514 8.42994785308838 8.43906211853027 8.375 8.46510410308838 8.52525997161865 8.54010391235352 8.53515625 8.53541660308838 8.42552089691162 8.31510448455811
9.44270801544189 9.32161426544189 9.38593769073486 9.73828125 9.38255214691162 9.04270839691162 9.11614608764648 9.05052089691162 8.88723945617676 8.8203125 8.72734355926514 8.56666660308838 8.54218769073486 8.52057266235352 8.58828163146973 8.58828163146973 8.78489589691162 9.07682323455811 9.05494785308838 9.11614608764648 9.29062461853027 9.38619804382324 9.46458339691162 9.48776054382324 9.21640586853027 9.07239532470703 9.22083282470703 9.23958301544189 9.17890644073486 9.04296875 8.95156288146973 8.91197872161865 8.86536502838135 8.84270858764648 8.81380176544189 8.75338554382324 8.77369785308838 8.74140644073486 8.61328125 8.59583377838135 8.66640663146973 8.69479179382324 8.63567733764648 8.56093788146973 8.40442752838135 8.26510429382324
9.15677070617676 9.25 9.26249980926514 9.47578144073486 9.38880252838135 9.31875038146973 9.11848926544189 8.97526073455811 8.921875 8.81744766235352 8.74817752838135 8.71067714691162 8.62890625 8.66432285308838 8.70260429382324 8.75677108764648 8.92552089691162 9.03776073455811 9.27473926544189 9.38880252838135 9.28802108764648 9.27708339691162 9.36614608764648 9.23098945617676 9.14583301544189 9.28750038146973 9.23880195617676 9.08281230926514 9.11796855926514 9.12317657470703 9.00468730926514 8.82109355926514 8.87265586853027 8.88020801544189 8.79427051544189 8.80625057220459 8.84635448455811 8.87135410308838 8.81223964691162 8.83385372161865 8.79765605926514 8.80859375 8.83463573455811 8.67369842529297 8.5234375 8.39348983764648
9.40494823455811 9.19375038146973 9.23411464691162 9.62239551544189 9.51640605926514 9.48359394073486 9.34192657470703 9.27161502838135 9.13151073455811 9.19244766235352 9.05078125 8.96197891235352 8.93489551544189 8.92734336853027 8.96536445617676 9.12161445617676 9.22317695617676 9.20286464691162 9.29713535308838 9.42239570617676 9.39921855926514 9.40989589691162 9.25963592529297 9.11927127838135 9.33255195617676 9.30937480926514 9.23906230926514 9.27421855926514 9.07578086853027 8.92630195617676 8.86223983764648 8.90208339691162 8.88359355926514 8.67890644073486 8.79088497161865 8.77734375 8.80208301544189 8.90208339691162 8.89348983764648 8.92500019073486 8.95937538146973 9.09947967529297 9.02161502838135 8.84765625 8.68437480926514 8.5
9.60416698455811 9.45286464691162 9.36562538146973 9.36796855926514 9.61458301544189 9.62239551544189 9.54765605926514 9.42682266235352 9.30260372161865 9.17812538146973 9.13072872161865 8.97187519073486 8.82369804382324 8.82421875 9.02864551544189 9.22500038146973 9.31015586853027 9.19296836853027 9.08046913146973 9.12109375 9.40729141235352 9.57369804382324 9.27005195617676 9.07916641235352 9.32109355926514 9.27994823455811 9.31588554382324 9.30598926544189 9.19921875 8.80130195617676 8.80989551544189 8.83541679382324 8.78489589691162 8.62187480926514 8.67734336853027 8.82213592529297 8.82968711853027 8.80286502838135 8.82057285308838 8.91822910308838 9.06328105926514 9.12760448455811 8.98593711853027 8.91224002838135 8.61770820617676 8.40052032470703
9.45807266235352 9.41692733764648 9.38697910308838 9.67578125 9.74010467529297 9.60677051544189 9.53489589691162 9.40130233764648 9.24609375 9.04401016235352 9.02239608764648 8.94557285308838 8.93541622161865 8.95416641235352 9.06822872161865 9.27890586853027 9.50416660308838 9.45078086853027 9.38828086853027 9.31302070617676 9.27291679382324 9.48046875 9.34140586853027 9.09270858764648 9.18333339691162 9.19062519073486 9.29557323455811 9.22890663146973 9.29895877838135 8.85208320617676 8.81119823455811 8.85677051544189 8.66510391235352 8.61171913146973 8.65833377838135 8.81640625 8.77630233764648 8.89401054382324 8.98411464691162 9.06640625 9.05833339691162 9.10130214691162 9.02135372161865 8.94947910308838 8.79479217529297 8.61770820617676
9.36953163146973 9.43255233764648 9.72005176544189 9.71979141235352 9.63906288146973 9.62161445617676 9.50208377838135 9.29192733764648 9.29270839691162 9.13906288146973 9.14687538146973 9.05234336853027 9.04088497161865 9.16536426544189 9.27525997161865 9.38880157470703 9.54531288146973 9.62291717529297 9.61223983764648 9.42838573455811 9.30260467529297 9.31380176544189 9.52760410308838 9.43802070617676 9.23098945617676 9.04973983764648 9.09687519073486 9.11093711853027 9.22864627838135 9.30052089691162 9.01822948455811 8.89348983764648 8.65833377838135 8.61432266235352 8.52057266235352 8.63463592529297 8.71562480926514 8.84739589691162 9.04348945617676 8.9375 8.96119785308838 9.03333282470703 9.01432323455811 8.91588497161865 8.95937538146973 8.93880176544189
9.59479141235352 9.62526035308838 9.90208339691162 9.75494766235352 9.68463516235352 9.54713535308838 9.38828086853027 9.28125 9.32499980926514 9.35026073455811 9.203125 9.16901016235352 9.24947929382324 9.47942733764648 9.53463554382324 9.60833358764648 9.58723926544189 9.59166622161865 9.63645839691162 9.56666660308838 9.39427089691162 9.24270820617676 9.07838535308838 9.32005214691162 9.30937480926514 9.10078144073486 8.95208358764648 9.03645801544189 9.18437480926514 9.20338535308838 9.27447891235352 8.88489532470703 8.82734394073486 8.74140644073486 8.60104179382324 8.72239589691162 8.90729141235352 9.01380252838135 8.93854141235352 8.96536445617676 8.96249961853027 8.94401073455811 8.84192657470703 8.81380176544189 9.07942676544189 9.08723926544189
10.0518226623535 10.0065107345581 9.90390586853027 9.83307266235352 9.69088554382324 9.56380176544189 9.48932266235352 9.36484336853027 9.44296836853027 9.39427089691162 9.27682304382324 9.36328125 9.55546855926514 9.65807247161865 9.81171894073486 9.84869766235352 9.82213497161865 9.71718788146973 9.76822948455811 9.56328105926514 9.52838516235352 9.42135429382324 9.19973945617676 9.10416698455811 9.19921875 9.00755214691162 9.01406288146973 9.00520801544189 9.21041679382324 9.38567733764648 9.21666622161865 9.24817752838135 9.02552127838135 8.95052051544189 8.72942733764648 8.79244804382324 8.98776054382324 8.91015625 8.83567714691162 8.79296875 8.91979122161865 9.00729179382324 8.90078163146973 8.85130214691162 8.94609355926514 8.86041641235352
10.1588544845581 10.0531253814697 9.97916698455811 9.84947872161865 9.69713497161865 9.61588573455811 9.57317733764648 9.54479217529297 9.58776092529297 9.62604141235352 9.61328125 9.67760372161865 9.7421875 9.89791679382324 10.0440101623535 10.0916662216187 9.89791679382324 9.66666698455811 9.62526035308838 9.65598964691162 9.39270782470703 9.375 9.19869804382324 9.19817733764648 9.03203105926514 8.97864627838135 9.01119804382324 9.15625 9.13984394073486 9.36979198455811 8.88020801544189 8.94114589691162 9.02265644073486 8.98958301544189 8.62682247161865 8.92942714691162 8.97291660308838 8.8359375 8.98645877838135 9.03619766235352 9.11458301544189 8.83828163146973 8.84218788146973 8.90651035308838 8.86171817779541 8.83463573455811
10.1231775283813 10.0479164123535 10.0023441314697 9.87994766235352 9.70703125 9.74921894073486 9.86666679382324 9.88489627838135 9.82890605926514 9.83229160308838 9.82187557220459 9.80572891235352 9.90416717529297 9.98046875 9.97734355926514 9.92630195617676 9.91354179382324 9.78723907470703 9.73072910308838 9.60859394073486 9.45052051544189 9.31718730926514 9.21562480926514 9.12708377838135 9.14479160308838 9.04947948455811 9.00494766235352 8.91041660308838 9.12473964691162 9.26302051544189 9.0078125 8.84062480926514 8.60624980926514 8.86900997161865 8.56354141235352 8.47942733764648 8.78854179382324 9.06927108764648 9.07994747161865 9.23151016235352 9.03671836853027 8.94088554382324 8.97630214691162 8.83307266235352 8.87317752838135 8.75078105926514
10.22265625 10.3026037216187 10.0744791030884 9.96432304382324 10.0671873092651 10.1052083969116 10.0598955154419 10.0791664123535 10.0440101623535 9.87760448455811 9.85520839691162 10.0557289123535 9.97786426544189 10.1244792938232 10.0505208969116 9.86223983764648 9.91901016235352 9.99296855926514 9.88671875 9.80052089691162 9.69687461853027 9.56770801544189 9.36640644073486 9.35598945617676 9.26093769073486 9.15208339691162 9.04791641235352 9.13749980926514 9.14869785308838 9.33307266235352 9.13776016235352 8.94114589691162 8.75572872161865 8.65104198455811 8.60234355926514 8.44062519073486 8.66796875 8.97500038146973 9.39453125 9.24427127838135 8.94895839691162 8.98489570617676 9.03229141235352 8.95546913146973 8.83125019073486 8.73072910308838
9.5234375 10.0328121185303 10.3109378814697 10.3179683685303 10.252082824707 10.2369794845581 10.119010925293 10.0526037216187 10.0247392654419 9.96666717529297 9.98802089691162 10.1263017654419 10.0161457061768 9.92604160308838 10.1020832061768 10.1380205154419 10.1710939407349 9.99479198455811 9.80312538146973 9.73203086853027 9.57135391235352 9.45703125 9.41145801544189 9.41171836853027 9.34869766235352 9.34531307220459 9.25260448455811 9.19557285308838 9.16848945617676 9.20625019073486 9.29505252838135 9.06354141235352 8.87343788146973 8.67395782470703 8.68697929382324 8.61640644073486 8.77057266235352 8.94114589691162 9.17447948455811 9.26406288146973 9.00911426544189 9.12109375 9.01093769073486 8.95286464691162 8.84375 8.88958358764648
9.82526016235352 10.1322917938232 10.5122394561768 10.37109375 10.3161458969116 10.2546873092651 10.1291666030884 9.96354103088379 9.89791679382324 9.984375 10.2216148376465 10.16796875 10.1255207061768 10.3427085876465 10.3411455154419 10.1247396469116 10.140625 10.0346355438232 9.95130252838135 9.84817695617676 9.75104141235352 9.70156288146973 9.75703144073486 9.57187461853027 9.54583358764648 9.57552051544189 9.55130195617676 9.49140644073486 9.24713516235352 9.15260410308838 9.35468769073486 9.20781230926514 9.03177070617676 8.79479122161865 8.80572891235352 9.00859355926514 9.12317657470703 9.15963554382324 9.17630195617676 8.94791603088379 8.94817733764648 9.02552127838135 8.93385410308838 8.90677070617676 9.09322929382324 9.16380214691162
10.0494794845581 10.0492191314697 10.4846353530884 10.4190101623535 10.5427083969116 10.5059900283813 10.3361978530884 10.0578126907349 9.99713516235352 10.1411457061768 10.3520832061768 10.4036455154419 10.4703121185303 10.4184894561768 10.2505207061768 10.1505212783813 10.2195310592651 10.088020324707 10.1166667938232 10.1549482345581 9.99791622161865 9.87005233764648 9.77447891235352 9.75833320617676 9.70703125 9.70104217529297 9.65807247161865 9.50390625 9.46380233764648 9.23151016235352 9.18854141235352 9.06484413146973 9.02057266235352 8.98593711853027 9.11406230926514 9.15703105926514 9.14453125 8.93984413146973 8.82135391235352 8.73723983764648 8.92994785308838 8.99296855926514 9.05677127838135 9.07604122161865 9.29088497161865 9.11692714691162
10.3911457061768 10.263801574707 10.3591146469116 10.548698425293 10.51171875 10.3453121185303 10.2934894561768 10.0559892654419 10.1341142654419 10.3523435592651 10.3783855438232 10.3596353530884 10.3039064407349 10.2570314407349 10.4213542938232 10.5148439407349 10.4638023376465 10.4252605438232 10.4125003814697 10.3179683685303 10.1674480438232 9.99973964691162 9.88776016235352 9.80703067779541 9.73411464691162 9.77291679382324 9.82578182220459 9.84531211853027 9.76718711853027 9.53645801544189 9.34843730926514 9.28437519073486 9.31223964691162 9.36692714691162 9.31354141235352 9.28697872161865 9.10755157470703 8.91744804382324 8.82916641235352 8.60989570617676 8.85651016235352 9.01875019073486 9.17604160308838 9.27916622161865 9.39114570617676 9.08541679382324
10.6768226623535 10.5559902191162 10.5434894561768 10.568489074707 10.5213537216187 10.3234376907349 10.2054691314697 10.1901044845581 10.3760414123535 10.6794271469116 10.7692708969116 10.6158857345581 10.689582824707 10.7182292938232 10.7335939407349 10.7216148376465 10.6531248092651 10.4869794845581 10.3492183685303 10.2643232345581 10.1377601623535 10.0054683685303 9.87239551544189 9.76770782470703 9.79505252838135 9.79921913146973 9.76901054382324 9.73072910308838 9.71744823455811 9.85989570617676 9.81067657470703 9.70677089691162 9.54088497161865 9.46249961853027 9.36979198455811 9.20651054382324 9.18697929382324 9.01953125 8.89505195617676 8.74947929382324 8.95078086853027 9.13489627838135 9.27994823455811 9.20598983764648 9.28567695617676 8.88906288146973
10.9809894561768 10.9289064407349 10.837760925293 10.7997398376465 10.8088541030884 10.8065099716187 10.6747398376465 10.7075519561768 10.7770833969116 10.8010416030884 10.7390623092651 10.6919269561768 10.7333335876465 10.8286457061768 10.7697916030884 10.6645832061768 10.7393226623535 10.6510419845581 10.5322914123535 10.44140625 10.25390625 10.1419267654419 10.0458335876465 9.96406269073486 9.98723983764648 9.95781230926514 9.88411426544189 9.86901092529297 9.76458358764648 9.78359413146973 9.82864570617676 9.69999980926514 9.60885429382324 9.55937480926514 9.52265644073486 9.54374980926514 9.37734413146973 9.21640586853027 8.97474002838135 8.91197872161865 9.04296875 9.19817733764648 9.14505195617676 9.12890625 9.26406288146973 9.11692714691162
11.1453123092651 11.0432291030884 10.9148435592651 10.8354167938232 10.8770837783813 10.8893232345581 10.8716144561768 10.8132810592651 10.6997394561768 10.6916666030884 10.7049474716187 10.6481771469116 10.7270832061768 10.8940105438232 10.9664058685303 10.9638023376465 10.9481773376465 10.8567705154419 10.763542175293 10.6161460876465 10.541145324707 10.4489583969116 10.2903642654419 10.07421875 10.1619787216187 10.1940107345581 10.23046875 10.2156248092651 10.1578121185303 10.1414060592651 10.0106773376465 9.94088554382324 9.93906211853027 9.82890605926514 9.61145782470703 9.41197872161865 9.45260429382324 9.55650997161865 9.51354122161865 9.21796894073486 9.19322872161865 9.05442714691162 8.97109413146973 9.09427070617676 9.35416698455811 9.13515663146973
11.3125 11.150260925293 10.9499998092651 10.7687501907349 10.7916669845581 10.7593746185303 10.7437496185303 10.6791667938232 10.7914066314697 10.8572912216187 10.8552083969116 10.9140625 10.916145324707 10.9067707061768 10.9104166030884 10.9812498092651 11.0010414123535 10.7838544845581 10.6427087783813 10.5854167938232 10.4773435592651 10.5356769561768 10.6489582061768 10.44921875 10.2885417938232 10.1166667938232 10.0856771469116 10.1489582061768 10.154167175293 10.1388025283813 10.1234378814697 10.1661462783813 10.1440105438232 9.96067714691162 9.81770801544189 9.66718769073486 9.48151016235352 9.63359355926514 9.69661426544189 9.60833358764648 9.31692695617676 9.32760429382324 9.24687480926514 9.19270896911621 9.15390586853027 9.05208301544189
