input_data/future_climate/CanESM5_585/bio1_a.asc
ncols  331
nrows  193
xllcorner  17.833372883333
yllcorner  37.9999896166667
cellsize 0.1666667
NODATA_value  -9999
[rows 0 to 20 of 193, columns 0 to 45 of 331]
-9999 -9999 -9999 -9999 8.61944484710693 8.14851188659668 8.3100004196167 8.13083362579346 8.19930553436279 8.45027732849121 8.74687480926514 8.39618015289307 8.66015625 9.40583324432373 -9999 7.96250009536743 7.81500005722046 7.61749982833862 8.36666679382324 9.59166622161865 8.57083320617676 7.8310604095459 6.89743614196777 5.96015644073486 6.02083349227905 5.34166669845581 6.00442695617676 5.91041660308838 5.09661436080933 4.89479160308838 5.98593759536743 6.9494047164917 6.10684537887573 4.96666669845581 4.19401025772095 3.30104184150696 2.96848964691162 3.55703115463257 3.83906245231628 3.60677075386047 3.63541674613953 4.44505214691162 5.65963554382324 6.27194452285767 4.88777780532837 3.27864599227905
-9999 -9999 -9999 8.01249980926514 8.34583377838135 7.90803575515747 7.45598936080933 7.07838535308838 7.16692686080933 7.91223955154419 7.95859384536743 8.3355770111084 9.36916637420654 8.5654764175415 7.60059499740601 8.20750045776367 8.04696941375732 7.93083333969116 8.07138919830322 8.4856481552124 7.09416675567627 6.18255186080933 6.32847213745117 7.76770830154419 7.48359394073486 6.08932304382324 4.76197910308838 4.03515625 3.67239594459534 4.05078125 4.5703125 5.74427080154419 5.97444438934326 5.42864561080933 4.21041679382324 3.40364575386047 3.04114580154419 3.11328125 3.23671865463257 2.52682280540466 2.21536469459534 2.66588544845581 4.81406259536743 4.96380233764648 3.89687514305115 3.12526059150696
-9999 8.76979160308838 7.2115740776062 7.07583332061768 7.16927051544189 7.18906259536743 7.57682275772095 7.67888879776001 7.40026044845581 7.14851188659668 7.23255205154419 8.31770801544189 8.39305591583252 6.71145820617676 7.07833337783813 8.65333366394043 6.64895820617676 6.52031278610229 5.86276054382324 7.13359355926514 6.20859384536743 4.04661464691162 4.01406240463257 5.21484375 5.84687519073486 6.18125009536743 5.05130195617676 4.01640605926514 3.52161455154419 3.87708330154419 3.94374990463257 4.12812519073486 4.24114608764648 3.77682304382324 3.38046884536743 3.34166669845581 2.94348955154419 2.83906245231628 3.02083325386047 2.82630205154419 2.64479160308838 3.11770820617676 3.95156264305115 4.14375019073486 3.92499995231628 3.58072924613953
8.53458309173584 7.99672603607178 7.12942695617676 6.38151025772095 6.42604160308838 7.43541669845581 7.68541669845581 6.41718721389771 6.57786464691162 6.18046855926514 7.08359384536743 8.01416683197021 6.68359375 6.70729160308838 8.07410717010498 7.55256414413452 6.47805547714233 4.83776044845581 3.93671870231628 4.31041669845581 5.53619813919067 4.22395849227905 2.81692719459534 3.57447910308838 2.65468764305115 2.69270825386047 3.2890625 3.82708334922791 3.42942714691162 3.15651035308838 2.94947910308838 2.96614575386047 3.22604155540466 3.22083330154419 2.89661455154419 2.94062495231628 2.78151035308838 2.89140629768372 2.85442709922791 2.85286450386047 2.79244804382324 2.85208344459534 3.23593759536743 3.46380209922791 3.41875004768372 3.29375004768372
7.50703144073486 7.74613094329834 7.05651044845581 7.10833311080933 6.58166646957397 6.40416669845581 7.08277750015259 6.65260410308838 6.43645858764648 5.953125 7.14687490463257 6.18880224227905 5.42421865463257 6.74609375 7.5163459777832 5.37760400772095 4.82369804382324 3.24401044845581 3.97838544845581 3.22942709922791 3.41718745231628 3.89192700386047 4.03046894073486 3.91588544845581 3.3671875 3.13072919845581 2.92369794845581 3.42421889305115 3.59869790077209 3.23359370231628 2.84401035308838 3.28489589691162 3.07760405540466 2.93463540077209 3.01692700386047 2.80781245231628 2.71562480926514 2.82604169845581 2.90781259536743 2.82291674613953 2.98255205154419 3.07630205154419 3.27447915077209 3.44427084922791 3.34817719459534 3.21953129768372
7.72760438919067 6.80833339691162 6.41718769073486 6.30156230926514 6.61250019073486 6.05026054382324 6.23723936080933 6.72708320617676 7.17057275772095 6.77666664123535 6.21979188919067 5.98359394073486 6.86276054382324 5.43098974227905 4.53177070617676 4.86510419845581 4.32890605926514 3.28593730926514 2.48255205154419 2.52473950386047 2.44088554382324 2.62578129768372 2.95286464691162 3.19817709922791 3.75989580154419 3.7890625 3.40130209922791 3.43671870231628 3.62526035308838 3.55963540077209 3.10885429382324 3.06276035308838 2.95104169845581 2.98671865463257 3.09088540077209 2.93072915077209 2.75078129768372 2.61223959922791 2.67369794845581 2.78072929382324 2.89348959922791 3.21718764305115 3.18593740463257 3.13932275772095 3.01458334922791 3.07187485694885
6.08515644073486 5.82447910308838 5.70833349227905 5.73854160308838 6.33463525772095 5.93125009536743 5.70833349227905 5.83151054382324 6.52942705154419 5.90677070617676 5.38776016235352 5.00364589691162 4.38229179382324 4.70859384536743 4.50286436080933 4.08437490463257 3.44140625 3.45208334922791 2.81536459922791 2.43880200386047 2.51223945617676 2.99843740463257 3.15078115463257 3.17916655540466 3.30989599227905 3.46953129768372 3.47447919845581 3.43255209922791 3.45729160308838 3.56432294845581 3.47786450386047 3.39739584922791 3.23958325386047 2.95208334922791 2.81171870231628 2.81015634536743 2.64218735694885 2.77291655540466 2.83177065849304 2.89453125 2.98828125 3.07109379768372 2.94140625 3.12604165077209 3.22005200386047 3.30729174613953
5.75390625 5.67109394073486 5.04062509536743 5.44765615463257 4.10885429382324 4.13151073455811 4.90208339691162 4.52578115463257 4.40104150772095 5.07499980926514 6.10468769073486 5.53177070617676 4.48567724227905 3.98307299613953 4.00546884536743 3.86510419845581 3.45182275772095 3.11901044845581 3.09348964691162 2.83984375 2.61145830154419 2.59583330154419 2.76614594459534 3.07369780540466 3.34453129768372 3.46510410308838 3.50208330154419 3.42864584922791 3.42760419845581 3.56119799613953 3.57890629768372 3.43203139305115 3.10885429382324 2.79505205154419 2.56927084922791 2.6015625 2.76354169845581 2.85625004768372 2.90624976158142 2.87187480926514 3.00598955154419 3.00416660308838 3.1015625 3.19557285308838 3.34088540077209 3.46197915077209
4.78437519073486 4.85885429382324 4.03645849227905 3.74635410308838 4.91145849227905 3.75989580154419 3.47005200386047 3.21822929382324 3.10520839691162 3.77838540077209 4.23177099227905 5.19791650772095 4.23333358764648 3.89114594459534 3.56640625 3.54765629768372 3.17447900772095 2.83463549613953 2.60312485694885 2.71796870231628 3.02161455154419 3.07890629768372 2.88151025772095 2.86276030540466 3.05729174613953 3.28281235694885 3.48489570617676 3.37916660308838 3.36067700386047 3.36093759536743 3.41458344459534 3.31484365463257 3.23880195617676 2.93906259536743 2.72604179382324 2.72421860694885 2.67552089691162 2.63098955154419 2.74921870231628 2.73828125 2.90989589691162 3.03125 3.17864584922791 3.37291669845581 3.48333311080933 3.56614589691162
4.22265625 3.49791669845581 3.72812509536743 2.91197919845581 3.45598959922791 2.80234384536743 3.03984379768372 3.45338535308838 3.73567700386047 3.80911445617676 3.84088540077209 4.49296855926514 4.43932294845581 3.92499995231628 3.7734375 3.62578129768372 3.45703125 3.15208339691162 2.99505209922791 2.81302094459534 2.71536469459534 2.73203134536743 3.03723955154419 3.32343745231628 3.44427084922791 3.44401049613953 3.71041655540466 3.60494780540466 3.52942705154419 3.50703144073486 3.54453134536743 3.42656254768372 3.37109375 3.21302080154419 3.06875014305115 2.92734360694885 3.03749990463257 3.00703120231628 2.98098969459534 3.03828120231628 3.08723950386047 3.11197924613953 3.26354169845581 3.46197915077209 3.56171870231628 3.53177094459534
4.59114599227905 3.88880205154419 3.40286469459534 3.25937509536743 3.66822910308838 4.60182285308838 4.32291650772095 4.00130224227905 3.71015620231628 3.27968740463257 4.05807304382324 4.70078134536743 4.43281269073486 4.28072929382324 3.95911455154419 3.64869785308838 3.36770820617676 3.29609370231628 3.26875019073486 3.15781259536743 3.05572915077209 3.09713530540466 3.11901044845581 3.19375014305115 3.50104165077209 3.80052089691162 3.86119794845581 3.86953115463257 3.95390629768372 4.01406240463257 3.99609375 3.94166660308838 3.85182285308838 3.671875 3.60963535308838 3.56614565849304 3.58749985694885 3.52578115463257 3.50729155540466 3.46770834922791 3.43177080154419 3.41015625 3.49088549613953 3.57864594459534 3.71406245231628 3.81041669845581
2.74531245231628 2.64374995231628 2.69583320617676 2.89374995231628 3.02630209922791 2.46588540077209 2.64973950386047 3.00338530540466 3.46067714691162 4.10755205154419 4.75911474227905 4.99010419845581 5.13437509536743 4.94062519073486 4.48776054382324 3.98125004768372 3.75182294845581 3.51614570617676 3.28098964691162 3.23203134536743 3.24427080154419 3.32890629768372 3.29114580154419 3.37838530540466 3.62135410308838 3.69114589691162 3.74843740463257 3.78828120231628 4.07083320617676 4.26380205154419 4.33880186080933 4.38489580154419 4.23333311080933 4.05260419845581 3.86510419845581 3.52083325386047 3.73515629768372 3.921875 3.71718740463257 3.65598964691162 3.69270825386047 3.75520825386047 3.82994794845581 3.73046875 3.83645844459534 3.90260410308838
2.30052089691162 2.00468754768372 1.80312502384186 1.69088542461395 1.69635415077209 1.64921879768372 1.96302080154419 2.62317705154419 2.86406254768372 3.02864575386047 3.49661445617676 4.22369766235352 4.42994785308838 4.59609365463257 4.74947929382324 4.66197919845581 4.33072900772095 4.08385419845581 3.74921870231628 3.50260400772095 3.35963535308838 3.47786450386047 3.54218745231628 3.62031245231628 3.66875004768372 3.70781254768372 3.88515639305115 3.97135424613953 4.109375 4.45546865463257 4.59270811080933 4.60312509536743 4.55885410308838 4.45442676544189 4.38307285308838 4.17682313919067 3.98515629768372 3.90156245231628 4.22265625 4.13437509536743 4.18515634536743 4.20651054382324 4.18359375 4.17630195617676 4.21041679382324 4.17604160308838
2.90286445617676 2.27760410308838 2.51718759536743 1.37552094459534 1.42343747615814 2.42057299613953 2.93541669845581 2.72708344459534 3.00130200386047 3.16145849227905 3.48359370231628 3.90260410308838 4.12968778610229 4.36067676544189 4.62135410308838 4.78984355926514 4.59973955154419 4.54296875 4.25729179382324 4.10052108764648 3.96692728996277 3.72421884536743 3.64427089691162 3.64374995231628 3.82968759536743 4.08776044845581 4.24505186080933 4.30963563919067 4.46588563919067 4.72890615463257 4.84479188919067 4.86328125 4.83880233764648 4.76276063919067 4.66197919845581 4.45520830154419 4.31901025772095 4.19401025772095 4.12317705154419 4.26770830154419 4.40442705154419 4.53411436080933 4.56406259536743 4.54036474227905 4.51614570617676 4.51041650772095
2.37552094459534 3.06197929382324 3.09583330154419 2.80703115463257 3.18932294845581 2.72447919845581 2.60703110694885 2.73749995231628 2.98020839691162 3.18880200386047 3.36432290077209 3.68932294845581 4.0859375 4.25390625 4.47942733764648 4.45078134536743 4.47994804382324 4.55286455154419 4.52916669845581 4.40416669845581 4.33281230926514 4.19687509536743 4.00963544845581 4.02161455154419 4.13359355926514 4.35911464691162 4.56302070617676 4.74869775772095 5.01197910308838 5.28749990463257 5.30208349227905 5.20208311080933 5.04583311080933 4.96718740463257 4.74739599227905 4.5859375 4.38072919845581 4.35598945617676 4.37604188919067 4.50208330154419 4.64114570617676 4.74765634536743 4.79140615463257 4.75078105926514 4.72161436080933 4.69765615463257
3.87708330154419 3.88619780540466 2.84401035308838 3.43255209922791 3.40520834922791 3.79088544845581 3.50104165077209 3.16953134536743 3.03515625 3.31510424613953 3.53020834922791 3.71067714691162 3.97682309150696 4.0703125 4.32942724227905 4.47161436080933 4.40234375 4.50416660308838 4.55625009536743 4.42317724227905 4.27213525772095 4.25234365463257 4.22109365463257 4.30963563919067 4.56406259536743 4.82968759536743 5.03229141235352 5.20390605926514 5.44192695617676 5.54244804382324 5.42552089691162 5.24635410308838 5.15468740463257 5.10833311080933 4.97421884536743 4.77838563919067 4.79531240463257 4.71015644073486 4.65000009536743 4.73541688919067 4.74427080154419 4.83749961853027 4.97499990463257 4.96328115463257 4.89921903610229 4.87890625
2.13593745231628 3.13307285308838 3.52968764305115 4.28749990463257 4.55911493301392 4.70260429382324 4.19270849227905 3.77161455154419 3.52213549613953 3.50156259536743 3.45885419845581 3.73151040077209 3.89609384536743 4.01432323455811 4.14479160308838 4.25390625 4.44999980926514 4.60182285308838 4.59218740463257 4.59869813919067 4.52421855926514 4.49557304382324 4.45546865463257 4.53671884536743 4.75 5.10468769073486 5.42552089691162 5.60078144073486 5.75885438919067 5.76015615463257 5.68229150772095 5.60963535308838 5.47968769073486 5.29973983764648 5.20651054382324 5.1484375 5.02447938919067 4.93567705154419 4.95442676544189 4.89947938919067 4.98098945617676 5.06458330154419 5.08281230926514 5.01979160308838 4.95520830154419 4.96614599227905
2.18385410308838 2.21041679382324 3.01145815849304 3.61197924613953 3.03333330154419 2.89635419845581 3.89140629768372 4.16197919845581 3.828125 3.67421865463257 3.66223955154419 3.90078115463257 4.046875 4.15807294845581 4.4375 4.60572910308838 4.7734375 4.76015615463257 4.74947929382324 4.70963573455811 4.80286455154419 4.95546865463257 4.90911436080933 4.74270820617676 4.96328115463257 5.32213544845581 5.64609384536743 5.88906240463257 6.02083349227905 6.02057266235352 5.90651035308838 5.75494813919067 5.55572938919067 5.40572929382324 5.38385391235352 5.30833339691162 5.21848964691162 5.17864608764648 5.08541679382324 5.03541660308838 5.15130233764648 5.21432304382324 5.21328115463257 5.13203096389771 5.14244794845581 5.14791679382324
3.15729165077209 3.38619780540466 4.00104188919067 4.20052099227905 4.21927070617676 3.65026044845581 3.43906259536743 3.58932280540466 3.80026030540466 3.93333339691162 4.02239608764648 4.21927070617676 4.1640625 4.25442695617676 4.46640634536743 4.73984384536743 4.86640644073486 5.27994775772095 5.40208339691162 5.43359375 5.40651035308838 5.3515625 5.37708330154419 5.48880195617676 5.46848964691162 5.56380224227905 5.92786455154419 6.22734355926514 6.34999990463257 6.17994785308838 5.92786455154419 5.67864561080933 5.54609394073486 5.50624990463257 5.51614570617676 5.49765634536743 5.46302080154419 5.38619804382324 5.31562519073486 5.30156230926514 5.34765625 5.39244794845581 5.43385410308838 5.44583320617676 5.34973955154419 5.26067733764648
3.93723964691162 3.99088549613953 4.30234384536743 4.46406269073486 4.72734355926514 4.53411436080933 4.37005186080933 4.24921894073486 4.08541679382324 3.953125 4.05937480926514 4.36562490463257 4.30078125 4.52916669845581 4.64687490463257 4.85104179382324 5.1015625 5.234375 5.27760410308838 5.41119813919067 5.65104150772095 5.77109384536743 5.89192724227905 5.95833349227905 6.13020849227905 6.17083311080933 6.42343759536743 6.60651016235352 6.56536483764648 6.47239589691162 6.15989589691162 5.92031240463257 5.63802099227905 5.70104169845581 5.76093769073486 5.84869766235352 5.78671884536743 5.55703115463257 5.50364589691162 5.56406259536743 5.48333311080933 5.48828125 5.64947891235352 5.52994775772095 5.54713535308838 5.68333339691162
3.55546879768372 3.81979155540466 4.05442714691162 3.98307299613953 4.13437509536743 4.35312509536743 4.46197891235352 4.56510400772095 4.64921855926514 4.49401044845581 4.43437528610229 4.54374980926514 4.85234355926514 5.10182285308838 5.25833320617676 5.16249990463257 5.20104169845581 5.50911474227905 5.71484375 5.64791679382324 5.52656269073486 5.68802070617676 5.92161464691162 6.20859384536743 6.45807313919067 6.69010400772095 6.89817714691162 6.81093740463257 6.70651054382324 6.57734394073486 6.24609375 6.08020830154419 5.84114599227905 5.69114589691162 5.83697938919067 5.98203134536743 6.03489589691162 5.72630214691162 5.79114580154419 5.90026044845581 5.81953144073486 5.8203125 5.67499971389771 5.56041669845581 5.76822900772095 5.99661445617676
