input_data/future_climate/CanESM5_585/bio1_a.asc
ncols  331
nrows  193
xllcorner  17.833372883333
yllcorner  37.9999896166667
cellsize 0.1666667
NODATA_value  -9999
[rows 21 to 41 of 193, columns 230 to 275 of 331]
3.25156235694885 3.32317709922791 3.25 3.27239584922791 3.22239565849304 3.17395830154419 3.13463544845581 3.11067700386047 3.10755205154419 3.046875 2.96380209922791 2.89036464691162 2.89739608764648 2.81796884536743 2.76406264305115 2.6796875 2.65572905540466 2.66718745231628 2.68125009536743 2.61171865463257 2.54765629768372 2.39765620231628 2.34843754768372 2.36380219459534 2.41588544845581 2.46510434150696 2.50130200386047 2.50234365463257 2.49583339691162 2.47526049613953 2.42734384536743 2.35078144073486 2.28828120231628 2.23854160308838 2.15625 2.07135415077209 2.00624990463257 1.98750007152557 1.96562492847443 1.92369794845581 1.87760412693024 1.77786457538605 1.79505205154419 1.63906252384186 1.15078115463257 0.429427057504654
3.54427099227905 3.56302094459534 3.40677070617676 3.37578129768372 3.37526035308838 3.39010405540466 3.41875004768372 3.33776044845581 3.25156259536743 3.14374995231628 3.07187485694885 3.06041669845581 3.01979160308838 2.93776035308838 2.93541669845581 2.93098950386047 2.89661455154419 2.83229160308838 2.67578125 2.55755209922791 2.62526035308838 2.58489584922791 2.51666665077209 2.59505224227905 2.63671875 2.70364594459534 2.72682285308838 2.73645830154419 2.65651035308838 2.51458334922791 2.34791660308838 2.24973964691162 2.21145844459534 2.22760415077209 2.22578120231628 2.1875 2.16718745231628 2.05911469459534 1.99869799613953 2.01588535308838 1.94088542461395 1.72630202770233 1.15156245231628 0.673437416553497 0.898437559604645 1.23671889305115
3.72161459922791 3.6640625 3.69869804382324 3.62942695617676 3.53177094459534 3.43854165077209 3.48749995231628 3.36875009536743 3.20885419845581 3.14739584922791 3.09791684150696 3.13776040077209 3.21666669845581 3.18072915077209 3.15130209922791 3.02187490463257 2.84687519073486 2.72864580154419 2.67161440849304 2.68255209922791 2.73411464691162 2.77369785308838 2.79557275772095 2.79635405540466 2.80208325386047 2.77786445617676 2.73723959922791 2.65312504768372 2.50078129768372 2.34843754768372 2.27109360694885 2.18333339691162 2.17994785308838 2.19088554382324 2.17916679382324 2.15494799613953 2.11223959922791 2.05755209922791 2.02291655540466 1.76354169845581 1.42890620231628 0.922135472297668 0.222656235098839 0.615624964237213 1.66276037693024 1.76874995231628
3.61380219459534 3.57057285308838 3.71692705154419 3.76927089691162 3.64947915077209 3.56588554382324 3.55807304382324 3.38515615463257 3.31796884536743 3.27864575386047 3.26874995231628 3.34427094459534 3.33515620231628 3.20000004768372 2.96562480926514 2.86041665077209 2.76041674613953 2.82083344459534 2.91302084922791 2.93177080154419 2.93854165077209 2.95104169845581 2.92578125 2.96328115463257 2.86562490463257 2.71380209922791 2.60703134536743 2.46796870231628 2.30989575386047 2.22447919845581 2.23125004768372 2.20208334922791 2.13333320617676 2.07630205154419 2.03098964691162 1.97265636920929 1.94036459922791 1.88177084922791 1.55520832538605 1.24583339691162 0.956770896911621 1.05390608310699 1.40911459922791 1.77552080154419 1.95625007152557 1.89453125
3.69427084922791 3.75364589691162 3.79140615463257 3.82500004768372 3.78255200386047 3.71536469459534 3.63255214691162 3.61796879768372 3.59739589691162 3.53098964691162 3.45598959922791 3.36119794845581 3.30156254768372 3.12942719459534 2.96432280540466 2.95755195617676 3.02734375 3.05416679382324 3.09322905540466 3.10208344459534 3.07916665077209 2.98541665077209 2.88723945617676 2.76015615463257 2.57942700386047 2.41067719459534 2.36744785308838 2.26458334922791 2.19817709922791 2.21041655540466 2.17239594459534 2.05234360694885 1.96119785308838 1.91718745231628 1.80807292461395 1.79505217075348 1.68541657924652 1.36979150772095 1.04479157924652 0.587760448455811 0.492968767881393 1.01406240463257 1.75729167461395 1.90078115463257 2.09713530540466 2.10000014305115
3.86666655540466 3.87031245231628 3.81718754768372 3.89010405540466 3.85234379768372 3.80052065849304 3.71041655540466 3.64973950386047 3.52838540077209 3.49557280540466 3.39401054382324 3.34895849227905 3.35208344459534 3.21041655540466 3.01848959922791 3.20937490463257 3.23567724227905 3.27369785308838 3.24453115463257 3.16614603996277 3.07994794845581 2.91302084922791 2.72317719459534 2.56328129768372 2.44114589691162 2.24140620231628 1.98671877384186 1.86692714691162 1.77604162693024 1.87421870231628 1.86145830154419 1.65026044845581 1.57005214691162 1.39270830154419 0.630729138851166 0.350000083446503 0.420052111148834 0.802864611148834 0.827864587306976 1.12161457538605 1.27369785308838 1.62369787693024 1.75677084922791 1.96770834922791 1.93776047229767 1.90494787693024
3.87187504768372 3.87968730926514 3.83619785308838 3.85729169845581 3.85885405540466 3.82083344459534 3.72994804382324 3.640625 3.51406264305115 3.48854184150696 3.45807290077209 3.40807294845581 3.39687490463257 3.29973959922791 3.17369794845581 3.29843759536743 3.32421875 3.27109360694885 3.08697915077209 2.94921875 2.52786445617676 2.26927089691162 2.56015634536743 1.97213542461395 1.98489582538605 1.94374990463257 1.53203117847443 1.53359365463257 1.59166669845581 1.54765617847443 1.38541686534882 0.994531214237213 0.391145884990692 0.264322996139526 0.503906309604645 0.955468833446503 1.42708337306976 1.54531252384186 1.74374997615814 1.94218742847443 2.02083349227905 1.93125009536743 1.85208332538605 1.84427094459534 1.83333337306976 1.81302082538605
3.92552089691162 3.87083339691162 3.79140615463257 3.83385419845581 3.83151054382324 3.88932275772095 3.79036450386047 3.63984370231628 3.56510400772095 3.50625014305115 3.46406269073486 3.48125004768372 3.37239575386047 3.20963549613953 3.12343740463257 3.28385400772095 3.20677089691162 3.00494790077209 2.71666646003723 2.42135429382324 1.66692709922791 1.87786459922791 0.947656333446503 1.13072919845581 1.50937497615814 1.29557287693024 0.985156357288361 1.55598962306976 1.30338537693024 0.987500071525574 0.193749934434891 -0.232031375169754 0.563541650772095 1.24427080154419 1.32656252384186 1.64427089691162 1.93802082538605 2.00468754768372 2.00520825386047 1.98802089691162 2.01380205154419 1.96848952770233 1.94375002384186 1.96458339691162 1.94505202770233 1.89140617847443
4.01484394073486 3.92499995231628 3.86536478996277 3.89114594459534 3.91354179382324 3.96692705154419 3.80651044845581 3.60833334922791 3.51015639305115 3.42447924613953 3.35651040077209 3.34192705154419 3.36380195617676 3.25885415077209 3.13880205154419 3.10104155540466 3.06197905540466 2.86536455154419 2.55729150772095 2.29713535308838 1.8419269323349 0.524999916553497 -0.144791722297668 0.655729174613953 0.0398436821997166 0.152864590287209 0.548697948455811 0.204687505960464 0.650781273841858 0.701562404632568 -0.348437607288361 0.194531321525574 0.956770837306976 1.30885422229767 1.51067709922791 2.18098950386047 2.07916665077209 2.01692700386047 1.94557285308838 1.92708337306976 1.92916655540466 2.02656245231628 2.05234360694885 2.10338544845581 2.06979179382324 1.92395842075348
4.08619785308838 4.04166650772095 4.02005195617676 3.97630214691162 3.94817709922791 3.96953105926514 3.95026040077209 3.79609370231628 3.65703129768372 3.58828115463257 3.51015615463257 3.43880200386047 3.39374995231628 3.24114584922791 3.13437509536743 3.00494790077209 2.79739594459534 2.43645834922791 1.71666669845581 0.941927194595337 1.10546875 0.309114575386047 -0.192447945475578 -0.723177075386047 -0.334114491939545 -0.127343714237213 0.102343767881393 0.474218785762787 0.469010442495346 0.25833323597908 0.466406136751175 0.678124964237213 1.05677080154419 1.40364587306976 2.02473950386047 2.265625 2.22213530540466 2.18203115463257 2.15078139305115 2.07760429382324 2.11249995231628 2.03046870231628 2.01302075386047 2.12916660308838 2.20104169845581 2.05338549613953
4.20885419845581 4.22265625 4.06093740463257 3.97369790077209 3.91588544845581 3.86484384536743 3.88124990463257 3.86250019073486 3.83307290077209 3.73619794845581 3.6953125 3.60885429382324 3.44218754768372 3.24713540077209 3.00520825386047 2.77786469459534 2.11119794845581 1.84296882152557 1.30390620231628 0.685937523841858 0.659375071525574 0.00885422807186842 -0.496875017881393 -0.10859376937151 0.826041698455811 1.00572919845581 0.390885382890701 0.735677063465118 1.06875002384186 1.32369804382324 1.63255214691162 1.36223959922791 1.46041667461395 1.86692714691162 2.40625 2.41744804382324 2.28385400772095 2.15833330154419 2.20078134536743 2.19140625 2.19635415077209 2.15546870231628 2.25520825386047 2.35468769073486 2.36927080154419 2.25755190849304
4.24895858764648 4.19999980926514 4.02994823455811 3.92291665077209 3.85494804382324 3.80963540077209 3.80833339691162 3.81484389305115 3.82994794845581 3.86067724227905 3.81119775772095 3.67369794845581 3.52161478996277 3.22265625 2.94270849227905 2.69687485694885 1.97526037693024 1.85677075386047 1.58229160308838 1.37708342075348 0.706510424613953 0.807031154632568 1.67161452770233 1.81354153156281 1.87447917461395 1.41354167461395 1.73489582538605 1.91874992847443 1.94739580154419 1.52942705154419 1.76666665077209 2.17083334922791 2.15000009536743 2.40546870231628 2.54739594459534 2.45494794845581 2.34999990463257 2.31770825386047 2.36171865463257 2.33541655540466 2.42552089691162 2.43593740463257 2.49869775772095 2.50442695617676 2.44322919845581 2.38671875
4.31979179382324 4.25286483764648 4.14427089691162 3.99166679382324 3.83098959922791 3.7421875 3.69036459922791 3.72161459922791 3.78828120231628 3.89296865463257 3.80208325386047 3.62604165077209 3.46223950386047 3.25052070617676 3.17864584922791 3.11744809150696 2.89374995231628 2.19114589691162 1.66979157924652 1.13593757152557 0.697916567325592 1.42213547229767 1.75625002384186 1.94609379768372 2.27057290077209 2.23020839691162 2.30755209922791 2.43072915077209 2.37369799613953 2.32421875 2.34166669845581 2.41249990463257 2.54791665077209 2.60416674613953 2.63255190849304 2.64270830154419 2.54062509536743 2.52630209922791 2.57421875 2.63437485694885 2.64479184150696 2.58984375 2.60781240463257 2.58359384536743 2.51276040077209 2.46588516235352
4.25807285308838 4.25078105926514 4.17239570617676 4.07916688919067 3.93984365463257 3.87317705154419 3.93385410308838 3.890625 3.91953134536743 3.96848964691162 3.72161459922791 3.48385405540466 3.53880190849304 3.46614599227905 3.21744799613953 2.96979165077209 2.73359370231628 1.87864589691162 1.06223964691162 1.00442719459534 0.810156166553497 1.86458325386047 2.43385410308838 2.39765620231628 2.37968754768372 2.51171875 2.67031264305115 2.58880209922791 2.45286464691162 2.48984360694885 2.54921865463257 2.62578105926514 2.60234379768372 2.66171860694885 2.73203134536743 2.82760405540466 2.82161474227905 2.76953125 2.77473950386047 2.75989580154419 2.73854160308838 2.64895820617676 2.57786464691162 2.48125004768372 2.46380209922791 2.41718745231628
4.20416688919067 4.13723945617676 4.08411455154419 4.08958339691162 4.05312490463257 4.00703144073486 3.97682285308838 3.98515629768372 4.03776073455811 3.97343730926514 3.80494809150696 3.73958325386047 3.59791660308838 3.33828139305115 3.33411455154419 3.00572919845581 2.97786450386047 2.57552075386047 1.77604174613953 1.74817717075348 2.12135410308838 2.27057290077209 2.28854179382324 2.26874995231628 2.63958334922791 2.78515625 2.83697915077209 2.73098969459534 2.6484375 2.65468740463257 2.71614575386047 2.81354165077209 2.87526035308838 2.95416665077209 3.03255200386047 3.06093764305115 3.10677075386047 3.06875014305115 2.95494794845581 2.90052080154419 2.87786459922791 2.74270844459534 2.55937504768372 2.48880219459534 2.50729179382324 2.48333334922791
4.37604141235352 4.35729169845581 4.32656240463257 4.26692724227905 4.21822929382324 4.12031269073486 4.1015625 4.04036474227905 4.109375 3.89348936080933 3.67760419845581 3.57630205154419 3.30312490463257 3.18880224227905 3.36171865463257 3.17239570617676 2.97968745231628 3.06822919845581 2.44895839691162 2.64739584922791 2.21276044845581 1.79401051998138 2.26145839691162 2.48281240463257 2.63046884536743 2.93411445617676 2.94218754768372 2.82838535308838 2.85572910308838 2.93880224227905 2.93463516235352 2.96588540077209 3.04296875 3.11406254768372 3.20364570617676 3.13906240463257 2.984375 3.04583334922791 2.98098969459534 2.91718769073486 2.79114580154419 2.64270830154419 2.57291674613953 2.53437495231628 2.60546898841858 2.84166669845581
4.34895849227905 4.39270830154419 4.43411445617676 4.42760419845581 4.34088563919067 4.31041669845581 4.21484375 4.19062519073486 4.16458320617676 3.95026040077209 3.79609370231628 3.64348959922791 3.42656254768372 3.30052089691162 3.39427089691162 3.20624995231628 3.09765625 2.06614589691162 2.00260424613953 2.44791674613953 2.27421879768372 2.42916655540466 2.63098955154419 2.24765634536743 2.99453139305115 3.15234375 3.07968735694885 2.90312480926514 2.91093754768372 3.07760405540466 3.06614589691162 3.11276030540466 3.19661474227905 3.22994780540466 3.29479169845581 3.17500019073486 3.1171875 3.09244799613953 3.08072900772095 2.98697924613953 2.87395834922791 2.79895830154419 2.81276059150696 2.84010434150696 2.95416665077209 2.96875
4.43619775772095 4.47942686080933 4.53177070617676 4.47135400772095 4.33671903610229 4.33750009536743 4.23489570617676 4.24973964691162 4.08645820617676 3.91067695617676 3.48151040077209 3.52421855926514 3.53880214691162 3.36692690849304 3.23697924613953 2.97447896003723 2.24088549613953 1.28958332538605 2.15156245231628 2.59687495231628 2.40729165077209 2.85104179382324 2.86796855926514 3.02057290077209 3.21276044845581 3.13697910308838 2.94348978996277 2.85833334922791 2.91432309150696 3.14557290077209 3.28880214691162 3.29010415077209 3.33463549613953 3.38723945617676 3.44947910308838 3.48072910308838 3.46250009536743 3.31927084922791 3.23645830154419 3.08229160308838 3.07890605926514 3.09661436080933 3.09921860694885 3.12265634536743 3.10651040077209 3.02395820617676
4.45833349227905 4.53177070617676 4.56953144073486 4.41432285308838 4.28281259536743 4.24843740463257 4.28515625 4.22812509536743 3.82161450386047 3.80130219459534 3.27552080154419 3.03958320617676 3.30156254768372 3.43098950386047 3.30052089691162 3.02942705154419 2.25494790077209 1.88593745231628 2.39140629768372 2.58828115463257 2.87135410308838 3.13489580154419 3.31093764305115 3.46588540077209 3.30416679382324 3.11666655540466 3.02838563919067 3.02864599227905 3.13151025772095 3.33177089691162 3.31145834922791 3.40755224227905 3.56145834922791 3.51458334922791 3.64453125 3.78125 3.67447924613953 3.56640625 3.53958344459534 3.27604174613953 3.18958330154419 3.23828125 3.12734389305115 3.02656269073486 2.89036464691162 3.05546879768372
4.57317733764648 4.67057275772095 4.59427070617676 4.43776035308838 4.40703105926514 4.31927061080933 4.28515625 4.12708330154419 3.94036459922791 3.77552080154419 3.30911469459534 3.22239589691162 3.13411450386047 3.32213544845581 3.35130214691162 3.15130209922791 2.32421875 2.31822896003723 2.55572915077209 2.64947938919067 3.21796870231628 3.38072919845581 3.63906264305115 3.66197919845581 3.58203125 3.45416665077209 3.40000009536743 3.34843754768372 3.43255209922791 3.54661440849304 3.49531245231628 3.58359384536743 3.64088535308838 3.38124990463257 3.47447919845581 3.80546855926514 3.79713559150696 3.72473955154419 3.67734384536743 3.56562495231628 3.53333330154419 3.44843769073486 3.30364584922791 3.25859403610229 3.18359375 3.19166660308838
4.70442724227905 4.66953134536743 4.56953144073486 4.56510448455811 4.48697900772095 4.36458349227905 4.26875019073486 4.16770839691162 4.10546875 3.80078125 3.32604169845581 3.38125014305115 3.27734375 3.18203115463257 3.48750019073486 2.95494794845581 2.47708320617676 1.88776040077209 2.19713544845581 2.65755200386047 3.26171875 3.50286459922791 3.74401021003723 3.73098945617676 3.76874995231628 3.72057294845581 3.70520830154419 3.65651059150696 3.62890625 3.57656264305115 3.65677094459534 3.72421884536743 3.68593740463257 3.56067705154419 3.59270834922791 3.76927089691162 3.81354165077209 3.79322910308838 3.73802089691162 3.63958358764648 3.62734365463257 3.63020825386047 3.51354169845581 3.42942714691162 3.41276025772095 3.36770844459534
