input_data/future_climate/CanESM5_585/bio8_a.asc
ncols  331
nrows  193
xllcorner  17.833372883333
yllcorner  37.9999896166667
cellsize 0.1666667
NODATA_value  -9999
[rows 0 to 20 of 193, columns 46 to 91 of 331]
13.5854167938232 13.2906246185303 13.359375 13.6312494277954 12.2875003814697 12.8666667938232 13.8864583969116 14.3874998092651 14.6135416030884 14.8229169845581 15.0177087783813 15.3062496185303 15.3249998092651 15.3916664123535 15.3802080154419 15.4229164123535 15.4750003814697 15.7395839691162 15.7104167938232 15.5687503814697 15.351282119751 15.2736110687256 15.1807689666748 15.0075759887695 14.7416667938232 14.7378787994385 11.5111112594604 11.6083335876465 11.6333332061768 11.7833337783813 -9999 -9999 -9999 -9999 -9999 -9999 -9999 -9999 -9999 -9999 -9999 -9999 -9999 -9999 -9999 -9999
13.4260416030884 12.9593753814697 13.3802080154419 13.8885412216187 14.4770832061768 15.1552085876465 14.9937496185303 15.3125 15.4666662216187 15.3499994277954 15.3302087783813 15.3125 15.1499996185303 15.2614583969116 15.732292175293 15.7749996185303 15.4822912216187 15.3687496185303 15.4812498092651 15.3968753814697 15.2604160308838 15.0510416030884 15.203125 15.2458333969116 15.1989583969116 15.1518516540527 15.1937503814697 15.063889503479 14.8266668319702 14.8000001907349 -9999 -9999 -9999 -9999 -9999 -9999 -9999 -9999 12.0666666030884 11.9583339691162 12.0124998092651 14.6499996185303 -9999 -9999 -9999 -9999
14.0864582061768 13.9927082061768 14.1802082061768 14.1197919845581 15.4760417938232 15.1281251907349 15.234375 15.5666666030884 15.9145832061768 15.6437501907349 15.3687496185303 15.392707824707 15.2562503814697 15.0479164123535 15.4562501907349 15.642707824707 15.736457824707 15.716667175293 15.6729164123535 16.048957824707 16.0906257629395 15.9281244277954 15.9760417938232 15.828125 15.7385416030884 15.6927080154419 15.6843748092651 15.4864587783813 15.1416664123535 15.0572919845581 14.765625 14.5440473556519 14.5444440841675 11.0041666030884 14.185417175293 14.4499998092651 14.5249996185303 14.2583332061768 14.3555555343628 11.8947916030884 11.7510414123535 14.609375 14.7256412506104 14.7097225189209 14.9263896942139 15.216667175293
15.5697917938232 15.8489580154419 15.7395830154419 15.46875 15.3541669845581 15.140625 15.4989585876465 15.765625 15.8000001907349 15.8666667938232 15.7260417938232 15.5270833969116 15.4604167938232 15.5093746185303 15.6833333969116 15.9104166030884 16.2104167938232 16.3718738555908 16.3624992370605 16.3218746185303 16.263542175293 16.25 16.247917175293 16.015625 15.8177080154419 15.8489580154419 15.9541664123535 15.779167175293 15.6479167938232 15.2718744277954 14.8343753814697 14.5291662216187 14.6802082061768 14.5968751907349 14.5239582061768 14.310417175293 14.28125 14.3822917938232 14.6031246185303 14.6777782440186 14.4051284790039 14.7133331298828 14.5 14.7616672515869 14.843939781189 15.1666669845581
15.8312501907349 15.9927082061768 15.7302083969116 15.6499996185303 15.6000003814697 15.611457824707 15.8249998092651 15.7677087783813 15.7572917938232 15.877082824707 15.8125 15.6875 15.861457824707 15.9624996185303 15.8739585876465 16.189582824707 16.4593753814697 16.4833335876465 16.4385414123535 16.4562492370605 16.326042175293 16.201042175293 16.1218757629395 16.0979175567627 16.0614585876465 16.122917175293 16.1677074432373 16.0031242370605 15.5531253814697 14.951042175293 14.872917175293 14.9489583969116 15.0947914123535 14.9729166030884 14.6031255722046 14.6062498092651 14.8166666030884 14.8562498092651 14.8052082061768 14.861457824707 14.9197912216187 15.0614585876465 15.0739583969116 15.0458335876465 15.3154764175415 15.4555549621582
16.0010414123535 15.9739580154419 15.7239580154419 15.546875 15.7625007629395 15.8385410308838 15.8635416030884 15.9302082061768 15.9812498092651 16.0718746185303 16.033332824707 16.0770835876465 16.1333332061768 16.3291664123535 16.3812503814697 16.4052085876465 16.4156246185303 16.2531242370605 16.4656257629395 16.3968753814697 16.4229164123535 16.4937496185303 16.4916667938232 16.1770839691162 16.1625003814697 15.7739582061768 15.7760410308838 15.7041664123535 15.4947919845581 15.2604169845581 15.234375 15.0604162216187 14.9437503814697 15.1208333969116 14.9562501907349 14.7760410308838 14.9427089691162 15.0677080154419 15.2083330154419 15.3510417938232 15.1593742370605 15.2197914123535 15.53125 15.8562498092651 15.486457824707 15.627082824707
16.0864582061768 16.0864582061768 15.8510417938232 15.6343746185303 15.6479167938232 15.7072916030884 15.7739582061768 15.8406248092651 15.953125 16.1260414123535 16.2239589691162 16.4093742370605 16.3822917938232 16.1458339691162 16.0593757629395 16.236457824707 16.3239574432373 16.548957824707 16.701042175293 16.4479160308838 16.6291656494141 16.7145824432373 16.6458339691162 16.3114585876465 15.9802083969116 15.8916664123535 15.9520835876465 15.8552083969116 15.7875003814697 15.7687501907349 15.4468746185303 15.236457824707 15.0677080154419 14.9302082061768 15.0822916030884 15.3604164123535 15.4718751907349 15.4572916030884 15.4416666030884 15.4937496185303 15.5864582061768 15.7572917938232 15.6156253814697 15.7739582061768 16.0458335876465 15.6333332061768
16.1302089691162 16.2197914123535 16.1520824432373 16.0718746185303 16.1104164123535 16.2062492370605 16.2614574432373 16.3322925567627 16.1656246185303 16.3052082061768 16.2854175567627 16.1843757629395 16.095832824707 16.0770835876465 16.3666667938232 16.5614585876465 16.8479156494141 16.8958339691162 16.8364582061768 16.65625 16.7093753814697 16.6479167938232 16.515625 16.25 16.142707824707 16.154167175293 16.044792175293 15.7302083969116 15.7927083969116 15.796875 15.5416669845581 15.5197916030884 15.3562507629395 15.4989585876465 15.4927082061768 15.6135416030884 15.4739580154419 15.4781246185303 15.71875 15.6645832061768 15.6916666030884 15.7041664123535 15.9791669845581 16.046875 16.2177085876465 15.752082824707
15.9614582061768 15.7177085876465 15.8312501907349 15.9031257629395 16.0895843505859 16.2250003814697 15.8843746185303 15.9302082061768 15.8760414123535 16.1437492370605 16.25 16.3989582061768 16.6906242370605 16.6749992370605 16.703125 16.7072925567627 16.6593742370605 16.5427074432373 16.6052074432373 16.3864593505859 16.5114593505859 16.4406242370605 16.4989585876465 16.3802089691162 16.216667175293 16.2072925567627 16.0281257629395 16.1187496185303 16.173957824707 16.2156257629395 16.076042175293 16.0718746185303 15.984375 16.0343742370605 16.2822914123535 16.0989589691162 16.0062503814697 16.3093757629395 16.5479164123535 16.283332824707 16.265625 16.0895824432373 16.2062492370605 16.4208335876465 16.357292175293 16.5239582061768
15.8979167938232 15.8354167938232 15.7010412216187 15.8708333969116 15.8093748092651 15.7927083969116 15.7687501907349 15.861457824707 15.9760417938232 16.0437507629395 16.4302082061768 16.5791664123535 16.5854167938232 16.470832824707 16.7416667938232 16.7718753814697 16.6916656494141 16.5187492370605 16.9302082061768 16.861457824707 16.8374996185303 16.685417175293 16.671875 16.7083339691162 16.5687503814697 16.3489589691162 16.3989582061768 16.2802085876465 16.1010417938232 16.25 16.3479175567627 16.2156257629395 16.1499996185303 16.0302085876465 16.078125 16.3781261444092 16.6666679382324 16.8999996185303 16.90625 16.9010410308838 16.328125 16.0354175567627 16.0302085876465 16.0843753814697 16.1947917938232 16.404167175293
15.9322919845581 15.9364585876465 16.0406246185303 16.0010414123535 15.9250001907349 15.9854164123535 15.997917175293 15.997917175293 16.0229167938232 16.0072917938232 16.0239582061768 15.826042175293 15.9854164123535 16.4322910308838 16.6770839691162 16.779167175293 17.0114593505859 16.8041667938232 16.5885410308838 16.689582824707 16.5260410308838 16.3052082061768 16.408332824707 16.515625 16.4114589691162 16.1645832061768 15.7697916030884 15.8760423660278 15.8645839691162 16.1979160308838 16.2312507629395 15.9260416030884 16.015625 16.0218753814697 16.3822917938232 16.8666667938232 17.1635417938232 16.9416656494141 16.5687503814697 16.747917175293 16.5895824432373 15.9812498092651 16.1760425567627 16.2250003814697 16.3916664123535 16.122917175293
15.845832824707 15.9343748092651 16.0385417938232 16.1197910308838 16.0927085876465 16.033332824707 16.1062507629395 16.1322917938232 16.1041660308838 16.0906257629395 15.9499998092651 15.8697919845581 15.8947916030884 16.1572914123535 16.125 15.9406251907349 16.0375003814697 15.9270830154419 16.015625 16.2916660308838 16.1489582061768 16.2541675567627 16.5239582061768 16.4770832061768 16.4895839691162 16.3489589691162 16.5947914123535 16.5906257629395 16.4656238555908 16.622917175293 16.669792175293 16.2895832061768 15.6000003814697 15.8604164123535 16.2239589691162 16.1135406494141 16.6343746185303 16.5322914123535 16.3374996185303 16.2104167938232 16.3552093505859 16.0322914123535 16.4624996185303 16.3677082061768 16.404167175293 16.4770832061768
16.080207824707 15.9541673660278 16.1354160308838 16.3062496185303 16.3177089691162 16.21875 16.1864585876465 16.1749992370605 16.247917175293 16.2312507629395 16.252082824707 16.1479167938232 16.2906246185303 16.4624996185303 16.421875 16.5354156494141 16.5187492370605 16.3312492370605 16.2437496185303 16.2666664123535 16.2458324432373 16.142707824707 16.263542175293 16.3833332061768 16.6302089691162 16.7749996185303 16.747917175293 16.6937503814697 16.8937492370605 16.9500007629395 16.861457824707 16.8791656494141 16.8479156494141 16.669792175293 16.0583324432373 15.7218751907349 15.5593748092651 16.076042175293 16.1625003814697 16.3052082061768 16.2489585876465 15.5031242370605 16.3374996185303 16.7458343505859 16.7895832061768 15.4302082061768
16.3708324432373 16.0072917938232 15.9177083969116 16.0812492370605 16.0739593505859 16.138542175293 16.3270835876465 16.4468746185303 16.375 16.201042175293 16.3291664123535 16.279167175293 16.2260417938232 16.3010425567627 16.4677085876465 16.4906253814697 16.640625 16.4270839691162 16.3374996185303 16.4364585876465 16.5322914123535 16.4052085876465 16.2645835876465 16.220832824707 16.4187507629395 16.5593757629395 16.6833343505859 16.96875 17.0375003814697 16.798957824707 16.7354164123535 16.736457824707 16.6781253814697 16.2770843505859 16.580207824707 16.4437503814697 16.3208332061768 16.1052093505859 16.0499992370605 15.9697914123535 16.314582824707 14.8541660308838 15.5895833969116 16.4937496185303 15.8489589691162 15.6312503814697
16.4833335876465 16.2854175567627 16.2593746185303 16.263542175293 16.279167175293 16.5239582061768 16.7291660308838 16.7572917938232 16.734375 16.6864585876465 16.578125 16.5718746185303 16.5791664123535 16.4468746185303 16.3843746185303 16.3531246185303 16.6166667938232 16.6177082061768 16.6197910308838 16.673957824707 16.5750007629395 16.4947910308838 16.421875 16.1864585876465 15.9364585876465 16.078125 16.4104156494141 16.8427085876465 17.0885410308838 17.203125 17.1010417938232 16.7489585876465 16.9791660308838 16.8937492370605 16.8031253814697 16.8250007629395 16.4916667938232 16.5750007629395 16.673957824707 16.8635406494141 16.685417175293 15.3395833969116 16.2250003814697 15.5072917938232 15.7624998092651 15.6968746185303
16.8604164123535 16.6197910308838 16.6916656494141 16.752082824707 16.732292175293 16.810417175293 16.9093742370605 16.9895839691162 16.8624992370605 16.857292175293 16.7760410308838 16.8229179382324 16.8291664123535 16.622917175293 16.6291675567627 16.5479164123535 16.5770835876465 16.7312507629395 16.8218746185303 16.7885417938232 16.6479167938232 16.5385417938232 16.392707824707 16.1499996185303 15.939582824707 16.1635417938232 16.2458343505859 16.2447910308838 16.3833332061768 16.5854167938232 16.6333332061768 16.7239589691162 16.8708324432373 16.9177074432373 16.8979167938232 16.9093742370605 17.078125 17.0968742370605 17.0010414123535 16.8677082061768 16.8000011444092 16.8083343505859 15.752082824707 15.8031253814697 15.7624998092651 15.7541666030884
16.9739589691162 16.8583335876465 16.8020839691162 16.845832824707 16.734375 16.8656253814697 17.0687503814697 17.0979156494141 17 16.7885417938232 16.7645835876465 16.9020824432373 16.9833335876465 16.982292175293 16.8374996185303 16.9520835876465 17.0270843505859 16.8479175567627 16.6958332061768 16.435417175293 16.3999996185303 16.3447914123535 16.2458343505859 16.2135410308838 15.9770832061768 16.0343742370605 16.3197917938232 16.3125 16.2395839691162 16.2562503814697 16.658332824707 16.8322925567627 16.5854167938232 16.390625 16.0666675567627 16.2302074432373 16.7229175567627 16.7000007629395 16.982292175293 17.0322914123535 16.8937492370605 16.9614582061768 15.736457824707 15.4770832061768 15.4291667938232 15.6802082061768
17.1625003814697 17.127082824707 17.0593757629395 16.9156246185303 16.7020835876465 16.7916660308838 16.8520832061768 17.0656261444092 17.0822906494141 16.9145832061768 17.1135406494141 17.3041667938232 17.3520832061768 17.0770835876465 17.0864582061768 17.1239585876465 17.1375007629395 17.0010414123535 16.8250007629395 16.7468757629395 16.5593757629395 16.4104156494141 16.7145824432373 16.5166664123535 16.4802074432373 16.46875 16.513542175293 16.4364585876465 16.453125 16.1906242370605 16.0708332061768 16.2895832061768 16.1749992370605 16.1416664123535 16.0427093505859 16.3218746185303 16.533332824707 16.8312492370605 16.8072910308838 16.9281253814697 17.185417175293 15.7572917938232 15.3510417938232 15.3583335876465 15.203125 15.064582824707
17.2302093505859 17.2531242370605 17.185417175293 17.0395832061768 17.0666656494141 17.107292175293 16.984375 16.923957824707 16.8802089691162 16.9635429382324 17.252082824707 17.3020839691162 17.3500003814697 17.3822917938232 17.2083339691162 16.96875 16.6916656494141 16.8083324432373 17.0437507629395 17.0822906494141 16.970832824707 16.9010410308838 16.7718753814697 16.716667175293 16.453125 16.609375 16.580207824707 16.4385414123535 16.4385414123535 16.4968757629395 16.4760417938232 16.544792175293 16.5281257629395 16.7177085876465 16.3343753814697 16.2416667938232 16.4500007629395 17.060417175293 17.3500003814697 17.6666660308838 16.1979160308838 16.1845245361328 15.9857139587402 15.841025352478 15.2864589691162 15.560417175293
17.5625 17.4249992370605 17.2104167938232 17.3677082061768 17.345832824707 17.2458324432373 17.1437492370605 17.0979175567627 17.185417175293 17.0968742370605 17.2145843505859 17.4677085876465 17.3697910308838 17.3739585876465 17.2916660308838 17.2000007629395 17.107292175293 17.0416660308838 17.09375 17.0041675567627 16.9562492370605 16.7104167938232 16.7197914123535 16.6968746185303 16.5822925567627 16.2885417938232 16.2802085876465 16.4479160308838 16.872917175293 17.048957824707 16.9406242370605 17.0385417938232 17.0979175567627 16.8916664123535 17.2302093505859 17.1979160308838 17.3656253814697 17.5354156494141 17.5927085876465 17.8218746185303 16.0229167938232 16.138542175293 16.3045444488525 16.3833332061768 15.777777671814 15.3900003433228
17.7979164123535 17.7437496185303 17.5750007629395 17.5770835876465 17.6447906494141 17.4333324432373 17.4520835876465 17.4072914123535 17.2312488555908 17.2145843505859 17.4385414123535 17.580207824707 17.5718746185303 17.4906253814697 17.3791656494141 17.4739589691162 17.1260414123535 16.8895835876465 16.857292175293 16.7083339691162 16.6770839691162 16.6812496185303 16.46875 16.453125 16.2979164123535 16.4010410308838 16.4739589691162 16.6708335876465 16.9375 17.185417175293 17.3562507629395 17.2979164123535 17.4541664123535 17.3333339691162 17.0239582061768 17.580207824707 17.6822910308838 17.7260417938232 16.5989589691162 16.6770839691162 16.4947910308838 16.2958335876465 16.283332824707 16.408332824707 16.3549995422363 16.4133338928223
