input_data/future_climate/CanESM5_585/bio8_a.asc
ncols  331
nrows  193
xllcorner  17.833372883333
yllcorner  37.9999896166667
cellsize 0.1666667
NODATA_value  -9999
[rows 168 to 188 of 193, columns 184 to 229 of 331]
13.9124994277954 13.9072914123535 13.8468751907349 13.701042175293 13.6510419845581 13.6510419845581 13.6677083969116 13.6916666030884 13.6937503814697 13.7041664123535 13.7062501907349 13.736457824707 13.7041664123535 13.7604169845581 13.7833337783813 13.875 13.919792175293 13.890625 13.8354167938232 13.7906246185303 15.2729167938232 15.375 15.4635410308838 15.7562503814697 16.5968742370605 16.638542175293 16.6958332061768 16.7916679382324 16.6239585876465 16.6416664123535 16.8125 16.9208335876465 17.0854167938232 17.2458343505859 17.2541675567627 17.252082824707 17.2489585876465 17.3156242370605 17.46875 17.3854160308838 17.2572917938232 17.2666664123535 17.484375 17.7197914123535 17.8531246185303 17.8541679382324
13.3635416030884 13.8364582061768 13.8552083969116 13.8385419845581 13.8125 13.8187503814697 13.8395833969116 13.90625 13.9281253814697 13.8333330154419 13.8312492370605 13.8427085876465 13.8322916030884 13.8739585876465 13.9177083969116 13.9395837783813 13.9614582061768 13.955207824707 13.9052085876465 13.841667175293 15.1916666030884 15.408332824707 15.4802083969116 15.6437501907349 16.5416660308838 16.8062496185303 16.75 16.5302085876465 16.6010417938232 16.689582824707 16.779167175293 16.8802070617676 16.9729156494141 16.9614582061768 17.0416679382324 17.0458335876465 17.1302089691162 17.3552093505859 17.4875011444092 17.4249992370605 17.4010410308838 17.4375 17.5364589691162 17.7437496185303 17.7854156494141 17.7427082061768
17.263542175293 12.935417175293 13.6937494277954 13.8218746185303 13.8583335876465 13.9145832061768 13.9583330154419 14.0416669845581 14.0677080154419 14.0104169845581 13.9812498092651 13.9499998092651 13.9114589691162 13.9572916030884 14.0229167938232 14.0583333969116 14.076042175293 14.091667175293 14.048957824707 14 13.951042175293 15.4197912216187 15.5187492370605 15.6354169845581 16.4802093505859 16.7489585876465 16.4833335876465 16.529167175293 16.6322917938232 16.736457824707 16.8406257629395 16.9447917938232 17.0552082061768 16.9260406494141 16.8135414123535 16.9718742370605 17.1614589691162 17.326042175293 17.4312496185303 17.4479160308838 17.3479156494141 17.4072914123535 17.5041675567627 17.7604160308838 17.8416652679443 17.7885417938232
16.96875 11.9239587783813 12.8854169845581 13.7281246185303 13.9197912216187 14.078125 14.1302080154419 14.2250003814697 14.234375 14.1416664123535 14.1104173660278 14.0562496185303 14.0791664123535 14.1062498092651 14.140625 14.1989583969116 14.2375001907349 14.2572917938232 14.2406253814697 14.1864585876465 14.1010417938232 14.1541662216187 15.5177087783813 15.5947914123535 16.0364589691162 17.0572910308838 16.6322917938232 16.5750007629395 16.6979160308838 16.78125 16.9020824432373 17.0249996185303 17.1083335876465 17.107292175293 17.2708339691162 16.9916667938232 16.9718742370605 17.0208339691162 17.2124996185303 17.4343757629395 17.3114585876465 17.3385410308838 17.4895839691162 17.6843757629395 17.8604164123535 17.9499988555908
16.1312503814697 16.8427085876465 12.2479162216187 13.2083330154419 14.0187501907349 14.265625 14.3739585876465 14.4458332061768 14.482292175293 14.3697919845581 14.3218746185303 14.265625 14.2406244277954 14.2958335876465 14.3114585876465 14.3468742370605 14.4187498092651 14.4302082061768 14.4375 14.359375 14.2791662216187 14.2864580154419 15.546875 15.6343746185303 15.7447910308838 16.7124996185303 16.5500011444092 16.6312503814697 16.7458324432373 16.8395843505859 16.951042175293 17.078125 17.1802082061768 17.2802085876465 17.40625 17.294792175293 17.2958335876465 17.421875 17.0395832061768 17.1395835876465 17.377082824707 17.4718742370605 17.5520839691162 17.7718753814697 18.15625 18.3208332061768
17.8812503814697 13.5104160308838 12.1489582061768 12.8520832061768 14.1062498092651 14.4260416030884 14.5697917938232 14.6437501907349 14.6979160308838 14.5864582061768 14.5437498092651 14.5124998092651 14.46875 14.502082824707 14.5218753814697 14.5270833969116 14.5239582061768 14.5812501907349 14.609375 14.5416669845581 14.4541664123535 14.4750003814697 15.5916662216187 15.6999998092651 15.7760410308838 16.1291656494141 16.5739593505859 16.6635417938232 16.7843742370605 16.8875007629395 17.0145835876465 17.1531257629395 17.2697925567627 17.375 17.4760417938232 17.6187496185303 18.0083332061768 18.0750007629395 18.1218757629395 17.328125 17.3697910308838 17.810417175293 18.2625007629395 18.8645820617676 19.3479156494141 19.127082824707
15.263542175293 17.091667175293 13.5302085876465 12.4614582061768 13.9854164123535 14.6739587783813 14.828125 14.8979167938232 14.9093751907349 14.7958335876465 14.7885417938232 14.783332824707 14.7385416030884 14.7218751907349 14.7385425567627 14.703125 14.6885414123535 14.7302083969116 14.7531251907349 14.734375 14.6802082061768 14.685417175293 14.5843753814697 15.7291669845581 15.8312501907349 16.029167175293 16.7999992370605 16.71875 16.8520832061768 16.9739589691162 17.1135406494141 17.2468757629395 17.375 17.5125007629395 17.6354160308838 17.732292175293 17.8208332061768 17.9520835876465 18.1395835876465 17.8343753814697 17.7999992370605 17.7552089691162 18.2291660308838 18.7270832061768 19.2291660308838 19.4093742370605
13.5822916030884 15.6322917938232 11.279167175293 13.2802085876465 12.9520835876465 14.5916662216187 15.0531244277954 15.1645832061768 15.1499996185303 15.1010417938232 15.1229162216187 15.1239585876465 15.0791673660278 15.046875 15 14.8864583969116 14.8781251907349 14.8968744277954 14.9260416030884 14.9302082061768 14.9052085876465 14.8937492370605 14.8020830154419 15.7562494277954 15.8645830154419 15.9989585876465 16.9291667938232 16.9343757629395 16.9447917938232 17.0822925567627 17.2760410308838 17.4187507629395 17.5249996185303 17.6614589691162 17.7093753814697 17.9874992370605 18.0041656494141 18.328125 18.5927085876465 18.4791660308838 18.609375 18.2781257629395 18.2614593505859 18.7312507629395 19.4010410308838 19.576042175293
16.6833324432373 12.0041666030884 12.1145830154419 12.7562503814697 14.0833330154419 13.9427080154419 14.984375 15.3177080154419 15.1572914123535 15.1843757629395 15.3177080154419 15.3604164123535 15.3364582061768 15.267707824707 15.21875 15.0864582061768 15.0531244277954 15.076042175293 15.1052083969116 15.140625 15.1145839691162 15.1135416030884 15.0145835876465 11.872917175293 15.8864583969116 16.1062507629395 17.3999996185303 17.1333332061768 17.3833332061768 17.8406257629395 18.0416660308838 17.8447914123535 17.7447910308838 17.888542175293 18.03125 18.2729167938232 18.6968746185303 18.9416656494141 18.8604164123535 18.4114589691162 18.4750003814697 18.6645832061768 18.4520835876465 18.4802074432373 19.0083332061768 19.28125
14.7833337783813 14.1947917938232 13.2760410308838 14.1979160308838 14.7729167938232 13.4906253814697 14.6656255722046 14.7197914123535 14.5197916030884 14.8093748092651 15.3937501907349 15.5656251907349 15.5791664123535 15.5093746185303 15.40625 15.2437496185303 15.2239589691162 15.2468757629395 15.2791662216187 15.3364582061768 15.3260412216187 15.3125 15.2416667938232 15.1374998092651 15.9177083969116 16.609375 17.8520832061768 18.2593746185303 18.4562492370605 18.6687488555908 18.6749992370605 18.3656253814697 18.2218742370605 18.5125007629395 18.705207824707 18.4572925567627 18.2770824432373 18.3218746185303 18.4031257629395 18.2291660308838 18.2781257629395 18.5187492370605 18.5229167938232 18.6197910308838 18.6677074432373 18.9697914123535
16.8864574432373 15.4875001907349 14.7614583969116 14.7447910308838 11.5395832061768 11.6583337783813 14.1322917938232 14.3614587783813 14.5968751907349 14.872917175293 15.0249996185303 15.3374996185303 15.4812507629395 15.6864585876465 15.5749998092651 15.4124994277954 15.4020824432373 15.4208335876465 15.4812498092651 15.5385417938232 15.5177087783813 15.529167175293 15.4385414123535 12.252082824707 11.951042175293 17.2093753814697 17.9489574432373 18.1968746185303 18.1968746185303 18.2895832061768 18.3125 18.5260410308838 18.8958339691162 19.0614585876465 19.1937503814697 19.076042175293 19.0895843505859 19.2260417938232 18.9729175567627 18.6322917938232 18.247917175293 18.65625 18.7958335876465 18.5625 19.0479164123535 18.75
17.6906242370605 17.529167175293 16.2302093505859 15.6864585876465 12.1052083969116 12.4583330154419 14.779167175293 15.4541664123535 15.6885414123535 15.8406248092651 15.7312498092651 15.5677080154419 15.6729164123535 15.8520832061768 15.7562503814697 15.6177082061768 15.625 15.6635417938232 15.752082824707 15.7583332061768 15.7229166030884 15.7385416030884 15.6760416030884 15.576042175293 12.1677083969116 9.65416717529297 17.9614582061768 17.96875 17.6166667938232 18.0562496185303 18.3666667938232 18.7145824432373 18.8864574432373 19.0885410308838 19.0322914123535 19.3062496185303 19.5729160308838 19.6875 19.9989585876465 20.142707824707 19.7999992370605 19.34375 19.2124996185303 18.7999992370605 19.173957824707 19.0614585876465
13.4927082061768 13.6000003814697 13.1322917938232 13.0656251907349 12.7520837783813 12.8864583969116 15.9583330154419 16.2354164123535 16.2489585876465 16.2197914123535 16.171875 16.1520824432373 16.1708335876465 16.1572914123535 16.03125 15.951042175293 16.0208339691162 16.0343742370605 16.0114593505859 15.9750003814697 15.9260416030884 15.9468746185303 15.8781251907349 15.779167175293 12.4291667938232 10.1218748092651 17.8864593505859 17.830207824707 18.0437507629395 18.4729175567627 18.7958335876465 18.9364585876465 18.7999992370605 18.7406253814697 18.9656257629395 19.4187507629395 19.7468757629395 19.8291664123535 19.9156246185303 20.1916675567627 20.3468761444092 14.0083332061768 14.0083332061768 13.4968748092651 13.2854166030884 19.390625
13.5239591598511 13.4781246185303 13.5281248092651 13.3812503814697 13.3239583969116 12.9125003814697 16.2302074432373 16.4604167938232 16.5270824432373 16.435417175293 16.4562492370605 16.4364585876465 16.3895835876465 16.3500003814697 16.2875003814697 16.2875003814697 16.2749996185303 16.2260417938232 16.1968746185303 16.1614589691162 16.109375 16.1364593505859 16.091667175293 16.002082824707 12.6916666030884 12.2510414123535 10.638542175293 10.5 17.8333339691162 18.3083324432373 19.4635410308838 20.1177082061768 20.2614593505859 19.8531246185303 19.326042175293 18.8656253814697 19.453125 19.9322910308838 20.154167175293 20.3510417938232 14.0812501907349 14.2593746185303 14.4208335876465 14.3531246185303 14.2541666030884 14.1343746185303
13.8958330154419 13.7218751907349 13.5812501907349 13.4729166030884 13.513542175293 15.6197919845581 16.470832824707 16.6604156494141 16.7645835876465 16.7020835876465 16.7218742370605 16.6374988555908 16.5885410308838 16.5031242370605 16.4468746185303 16.419792175293 16.3895835876465 16.3489589691162 16.3218746185303 16.2718753814697 16.2468757629395 16.296875 16.2781257629395 16.2302093505859 12.9260416030884 12.7354164123535 12.1541662216187 11.1156253814697 13.0364580154419 18.7260417938232 20.122917175293 20.671875 20.9833335876465 21.1677074432373 20.7177085876465 17.8166656494141 17.3395824432373 18.7604160308838 19.5572910308838 14.2906246185303 14.5583333969116 14.6947917938232 14.7562494277954 14.6666669845581 14.6645832061768 14.7041664123535
15.169792175293 15.2270832061768 15.1156253814697 15.1958332061768 15.4208335876465 16.3833332061768 16.7385406494141 16.8270835876465 16.8895835876465 16.8114585876465 16.8187503814697 16.7406253814697 16.6677074432373 16.6260414123535 16.5822906494141 16.5395832061768 16.5145835876465 16.470832824707 16.4281253814697 16.3864574432373 16.3739585876465 16.4447917938232 16.435417175293 16.4135417938232 16.3562507629395 12.8697919845581 12.595832824707 12.0895833969116 9.59062480926514 19.0125007629395 19.453125 20.2729167938232 21.0322914123535 21.216667175293 20.9947910308838 17.6197910308838 15.6281251907349 17.9177093505859 19.267707824707 14.640625 14.892707824707 15.0697917938232 15.0968751907349 15.125 15.1125001907349 15.1572914123535
15.1625003814697 15.1947917938232 15.220832824707 15.3500003814697 15.5249996185303 16.173957824707 16.8979167938232 17.0010414123535 17 16.9093742370605 16.8968753814697 16.8333339691162 16.7177085876465 16.703125 16.6781253814697 16.6447906494141 16.622917175293 16.5864582061768 16.5541667938232 16.5062503814697 16.484375 16.548957824707 16.5697917938232 16.5708332061768 16.5125007629395 12.9312496185303 12.4864587783813 11.1760416030884 10.060417175293 9.67604160308838 20.122917175293 20.845832824707 21.0947914123535 21.247917175293 21.2270832061768 21.2604179382324 21.1041660308838 14.9177083969116 14.8166666030884 14.6677083969116 14.9302082061768 15.078125 10.1010417938232 10.0593748092651 15.1614589691162 15.2979164123535
15.2927083969116 15.3072919845581 15.4052085876465 15.4291667938232 15.8500003814697 16.2614593505859 16.9968757629395 17.0708332061768 17.064582824707 16.9447917938232 16.8916664123535 16.8531246185303 16.7697925567627 16.767707824707 16.7583332061768 16.7406253814697 16.7406253814697 16.7145843505859 16.673957824707 16.6302089691162 16.5979175567627 16.673957824707 16.6927089691162 16.7072906494141 16.6833343505859 16.5656242370605 12.6666669845581 11.7093753814697 10.8531246185303 11.0375003814697 19.3406257629395 20.5145835876465 21.0229167938232 21.1989574432373 21.3479175567627 21.2447910308838 21.0385417938232 14.8093748092651 14.2781248092651 14.4781246185303 14.6583337783813 14.8604173660278 14.5531253814697 9.80729198455811 9.75833320617676 10.0052080154419
15.091667175293 15.3354167938232 15.423957824707 15.765625 16.1937503814697 17.0552082061768 17.1281242370605 17.140625 17.0989589691162 16.9729156494141 16.9104156494141 16.877082824707 16.8270835876465 16.8072929382324 16.84375 16.859375 16.8645820617676 16.8500003814697 16.8395824432373 16.8020839691162 16.783332824707 16.8312492370605 16.845832824707 16.84375 16.8052082061768 16.685417175293 12.6625003814697 11.3604164123535 11.4770832061768 11.4895830154419 11.1916666030884 19.5593757629395 20.6499996185303 20.9968757629395 21.0270824432373 21.0083332061768 20.814582824707 14.6916666030884 14.5739583969116 14.5260419845581 14.1739587783813 13.7666673660278 14.0572910308838 14.1770830154419 14.5947914123535 10.060417175293
19.127082824707 20.6177082061768 20.828125 21.0666656494141 21.6374988555908 17.1937503814697 17.189582824707 17.1458339691162 17.1062507629395 16.9802093505859 16.9604167938232 16.921875 16.8937492370605 16.8833332061768 16.9072914123535 16.935417175293 16.982292175293 17 16.9979152679443 16.970832824707 16.9302082061768 16.9312496185303 16.9416675567627 16.8989582061768 16.8395843505859 16.7104167938232 16.2822914123535 11.2708339691162 11.6822919845581 11.5625 11.4614582061768 18.8760414123535 19.5354156494141 20.7062492370605 20.828125 20.7260417938232 14.5812501907349 14.3135414123535 14.4572916030884 19.9895839691162 19.4947910308838 18.8989582061768 18.8895835876465 13.9229164123535 14.669792175293 15.1083335876465
17.4729156494141 20.03125 21.2197914123535 21.7604160308838 21.861457824707 17.2687492370605 17.1729164123535 17.1145839691162 17.091667175293 16.9906253814697 16.9791660308838 16.9437503814697 16.9458332061768 16.953125 16.9750003814697 17.0197906494141 17.0666656494141 17.1083335876465 17.1218738555908 17.1166667938232 17.0979156494141 17.0979156494141 17.0843753814697 17.0166664123535 16.9375 16.7927074432373 16.4572906494141 11.9281244277954 12.015625 11.794792175293 11.5843753814697 10.2833337783813 10.4697914123535 15.2927083969116 20.796875 20.6635417938232 14.6927089691162 14.5052089691162 19.875 19.6260414123535 19.4166660308838 19.1333332061768 19.0114593505859 14.3468751907349 14.7708339691162 15.015625
