input_data/future_climate/CanESM5_585/bio8_a.asc
ncols  331
nrows  193
xllcorner  17.833372883333
yllcorner  37.9999896166667
cellsize 0.1666667
NODATA_value  -9999
[rows 168 to 188 of 193, columns 0 to 45 of 331]
-9999 -9999 -9999 -9999 -9999 -9999 13.8333339691162 12.2066669464111 10.9572916030884 12.3916664123535 11.6260414123535 9.13645839691162 8.06562519073486 6.76249980926514 7.27083349227905 7.23645830154419 5.11666679382324 2.84166669845581 2.85833311080933 5.67708349227905 6.39479160308838 18.375 18.0979175567627 19.3812503814697 18.8812503814697 18.0677089691162 15.3958339691162 13.4322910308838 14.8677082061768 16.1958332061768 16.9031257629395 22.6531257629395 13.4916667938232 8.89166641235352 9.99270820617676 12.0906248092651 13.9802083969116 16.3854160308838 17.861457824707 19.3979167938232 19.1708335876465 19.5072917938232 20.2489585876465 20.2218742370605 20.3114585876465 20.3166675567627
-9999 -9999 -9999 -9999 -9999 -9999 -9999 13.3166666030884 12.8469696044922 12.703125 12.1916666030884 10.8364582061768 8.75729179382324 7.40729141235352 5.86666679382324 5.38645839691162 2.51354169845581 1.00208330154419 5.77187490463257 5.58541679382324 5.96250009536743 18.5062503814697 19.6510410308838 19.0874996185303 19.4166660308838 19.1625003814697 19.3239574432373 18.8781242370605 18.3739585876465 16.9114589691162 16.7291660308838 18.6520843505859 15.4052085876465 14.09375 16.0625 13.279167175293 13.5343751907349 13.0906248092651 13.2604169845581 15.517707824707 13.8468751907349 15.6364583969116 16.9375 18.5625 18.7177085876465 19.6625003814697
-9999 -9999 -9999 -9999 -9999 -9999 -9999 -9999 -9999 -9999 12.8236112594604 11.4010410308838 10.8874998092651 7.39479160308838 5.48645830154419 6.42291688919067 2.77187514305115 3.40625 5.80000019073486 4.79895830154419 5.11875009536743 8.00104141235352 17.1520824432373 20.2374992370605 20.5354175567627 20.6468753814697 19.6729164123535 16.6208324432373 15.2937498092651 16.2625007629395 15.0458335876465 16.4583339691162 16.6104164123535 9.61250019073486 13.8041667938232 15.1031246185303 13.0895833969116 12.9479169845581 13.4729166030884 15.1979169845581 13.5833330154419 14.0864582061768 14.5604162216187 16.7489585876465 18.2000007629395 7.98020839691162
-9999 -9999 -9999 -9999 -9999 -9999 -9999 -9999 -9999 13.972222328186 13.1976184844971 11.4927082061768 9.23750019073486 9.64270782470703 5.64270830154419 7.40833330154419 5.00520801544189 3.19166660308838 5.34375 5.21145820617676 9.70416641235352 11.3489589691162 18.3218746185303 19.4541664123535 21.1749992370605 21.2916660308838 19.622917175293 19.5031242370605 19.4302082061768 17.1489582061768 15.1802082061768 17.142707824707 20.21875 15.8447914123535 14.1104164123535 17.7562503814697 17.125 15.6822910308838 14.1052083969116 13.8520832061768 13.4177083969116 15.2958335876465 16.1322917938232 17.0822925567627 7.88541650772095 8.36145782470703
-9999 -9999 -9999 -9999 -9999 -9999 -9999 -9999 -9999 13.7976188659668 13.3979167938232 12.8510417938232 9.87291622161865 7.03125 5.64375019073486 6.31458330154419 5.63854169845581 4.63333320617676 5.75624990463257 5.59583330154419 5.80000019073486 10.734375 17.2802085876465 18.0833339691162 20.0510425567627 20.5375003814697 20.6239585876465 19.904167175293 19.814582824707 20.0427074432373 18.2281246185303 18.658332824707 20.4145832061768 8.85833358764648 15.9812498092651 17.3760414123535 17.783332824707 7.73125028610229 16.7093753814697 17.359375 16.1489582061768 15.2281255722046 7.08541679382324 7.93645811080933 8.38125038146973 8.49166679382324
-9999 -9999 -9999 -9999 -9999 -9999 -9999 -9999 -9999 13.8833332061768 13.4583339691162 12.6927080154419 11.2770833969116 8.69062519073486 8.828125 5.79374980926514 5.80520820617676 7.06874990463257 5.83333349227905 5.69895839691162 10.1395835876465 10.8666667938232 17.6947917938232 18.0031242370605 17.8031253814697 16.9802074432373 16.171875 20.8333339691162 21.5833339691162 20.4229164123535 19.689582824707 19.5927085876465 9.33229160308838 9.23333358764648 16.9177074432373 16.591667175293 8.23854160308838 7.37187480926514 8.55937480926514 8.93854141235352 8.85104179382324 8.25625038146973 8.76979160308838 9.08333301544189 8.51666641235352 8.66874980926514
-9999 -9999 -9999 -9999 -9999 -9999 -9999 -9999 -9999 14.0270833969116 13.6968746185303 12.8510417938232 12.1125001907349 11.6177082061768 8.10833358764648 7.47083330154419 8.07395839691162 9.02187538146973 5.81145858764648 6.05625009536743 6.02708339691162 6.64270830154419 10.4322919845581 17.1625003814697 14.7843751907349 17.2000007629395 16.997917175293 19.8010406494141 13.9020833969116 13.7583332061768 13.0031251907349 19.2625007629395 9.73645877838135 10.5281248092651 10.2302083969116 9.31145858764648 10.0218753814697 11.0281248092651 10.7979164123535 9.11458301544189 9.31562519073486 10.5979166030884 11.2291669845581 11.1125001907349 11.0197916030884 11.0395832061768
-9999 -9999 -9999 -9999 -9999 -9999 -9999 -9999 -9999 14.2633333206177 13.8333330154419 13.3416662216187 12.627082824707 11.3635416030884 9.70833301544189 6.68854141235352 7.55833339691162 7.97083330154419 6.53020858764648 6.97708320617676 4.29791688919067 11.2270832061768 10.9385414123535 9.35833358764648 17.5395832061768 13.4739580154419 18.8697910308838 20.2864589691162 14.2093753814697 14.0552082061768 13.6572914123535 19.6625003814697 8.51770877838135 9.81041717529297 10.6281251907349 11.0666666030884 10.5249996185303 9.0625 11.0708332061768 11.4240741729736 11.9819450378418 11.96875 11.8249998092651 11.7375001907349 11.6187496185303 11.3984851837158
18.3111114501953 -9999 -9999 -9999 -9999 -9999 -9999 -9999 14.6333332061768 14.3364582061768 13.8562507629395 13.1906251907349 12.4520835876465 10.2156248092651 9.76770877838135 6.90104150772095 7.19687509536743 11.7624998092651 6.93437480926514 10.5864582061768 5.51770830154419 10.4906253814697 11.0958337783813 11.5031251907349 11.0197916030884 13.6427087783813 14.5062503814697 14.5385417938232 14.435417175293 14.2770833969116 13.8562498092651 13.8156251907349 9.68541622161865 9.82916641235352 9.68124961853027 10.7954540252686 11.4350004196167 11.2805557250977 11.847222328186 -9999 11.5069446563721 11.4683332443237 -9999 -9999 -9999 -9999
18.0302085876465 18.3619041442871 -9999 -9999 -9999 -9999 -9999 -9999 14.9583330154419 14.6199998855591 13.783332824707 12.5864582061768 11.1083335876465 10.5145835876465 8.42395877838135 6.54270839691162 6.58854150772095 11.3291664123535 10.8010416030884 10.7927083969116 11.2927083969116 10.0093746185303 11.685417175293 11.5854167938232 9.75937461853027 13.921875 14.5062503814697 14.5635414123535 14.5906248092651 14.6111106872559 14.6269235610962 13.4750003814697 9.80937480926514 10.5625 10.3989582061768 10.7722225189209 12.5100002288818 -9999 -9999 -9999 12.6277780532837 11.6833333969116 -9999 -9999 -9999 -9999
17.9906253814697 15.1750001907349 15.3583335876465 15.5166664123535 -9999 -9999 -9999 -9999 14.2555561065674 14.1466665267944 12.9031248092651 11.6760416030884 11.5260419845581 9.87083339691162 9.81562519073486 8.58854198455811 7.84791660308838 5.56666660308838 6.20937490463257 11.3135414123535 12.1447916030884 11.4604167938232 10.359375 11.5531244277954 12.8374996185303 12.2104167938232 14.4875001907349 13.7020835876465 14.6023807525635 14.9000005722046 14.7305555343628 14.4885416030884 10.2947912216187 9.81458377838135 10.1187505722046 11.3385410308838 12.7851858139038 12.6952381134033 12.8333339691162 -9999 -9999 -9999 -9999 -9999 -9999 12.8722219467163
18.1897430419922 18.2135410308838 15.0718746185303 15.3916664123535 -9999 -9999 -9999 -9999 -9999 13.2925930023193 10.5145835876465 10.4833335876465 8.75416660308838 9.98750019073486 9.32291603088379 9.40729141235352 8.37708282470703 6.67812490463257 6.92395830154419 7.14687490463257 12.0260419845581 12.5 11.2468748092651 11.9020833969116 13.2416667938232 13.0520830154419 12.4937496185303 14.3760414123535 14.9875001907349 -9999 -9999 15.2266664505005 15.5621213912964 12.1949996948242 12.1111106872559 12.7883338928223 13.2041664123535 12.3861112594604 12.0564098358154 12.7444438934326 -9999 -9999 -9999 -9999 -9999 -9999
18.470832824707 18.1979160308838 14.8812503814697 15.1302089691162 15.5083332061768 -9999 -9999 -9999 -9999 -9999 13.2250003814697 12.3933334350586 10.2145833969116 9.97916698455811 9.36562538146973 7.98020839691162 9.63958358764648 8.95416641235352 6.14895820617676 6.21770811080933 8.14166641235352 8.99374961853027 12.6812496185303 12.3666667938232 12.0187501907349 13.1812496185303 11.5322914123535 10.34375 14.570369720459 -9999 -9999 -9999 12.6444444656372 12.83717918396 12.908332824707 12.8854160308838 12.5555553436279 14.1416664123535 11.5555553436279 11.6750001907349 -9999 -9999 -9999 13.716667175293 13.9333333969116 13.8555555343628
18.5499992370605 18.4486103057861 18.1187496185303 18.2749996185303 -9999 -9999 -9999 -9999 -9999 15.5333337783813 15.5666666030884 -9999 13.1574068069458 12.5343751907349 10.4052085876465 10.1916666030884 10.1354169845581 7.19374990463257 6.87291669845581 5.86562490463257 7.08854198455811 8.67083358764648 9.31458377838135 8.68020820617676 12.0114583969116 13.8010416030884 12.9885416030884 12.2541666030884 13.375 14.7166662216187 -9999 -9999 -9999 12.7416667938232 12.9604167938232 13.6466665267944 13.6099996566772 -9999 -9999 -9999 -9999 -9999 -9999 13.6474361419678 13.8677082061768 13.8958330154419
-9999 -9999 18.6000003814697 18.4833335876465 -9999 -9999 -9999 -9999 -9999 16.1166667938232 15.3611116409302 14.3760414123535 13.841025352478 13.4791669845581 11.1135416030884 10.6708335876465 11.017707824707 9.79791641235352 9.17083358764648 7.16874980926514 6.41041660308838 8.63125038146973 10.298957824707 9.81354141235352 8.86041641235352 10.6343746185303 14.6645832061768 15.0322914123535 13.9677085876465 9.69999980926514 15.5133333206177 -9999 -9999 -9999 -9999 -9999 -9999 -9999 -9999 -9999 -9999 -9999 -9999 14.1666669845581 14.1533336639404 14.25
-9999 -9999 -9999 -9999 -9999 -9999 -9999 -9999 -9999 -9999 -9999 14.4805555343628 14.7283325195313 14.3499994277954 13.2687501907349 11.9343748092651 10.9520835876465 9.91249942779541 10.1374998092651 7.68541669845581 6.12291669845581 6.29270839691162 9.81145858764648 11.7697916030884 11.4645833969116 11.3989582061768 15.3489580154419 15.2906246185303 15.4572916030884 11.2666664123535 11.192307472229 12.2333335876465 -9999 -9999 -9999 -9999 -9999 -9999 -9999 -9999 -9999 -9999 13.2250003814697 13.0722227096558 -9999 -9999
-9999 -9999 -9999 -9999 -9999 -9999 -9999 -9999 -9999 -9999 -9999 -9999 15.03125 14.9812498092651 13.8863639831543 12.5354166030884 11.0197916030884 10.3822917938232 9.81875038146973 9.453125 7.875 7.43229150772095 9.08541679382324 11.2697916030884 12.029167175293 11.9499998092651 11.8489580154419 11.6843748092651 11.3510417938232 12.0458335876465 11.8708333969116 10.1933336257935 12.3722229003906 -9999 -9999 -9999 -9999 15.0124998092651 15.0500001907349 -9999 -9999 -9999 13.0500001907349 13.0833330154419 -9999 -9999
-9999 -9999 -9999 -9999 -9999 -9999 -9999 -9999 -9999 -9999 -9999 -9999 -9999 15.3000001907349 15.1499996185303 13.7888889312744 13.2489585876465 12.4281253814697 12.4656248092651 12.1958332061768 9.91666698455811 9.25208282470703 6.61666679382324 8.57083320617676 11.1947917938232 12.002082824707 12.2760419845581 11.263542175293 11.6791667938232 12.6468753814697 13.2904758453369 13.783332824707 13.4088888168335 14.953332901001 15.1166667938232 -9999 14.9777774810791 15.0944442749023 -9999 -9999 -9999 -9999 -9999 -9999 -9999 -9999
-9999 -9999 -9999 -9999 -9999 -9999 -9999 -9999 -9999 -9999 -9999 -9999 -9999 -9999 15.8500003814697 -9999 13.8166666030884 14.2833337783813 14.1999998092651 13.3531246185303 10.2947912216187 10.0395832061768 8.74374961853027 8.35208320617676 8.40729141235352 10.4312496185303 11.0166664123535 10.8333330154419 9.13437461853027 10.3718748092651 13.1142854690552 14.0648145675659 14.243332862854 15.1972227096558 15.283332824707 14.78125 15.5500001907349 14.5500001907349 -9999 15.4166669845581 -9999 -9999 -9999 -9999 -9999 -9999
-9999 -9999 -9999 -9999 -9999 -9999 -9999 -9999 -9999 -9999 -9999 -9999 -9999 -9999 -9999 -9999 -9999 14.7958335876465 14.0944442749023 13.7045450210571 12.4989585876465 11.7666664123535 10.9031248092651 8.23750019073486 8.90312480926514 11.3114585876465 11.6812496185303 12.3770837783813 12.2399997711182 12.0988092422485 13.4812498092651 13.6677780151367 11.0541667938232 12.4430551528931 -9999 -9999 -9999 -9999 -9999 14.1104164123535 13.5240745544434 -9999 -9999 -9999 -9999 -9999
-9999 -9999 -9999 -9999 -9999 -9999 -9999 -9999 -9999 -9999 -9999 -9999 -9999 -9999 -9999 -9999 13.1966667175293 14.7583332061768 12.7230768203735 12.4427080154419 13.0989580154419 12.8187503814697 9.08020877838135 8.19791698455811 7.76249980926514 7.29895830154419 6.90833330154419 10.9989585876465 11.6781253814697 12.4133338928223 13.0874996185303 14.3249998092651 12.1944446563721 11.7533330917358 11.5380954742432 11.1481485366821 12.7375001907349 12.5 -9999 15.0166664123535 13.5187501907349 13.3333330154419 -9999 -9999 -9999 -9999
