input_data/future_climate/CanESM5_585/bio8_a.asc
ncols  331
nrows  193
xllcorner  17.833372883333
yllcorner  37.9999896166667
cellsize 0.1666667
NODATA_value  -9999
[rows 147 to 167 of 193, columns 230 to 275 of 331]
15.2708339691162 15.2708330154419 15.1322917938232 15.0364580154419 14.9177083969116 14.7770833969116 14.5406246185303 14.5135412216187 14.3114585876465 14.0187501907349 13.6843748092651 13.3552083969116 13.0072917938232 12.642707824707 12.0843753814697 11.6500005722046 12.3572912216187 12.6197910308838 12.3156251907349 11.7208337783813 11.3916664123535 11.6468753814697 11.7375001907349 12.0770835876465 12.5177087783813 13.1020832061768 13.6489582061768 14.2604169845581 14.4677085876465 14.6312494277954 14.8020830154419 15.0552082061768 15.1854162216187 15.3000001907349 15.4291667938232 5.93333339691162 0.604166746139526 0.496874958276749 0.504166662693024 0.602083265781403 0.629166662693024 16.3343753814697 16.3447914123535 0.830208301544189 0.837499916553497 0.823958337306976
15.5260419845581 15.4781255722046 15.3812503814697 15.1645832061768 14.9937496185303 14.8062496185303 14.6437501907349 14.3541669845581 14.1302089691162 13.7781248092651 13.4416666030884 13.1302080154419 12.8052082061768 12.4458332061768 11.6520833969116 12.5479164123535 13.0833330154419 12.7239589691162 12.482292175293 11.8864583969116 11.4645833969116 11.310417175293 11.5541667938232 12.0572910308838 12.5427083969116 13.169792175293 13.767707824707 14.279167175293 14.7156248092651 14.8802089691162 15.0614585876465 15.2604169845581 15.4156246185303 15.4729166030884 15.6031246185303 16.0093746185303 0.770833373069763 0.767708361148834 16.3322925567627 0.829166650772095 0.884374976158142 0.877083301544189 0.836458265781403 0.795833230018616 0.960416674613953 6.01770877838135
15.6677083969116 15.5031251907349 15.2177085876465 15.0166664123535 14.7854166030884 14.6208333969116 14.388542175293 14.1177082061768 13.9656257629395 13.6239585876465 13.3500003814697 13.0041666030884 12.6041669845581 12.154167175293 11.3687496185303 12.5572919845581 12.9854164123535 12.5874996185303 12.6697912216187 12.220832824707 11.5739583969116 11.4406251907349 11.7020835876465 12.2208337783813 12.7958335876465 13.3354167938232 13.7875003814697 14.2395830154419 14.7114582061768 14.9885416030884 15.2854166030884 15.4208335876465 15.4229164123535 15.5145835876465 15.8020830154419 16.1000003814697 16.3208332061768 0.946874976158142 16.546875 16.5677089691162 1.08645832538605 1.12291669845581 1.07187497615814 1.01145839691162 1.05104172229767 16.705207824707
15.8739585876465 15.5833330154419 15.2614574432373 14.955207824707 14.7885417938232 14.5885419845581 14.28125 14.0249996185303 13.7708330154419 13.484375 13.1791667938232 12.84375 12.5260419845581 11.5166664123535 11.4343748092651 12.5968751907349 12.6447916030884 12.6687498092651 12.6468744277954 12.1802082061768 11.7291669845581 11.6781253814697 11.9875001907349 12.5249996185303 13.0437507629395 13.6614580154419 14.0229167938232 14.4197912216187 14.9052085876465 15.1104164123535 15.4020833969116 15.5874996185303 15.4406251907349 15.9437494277954 16.2406253814697 16.4645824432373 16.5072917938232 16.6197910308838 16.685417175293 16.765625 16.8395843505859 16.8531246185303 16.9125003814697 16.888542175293 16.8354167938232 16.8583335876465
15.8000001907349 15.5770835876465 15.3291673660278 15.1135416030884 14.9645833969116 14.6916666030884 14.3135414123535 13.9427080154419 13.640625 13.3583335876465 12.953125 12.5052080154419 12.1854162216187 11.2906255722046 11.5927085876465 12.3166666030884 12.6614580154419 12.7375001907349 12.6156253814697 12.0510416030884 11.9020833969116 11.9802083969116 12.3583335876465 12.8031244277954 13.3020839691162 13.8239583969116 14.1864585876465 14.5166664123535 15.0708332061768 15.3416662216187 15.5927085876465 15.8812503814697 15.9406251907349 16.2114582061768 16.4249992370605 16.5552082061768 16.6906242370605 16.8187503814697 16.8958339691162 16.951042175293 16.9291667938232 16.9541664123535 17.0166664123535 17.107292175293 17.185417175293 17.0895843505859
15.6302080154419 15.4260416030884 15.2270832061768 15.0020837783813 14.8270835876465 14.5906248092651 14.3052082061768 14.0479164123535 13.7593746185303 13.4145832061768 13.0416669845581 12.5062503814697 12.0395832061768 11.2843751907349 11.6802082061768 12.2531251907349 12.6572914123535 12.8125 12.4125003814697 12.1520833969116 12.1635417938232 12.3697910308838 12.7833337783813 13.1072912216187 13.5875005722046 14.1041669845581 14.5260419845581 14.7802085876465 15.0895833969116 15.470832824707 15.8708333969116 16.0427074432373 16.203125 16.3697910308838 16.5062503814697 16.6791667938232 16.796875 16.9291667938232 16.9854164123535 17.0864582061768 17.1666660308838 17.2489585876465 17.189582824707 17.2427082061768 17.3093757629395 17.470832824707
15.4989585876465 15.2822914123535 15.0739583969116 14.9208326339722 14.8208332061768 14.6302080154419 14.3552083969116 14.0718746185303 13.7989587783813 13.5041666030884 13.1270837783813 12.767707824707 12.4104166030884 11.3656244277954 11.9375 12.5874996185303 12.7260417938232 12.8822917938232 12.6593751907349 12.5635414123535 12.5979166030884 12.8333339691162 13.1572914123535 13.5166664123535 13.9937496185303 14.4052085876465 14.9260416030884 15.0343751907349 15.515625 15.8135414123535 16.0854167938232 16.21875 16.3583335876465 16.533332824707 16.6666660308838 16.8270835876465 17.0083332061768 17.048957824707 17.1343746185303 17.236457824707 17.3427085876465 17.3874988555908 17.4302082061768 17.4447917938232 17.4854164123535 17.546875
15.6572914123535 15.4624996185303 15.3291664123535 15.1364583969116 14.8979167938232 14.7260417938232 14.5791664123535 14.3197917938232 14.0177087783813 13.6822910308838 13.3239583969116 12.9593753814697 12.7302083969116 12.0072917938232 12.3041667938232 12.7624998092651 12.828125 12.9093751907349 12.923957824707 12.9624996185303 12.9708337783813 13.21875 13.5677080154419 13.9624996185303 14.3625001907349 14.826042175293 15.0541667938232 15.4312505722046 15.7916660308838 16.0281257629395 16.2697906494141 16.5052089691162 16.6218757629395 16.7312507629395 16.8447914123535 16.982292175293 17.154167175293 17.247917175293 17.3552074432373 17.4312496185303 17.4406242370605 17.4854164123535 17.5145835876465 17.5739593505859 17.6145839691162 17.6177082061768
15.9343748092651 15.7739582061768 15.6239585876465 15.4197912216187 15.236457824707 15.0104169845581 14.8937501907349 14.7145833969116 14.4343748092651 14.0718755722046 13.6468753814697 13.189582824707 13.0020837783813 13.1416664123535 12.7052087783813 12.7885417938232 13.0197916030884 12.9937496185303 13.1552085876465 13.3322916030884 13.3937501907349 13.6270837783813 14.0062503814697 14.3468751907349 14.861457824707 15.1770830154419 15.4156246185303 15.752082824707 16.0499992370605 16.2572917938232 16.4739589691162 16.6812496185303 16.828125 16.877082824707 17.0062503814697 17.1812496185303 17.2885417938232 17.3947925567627 17.4562492370605 17.5885410308838 17.5458335876465 17.5062503814697 17.6281242370605 17.642707824707 17.6791667938232 17.7739582061768
16.0874996185303 15.919792175293 15.7916669845581 15.6739587783813 15.5677080154419 15.4885416030884 15.3312501907349 15.0843753814697 14.765625 14.3968753814697 13.9187498092651 13.4791669845581 13.0354166030884 13.3510417938232 13.1864585876465 13.0656242370605 13.2447919845581 13.3208332061768 13.5656251907349 13.9135417938232 14.1135416030884 14.3270835876465 14.6072912216187 15.0093746185303 15.3322916030884 15.6156253814697 15.6697912216187 15.9750003814697 16.2749996185303 16.4739589691162 16.6937503814697 16.8677082061768 17.0197925567627 17.1062507629395 17.2218761444092 17.34375 17.3812503814697 17.4520835876465 17.560417175293 17.6197910308838 17.7000007629395 17.7697906494141 17.779167175293 17.8447914123535 17.8937511444092 18.033332824707
16.1458320617676 16.015625 15.9312496185303 15.8614587783813 15.8145837783813 15.763542175293 15.7718753814697 15.482292175293 15.0895833969116 14.6854162216187 14.3052082061768 13.8645830154419 13.4750003814697 13.8052082061768 13.1989583969116 13.0875005722046 13.4906253814697 13.8812503814697 14.3354167938232 14.689582824707 14.8072919845581 14.9229164123535 15.2843751907349 15.6437501907349 15.7041664123535 15.8145837783813 16.1135425567627 16.3562507629395 16.5322914123535 16.685417175293 16.8520832061768 17.0208339691162 17.1416664123535 17.2447910308838 17.2927074432373 17.3687496185303 17.4885406494141 17.5572910308838 17.6312503814697 17.7572917938232 17.9364585876465 18.0677089691162 18.1656246185303 18.201042175293 18.2552089691162 18.3895835876465
16.1614570617676 16.0843753814697 16.002082824707 15.9927082061768 15.9458332061768 15.9562501907349 15.9479169845581 15.9916667938232 15.4479169845581 15.0749998092651 14.6864585876465 14.3062505722046 13.9604167938232 14.1468753814697 13.9302082061768 13.8916664123535 13.9958333969116 14.0979166030884 14.59375 14.9281253814697 15.3510417938232 15.4187498092651 15.3739585876465 15.8354167938232 16.0395832061768 16.1677074432373 16.4916667938232 16.6864585876465 16.7749996185303 16.9333324432373 17.048957824707 17.1104164123535 17.1708335876465 17.2843742370605 17.3447914123535 17.4479160308838 17.560417175293 17.7000007629395 17.8854160308838 18.0677089691162 18.1322917938232 18.1906242370605 18.2239589691162 18.2749996185303 18.3541660308838 18.4333343505859
16.171875 16.158332824707 16.1197910308838 16.0718746185303 16.0739574432373 16.1156253814697 16.1333332061768 16.0281257629395 15.7739582061768 15.5583333969116 15.1947917938232 14.6947917938232 14.4614582061768 14.4864587783813 14.122917175293 14.6770830154419 14.9427089691162 14.9135417938232 15.0968751907349 15.3635416030884 15.8520832061768 15.5229167938232 15.7854166030884 16.2177085876465 16.5864582061768 16.6687507629395 16.951042175293 17.1281242370605 17.2177085876465 17.2979164123535 17.3291664123535 17.267707824707 17.3468742370605 17.408332824707 17.4781246185303 17.578125 17.7625007629395 17.982292175293 18.1041660308838 18.2041664123535 18.189582824707 18.1916675567627 18.2229156494141 18.2229175567627 18.3312492370605 18.4291667938232
16.1333332061768 16.1177082061768 16.1614589691162 16.1708335876465 16.1614589691162 16.2114582061768 16.1947917938232 16.173957824707 16.2333335876465 16.0229167938232 15.6312503814697 15.2281246185303 15.1343746185303 15.5166673660278 15.0104169845581 15.6635417938232 15.763542175293 15.7854166030884 15.9260416030884 16.142707824707 16.4479160308838 16.3062496185303 16.6614589691162 16.9437503814697 17.1197910308838 17.1906261444092 17.3083343505859 17.3999996185303 17.5145835876465 17.5510406494141 17.5114574432373 17.4270839691162 17.5052070617676 17.6020832061768 17.7916660308838 17.9541664123535 18.0677089691162 18.2062492370605 18.2614593505859 18.2666664123535 18.2468757629395 18.203125 18.1312503814697 18.2729167938232 18.3562507629395 18.486457824707
16.1416664123535 16.1104164123535 16.1770839691162 16.2333335876465 16.2250003814697 16.2135410308838 16.2843761444092 16.2770824432373 16.4614582061768 16.201042175293 15.9635419845581 15.872917175293 15.8052082061768 16.2510414123535 16.2708339691162 16.4145832061768 16.4635410308838 16.6687507629395 16.716667175293 16.8135414123535 17.0083332061768 17.1343746185303 17.2093753814697 17.1708335876465 17.392707824707 17.1843757629395 17.4343757629395 17.5114574432373 17.5364589691162 17.5093746185303 17.6635417938232 17.7124996185303 17.7958335876465 17.8322906494141 18.0739593505859 18.1749992370605 18.28125 18.388542175293 18.3739585876465 18.2718753814697 18.1625003814697 18.0666675567627 18.1135425567627 18.2250003814697 18.3052082061768 18.4614582061768
16.3322906494141 16.216667175293 16.1437492370605 16.0770835876465 16.1510410308838 16.3031253814697 16.3229160308838 16.3447914123535 16.4437503814697 16.6124992370605 16.4854164123535 16.3197917938232 16.4187507629395 16.6156253814697 16.71875 16.9270839691162 17.3072910308838 17.3864593505859 17.283332824707 17.357292175293 17.3072910308838 17.392707824707 17.4104175567627 17.3520832061768 17.5187511444092 17.5093746185303 17.767707824707 17.888542175293 17.8895835876465 17.845832824707 17.9249992370605 18.0364589691162 18.091667175293 18.1458339691162 18.4145832061768 18.419792175293 18.4427089691162 18.5010414123535 18.4770832061768 18.3697910308838 18.3083324432373 18.2281246185303 18.220832824707 18.2000007629395 18.1781253814697 18.314582824707
16.7250003814697 16.7489585876465 16.65625 16.4333324432373 16.2552089691162 16.3843746185303 16.4322910308838 16.408332824707 16.4500007629395 16.5229167938232 16.6875 16.7072906494141 16.7458324432373 16.8833332061768 17.0874996185303 17.4364585876465 17.5302085876465 17.5812492370605 17.580207824707 17.6625003814697 17.6822910308838 17.7083320617676 17.6927089691162 17.7625007629395 17.8968753814697 17.9781246185303 18.1124992370605 18.25 18.2697925567627 18.2739582061768 18.2822914123535 18.283332824707 18.3395824432373 18.5541667938232 18.6447925567627 18.6302089691162 18.6499996185303 18.6843757629395 18.6208324432373 18.515625 18.3500003814697 18.1749992370605 18.1333332061768 18.1010417938232 18.0218753814697 18.232292175293
16.9968757629395 17.0354175567627 17.017707824707 16.9697914123535 16.9916667938232 16.841667175293 16.7395839691162 16.6822910308838 16.6031246185303 16.5249996185303 16.6552085876465 16.8822917938232 17.0322914123535 17.15625 17.3947925567627 17.6333332061768 17.7374992370605 17.6979160308838 17.8083343505859 17.7958335876465 17.8822917938232 17.9093742370605 18.015625 18.423957824707 18.4322910308838 18.4322910308838 18.4572906494141 18.4343757629395 18.5031242370605 18.5979175567627 18.6104164123535 18.6156253814697 18.7927093505859 18.8833332061768 18.9052085876465 18.9593753814697 18.9833335876465 18.8854179382324 18.8218746185303 18.7000007629395 18.4166660308838 18.0520839691162 17.7937507629395 17.5114574432373 17.6354160308838 17.9989585876465
17.4739589691162 17.3854160308838 17.4624996185303 17.4385414123535 17.502082824707 17.4604167938232 17.357292175293 17.107292175293 16.9333343505859 16.8781242370605 17.122917175293 17.3489589691162 17.4322910308838 17.7124996185303 17.7270832061768 17.7708339691162 17.8864593505859 17.9489593505859 17.966667175293 17.9479160308838 18.0541667938232 18.314582824707 18.5697917938232 18.6677093505859 18.6333332061768 18.611457824707 18.5583324432373 18.5822906494141 18.7354164123535 18.8270835876465 18.8999996185303 18.96875 18.9677085876465 19.0708332061768 19.1333332061768 19.1510410308838 19.127082824707 19.1104164123535 19.0385417938232 18.8895835876465 18.2843742370605 17.6968746185303 17.3250007629395 16.3968753814697 16.5750007629395 17.5229167938232
18.0593757629395 17.9093742370605 17.7979164123535 17.9750003814697 17.890625 17.658332824707 17.5541667938232 17.4885425567627 17.53125 17.1531257629395 17.7020835876465 17.9458332061768 17.9916667938232 17.921875 17.9187507629395 18.048957824707 18.1499996185303 18.169792175293 18.1864585876465 18.2281246185303 18.375 18.6041660308838 18.6833324432373 18.7041664123535 18.736457824707 18.720832824707 18.6020832061768 18.7270832061768 18.8979167938232 19.0145835876465 19.0927085876465 19.1968746185303 19.2302093505859 19.3270835876465 19.3624992370605 19.3635406494141 19.3489570617676 19.2958335876465 19.2104167938232 19.203125 19.046875 18.9802074432373 18.4947910308838 17.892707824707 17.5499992370605 17.2770824432373
18.0270843505859 17.9750003814697 17.8968753814697 17.84375 17.8218746185303 17.7552089691162 16.341667175293 15.9072914123535 16.4593753814697 17.580207824707 18.0145835876465 18.0874996185303 18.1031246185303 18.1656246185303 18.1625003814697 18.2937507629395 18.404167175293 18.4364585876465 18.4249992370605 18.486457824707 18.4635410308838 18.5843753814697 18.5989589691162 18.6447906494141 18.6770839691162 18.4343757629395 18.5249996185303 18.6604175567627 18.923957824707 19.1864585876465 19.3312492370605 19.4229164123535 19.4437503814697 19.6031246185303 19.6145839691162 19.6374988555908 19.591667175293 19.5072917938232 19.3708324432373 19.4437503814697 19.578125 19.3666667938232 18.9208335876465 18.6989593505859 18.390625 18.2135429382324
