input_data/_bio_1_i.asc
ncols  319
nrows  163
xllcorner  18.833373083333
yllcorner  40.9999902166667
cellsize 0.1666667
NODATA_value  -9999
[rows 80 to 99 of 163, columns 92 to 137 of 319]
4.57262516021729 4.60696887969971 4.61892700195313 4.6428542137146 4.69630193710327 4.85424995422363 4.8978123664856 4.87783336639404 4.92607259750366 4.96161460876465 4.99903106689453 4.86267709732056 4.7957706451416 4.64764595031738 4.59248971939087 4.63222932815552 4.69211483001709 4.7440938949585 4.8939061164856 4.71624994277954 4.69337511062622 4.69112491607666 4.80653142929077 4.81043720245361 4.77147912979126 4.82134389877319 4.83583307266235 4.83613538742065 4.81647920608521 4.73084354400635 4.82178115844727 4.90715646743774 4.86243724822998 4.91513538360596 4.93592739105225 4.96719789505005 4.99630212783813 5.0173020362854 5.01015615463257 5.01666688919067 4.99700021743774 4.89032316207886 4.79456233978271 4.74196863174438 4.81794786453247 4.80735397338867
4.51430225372314 4.51837491989136 4.50217723846436 4.56916666030884 4.70216655731201 4.81608295440674 4.82722902297974 4.8964376449585 4.96723985671997 4.96079158782959 4.96252107620239 5.01049995422363 4.92562484741211 4.69001054763794 4.60237503051758 4.59638547897339 4.64375019073486 4.82381248474121 4.79581260681152 4.65143775939941 4.60284376144409 4.61905193328857 4.73698949813843 4.72197914123535 4.76678133010864 4.81814575195313 4.86792707443237 4.83716678619385 4.81014585494995 4.82633304595947 4.89564561843872 4.90196847915649 4.99868774414063 5.17521858215332 5.07272911071777 5.13996887207031 5.1319375038147 5.16568756103516 5.11487483978271 5.05767726898193 5.01242685317993 4.97905206680298 4.87927055358887 4.78217697143555 4.73556232452393 4.75884389877319
4.38762521743774 4.39657306671143 4.4520206451416 4.54713535308838 4.64891672134399 4.82070827484131 4.87876033782959 4.90611457824707 4.86230230331421 4.87533330917358 4.88103151321411 4.99520826339722 4.97787523269653 4.85237503051758 4.74164581298828 4.72998952865601 4.71905183792114 4.81823968887329 4.71251058578491 4.68077087402344 4.60475015640259 4.62585401535034 4.69435405731201 4.83807325363159 4.93514585494995 4.97204160690308 4.9685001373291 5.0028018951416 4.92653131484985 4.90618753433228 4.91467714309692 4.83817720413208 4.8822603225708 4.90741682052612 5.11006259918213 5.24545860290527 5.34964561462402 5.31707286834717 5.29639577865601 5.22293758392334 5.15112495422363 5.04030227661133 4.89356231689453 4.7917914390564 4.76064586639404 4.7717604637146
4.49711465835571 4.53130197525024 4.54947900772095 4.63178110122681 4.71177101135254 4.75513553619385 4.816978931427 4.94981288909912 4.94086456298828 4.90294790267944 4.90950012207031 5.05978107452393 5.0189790725708 4.78837490081787 4.6916356086731 4.63474988937378 4.66457271575928 4.80039596557617 4.84142684936523 4.91062498092651 5.06871891021729 4.97609376907349 4.90487480163574 4.95065641403198 5.00519800186157 5.00316667556763 5.00688552856445 4.99287509918213 5.02527093887329 5.06777095794678 5.02998971939087 4.99121904373169 5.03911447525024 5.12697887420654 5.34666681289673 5.51356267929077 5.54351043701172 5.38548946380615 5.28362512588501 5.25215625762939 5.22247934341431 5.10509395599365 4.92580223083496 4.79113531112671 4.80269813537598 4.85210418701172
4.72192716598511 4.7332501411438 4.69687509536743 4.73688554763794 4.81080198287964 4.88532304763794 4.91837501525879 4.96753120422363 5.02395820617676 5.13533353805542 5.15242719650269 4.93331241607666 5.00216674804688 5.00553131103516 4.86779165267944 4.65419769287109 4.72044801712036 4.90973949432373 4.94485425949097 4.90974998474121 5.0744686126709 5.1729793548584 5.15023946762085 5.164635181427 5.29843759536743 5.17517709732056 5.11531257629395 5.05232286453247 4.93480205535889 4.91586446762085 5.0062084197998 5.05961465835571 5.23082304000854 5.49017715454102 5.62260437011719 5.77856254577637 5.76599979400635 5.55814599990845 5.35234355926514 5.27851057052612 5.24290657043457 5.01778125762939 4.94131231307983 4.86158323287964 4.74530220031738 4.78442716598511
4.7874584197998 4.91447925567627 4.82841682434082 4.86372900009155 5.00651025772095 5.10685443878174 5.10464572906494 5.1030101776123 5.15391683578491 5.18324995040894 4.98745822906494 4.91527080535889 5.03855228424072 4.95103120803833 4.84340620040894 4.78128147125244 4.86027097702026 5.04019784927368 5.14083337783813 5.22760391235352 5.24173974990845 5.26768732070923 5.35331249237061 5.38771867752075 5.43312501907349 5.46552085876465 5.35205221176147 5.17122888565063 4.98203134536743 4.93186473846436 4.95135402679443 5.0714898109436 5.24945831298828 5.53777074813843 5.88194799423218 6.07928133010864 5.90589570999146 5.64376020431519 5.46921873092651 5.38548946380615 5.28309392929077 5.12513542175293 4.88716650009155 4.81470823287964 4.77863550186157 4.82938528060913
5.04046869277954 5.03653144836426 5.00082302093506 5.0101146697998 5.05706262588501 5.1214165687561 5.20654153823853 5.07517719268799 5.16173982620239 5.04485416412354 4.93813514709473 5.03948974609375 5.0621976852417 4.79212474822998 4.76355218887329 4.7483229637146 4.88534355163574 5.03145837783813 5.27180194854736 5.25292730331421 5.41993761062622 5.52756261825562 5.5903959274292 5.62822914123535 5.55880212783813 5.64983320236206 5.54546880722046 5.33291673660278 5.09417724609375 4.91517686843872 4.88620805740356 5.09518766403198 5.32087469100952 5.56717729568481 5.84743738174438 6.13962507247925 5.86746883392334 5.63166666030884 5.48371887207031 5.34934377670288 5.25856256484985 5.2288646697998 5.01506233215332 4.84816646575928 4.85322904586792 4.79871892929077
5.08765602111816 5.11309385299683 5.09363555908203 5.05503129959106 5.07410430908203 5.12234354019165 5.21992683410645 5.1612606048584 5.17853116989136 5.08613538742065 4.98863554000854 5.02358341217041 5.15063524246216 4.97149991989136 4.75417709350586 4.65809392929077 4.70583343505859 4.95174980163574 5.22018718719482 5.3752293586731 5.47855234146118 5.65609359741211 5.77012491226196 5.82070827484131 5.84468746185303 5.77186441421509 5.60221862792969 5.46140623092651 5.25524997711182 5.10331249237061 4.99476051330566 5.08892679214478 5.30669784545898 5.57969808578491 5.69474983215332 5.88896894454956 5.73920822143555 5.54253101348877 5.39490604400635 5.29330205917358 5.23755216598511 5.09991645812988 5.00746870040894 4.8872709274292 4.8853440284729 4.78481245040894
5.27984380722046 5.29277086257935 5.17613554000854 5.13792705535889 5.19371891021729 5.25296878814697 5.25263547897339 5.24084377288818 5.17902088165283 5.12073945999146 5.16025018692017 5.10791683197021 5.01267719268799 5.13198947906494 4.90961456298828 4.72294807434082 4.75270843505859 4.89748954772949 5.04567718505859 5.27293729782104 5.52050018310547 5.87013530731201 6.09998941421509 6.22571897506714 6.08141660690308 5.89066648483276 5.67260408401489 5.46103143692017 5.27603101730347 5.22663545608521 5.10932302474976 5.0593957901001 5.15636444091797 5.36384391784668 5.49423933029175 5.56349992752075 5.4913125038147 5.362229347229 5.29784393310547 5.22441673278809 5.118239402771 4.95934391021729 4.95968770980835 4.86901044845581 4.78662490844727 4.80448961257935
5.49625015258789 5.60377073287964 5.41744804382324 5.35843753814697 5.34696865081787 5.28196859359741 5.26956272125244 5.25773954391479 5.23925018310547 5.2432918548584 5.22715616226196 5.14303112030029 5.1230001449585 5.063551902771 5.04973983764648 4.96880197525024 4.90306234359741 4.95173931121826 5.1733021736145 5.37542676925659 5.57511472702026 5.98165655136108 6.39286470413208 6.54334354400635 6.45494794845581 6.11851072311401 5.77415609359741 5.51188564300537 5.26445817947388 5.24739599227905 5.16621875762939 5.04166650772095 5.07929182052612 5.23390626907349 5.35301065444946 5.34959363937378 5.28181266784668 5.15515613555908 5.16676044464111 5.17188549041748 5.0689582824707 4.96476030349731 5.04145860671997 4.98000001907349 4.91141653060913 4.91881275177002
5.55635404586792 5.4729790687561 5.37626028060913 5.3191351890564 5.32407283782959 5.30702066421509 5.29049968719482 5.31566667556763 5.29155206680298 5.31293725967407 5.33663511276245 5.42105197906494 5.32049989700317 5.10690641403198 5.02708339691162 5.02029180526733 5.07437515258789 5.07179164886475 5.25081253051758 5.35611438751221 5.57933330535889 6.01828145980835 6.41097927093506 6.70479154586792 6.40913534164429 6.06572914123535 5.76855182647705 5.61811447143555 5.33565616607666 5.24414587020874 5.18158340454102 4.98031234741211 4.99561452865601 5.13010406494141 5.21460437774658 5.11857271194458 5.03821897506714 4.95759391784668 5.02251052856445 5.10805225372314 5.0611252784729 4.99256277084351 5.10878133773804 5.11737489700317 5.09972906112671 4.95856237411499
5.50605201721191 5.44448947906494 5.38790607452393 5.40221881866455 5.37684392929077 5.35856246948242 5.36248970031738 5.35706233978271 5.38525009155273 5.42429161071777 5.4902081489563 5.59789562225342 5.30114555358887 5.1294584274292 5.03118753433228 5.04566669464111 5.15304183959961 5.16284370422363 5.20179176330566 5.29905223846436 5.52472925186157 5.72313547134399 6.08548974990845 6.16414594650269 5.95948934555054 5.72571897506714 5.50988531112671 5.39550018310547 5.37112522125244 5.38414573669434 5.08619785308838 4.91422891616821 4.95211458206177 5.11728143692017 5.12098979949951 5.0404896736145 4.94313526153564 4.96066665649414 5.04988527297974 5.07453155517578 5.0928750038147 5.0454478263855 5.2079062461853 5.28889608383179 5.16014575958252 4.96763563156128
5.6104793548584 5.58372926712036 5.50983333587646 5.46423959732056 5.41297912597656 5.4729790687561 5.41123962402344 5.39991664886475 5.46110439300537 5.54356241226196 5.53402090072632 5.42837524414063 5.28871870040894 5.19631242752075 5.19176054000854 5.16726016998291 5.11788511276245 5.13632297515869 5.19745826721191 5.34446859359741 5.45146894454956 5.55118751525879 5.67552089691162 5.74581241607666 5.70592737197876 5.49319791793823 5.41111469268799 5.42904138565063 5.52362489700317 5.38443756103516 5.17195844650269 4.95435428619385 4.97452068328857 5.12430191040039 5.09113550186157 5.00647926330566 5.02606248855591 5.03236436843872 5.04192686080933 5.11342716217041 5.07348966598511 5.12833309173584 5.30520820617676 5.60842704772949 5.27607297897339 5.01357269287109
5.63857316970825 5.55818748474121 5.54828119277954 5.54312515258789 5.51613521575928 5.46721887588501 5.43877077102661 5.45317697525024 5.50630187988281 5.50256252288818 5.57655191421509 5.43412494659424 5.3674168586731 5.30330181121826 5.19188547134399 5.17877101898193 5.23381233215332 5.27629137039185 5.32716655731201 5.36793756484985 5.29743766784668 5.45371866226196 5.63057279586792 5.63711452484131 5.600510597229 5.54818725585938 5.46049976348877 5.43328142166138 5.67111444473267 5.43901062011719 5.28850030899048 5.22756242752075 5.52539587020874 5.3050103187561 5.23934364318848 5.17769813537598 5.18562507629395 5.17970848083496 5.19354152679443 5.25987482070923 5.18228101730347 5.23472929000854 5.39740610122681 5.49685430526733 5.34162473678589 5.21968746185303
5.69870853424072 5.66227102279663 5.64809370040894 5.65879154205322 5.65090656280518 5.5562915802002 5.50082302093506 5.56235408782959 5.50834369659424 5.48738527297974 5.4561562538147 5.45517683029175 5.34670829772949 5.32436466217041 5.30482292175293 5.27664566040039 5.23217725753784 5.2823748588562 5.29365634918213 5.39957284927368 5.46188545227051 5.50292682647705 5.61989593505859 5.71856260299683 5.54876041412354 5.46820831298828 5.42632293701172 5.58939599990845 5.8683123588562 5.78550004959106 5.73845815658569 5.70104169845581 5.51235389709473 5.32821893692017 5.39806270599365 5.39084386825562 5.31772947311401 5.33687496185303 5.32887506484985 5.3482084274292 5.24065637588501 5.32154178619385 5.44906234741211 5.51471853256226 5.43748950958252 5.36083316802979
5.69465637207031 5.74468755722046 5.73307323455811 5.74988555908203 5.69263553619385 5.65362501144409 5.71680212020874 5.81715631484985 5.66758346557617 5.61461448669434 5.58085441589355 5.49781274795532 5.44679164886475 5.39918756484985 5.39541673660278 5.42961454391479 5.4124584197998 5.42213535308838 5.4332709312439 5.45413541793823 5.38797903060913 5.51060438156128 5.48121881484985 5.63030195236206 5.51347923278809 5.52879190444946 5.65947914123535 5.86194801330566 6.12328100204468 6.29001045227051 6.19293737411499 5.99755239486694 5.70762491226196 5.47943735122681 5.48696899414063 5.50652074813843 5.46670818328857 5.48284339904785 5.42899990081787 5.4290623664856 5.33387517929077 5.38487482070923 5.49470853805542 5.53384351730347 5.52404165267944 5.4159893989563
5.57253122329712 5.74060440063477 5.88488531112671 5.84526062011719 5.91157293319702 5.95605182647705 5.93642711639404 5.8342809677124 5.79320812225342 5.72181224822998 5.64706230163574 5.53674983978271 5.51802062988281 5.53464603424072 5.40865612030029 5.40490627288818 5.45770835876465 5.4581561088562 5.53703117370605 5.53847932815552 5.47085428237915 5.56196880340576 5.5179271697998 5.66116666793823 5.6130313873291 5.59416675567627 5.73301029205322 5.92185401916504 6.14019775390625 6.52114582061768 6.39029169082642 6.17494773864746 5.92193746566772 5.69063568115234 5.57992696762085 5.56120824813843 5.56526041030884 5.56176042556763 5.59948968887329 5.57121896743774 5.51953125 5.52911472320557 5.49516677856445 5.55492687225342 5.5756459236145 5.53022909164429
6.00429153442383 6.03704166412354 6.11482286453247 6.05223941802979 6.12979173660278 6.17569780349731 6.02291679382324 5.87317705154419 5.75733327865601 5.67228126525879 5.60048961639404 5.57272911071777 5.63028144836426 5.62891674041748 5.57412528991699 5.55671882629395 5.57401037216187 5.68558359146118 5.78743743896484 5.66520833969116 5.66198968887329 5.73503112792969 5.62688541412354 5.74278116226196 5.63670825958252 5.65641641616821 5.65753126144409 5.69913530349731 5.80731248855591 5.98611450195313 5.93912506103516 5.96384382247925 5.78394794464111 5.68438529968262 5.7563853263855 5.74341678619385 5.79590654373169 5.86021852493286 5.87691640853882 5.80539608001709 5.71085405349731 5.65411472320557 5.63411474227905 5.78757286071777 5.73880195617676 5.67908334732056
6.30401039123535 6.30947923660278 6.27874994277954 6.31983327865601 6.2963228225708 6.30906248092651 6.21356248855591 6.02301025390625 6.02228116989136 5.96203136444092 5.84651041030884 5.83374977111816 5.91455221176147 5.71843767166138 5.7455415725708 5.74456262588501 5.67397928237915 5.74332284927368 5.7943959236145 5.76209354400635 5.79163551330566 5.77914571762085 5.66736459732056 5.78123950958252 5.68360424041748 5.62356233596802 5.86875009536743 5.90315628051758 5.97443771362305 6.14291667938232 6.11314582824707 5.9977502822876 5.94145822525024 5.91397905349731 5.92953109741211 5.85831260681152 5.93907308578491 5.98622894287109 5.98046875 5.86252069473267 5.82745838165283 5.7932915687561 5.82083320617676 5.91380214691162 5.80764579772949 5.80376052856445
6.38011455535889 6.40698957443237 6.42068767547607 6.53506231307983 6.45018768310547 6.28858327865601 6.23716688156128 6.18722915649414 6.22118759155273 6.09607267379761 6.03550004959106 5.93679141998291 5.89977073669434 5.95171880722046 5.99056243896484 5.89187479019165 5.81097936630249 5.78913545608521 5.87461471557617 5.90105199813843 5.83930206298828 5.84226036071777 5.77338552474976 5.76894807815552 5.74626064300537 5.89736461639404 5.95227098464966 6.0050835609436 6.06904172897339 6.2480001449585 6.36157274246216 6.19933319091797 6.16064596176147 6.0628228187561 5.94665622711182 5.94185400009155 5.98411464691162 6.10415649414063 6.10506248474121 6.05649995803833 6.04204177856445 5.96731233596802 6.0089898109436 5.97928142547607 5.91892719268799 6.00883340835571
