input_data/_bio_1_i.asc
ncols  319
nrows  163
xllcorner  18.833373083333
yllcorner  40.9999902166667
cellsize 0.1666667
NODATA_value  -9999
[rows 120 to 139 of 163, columns 0 to 45 of 319]
10.1313018798828 9.73006248474121 9.80190658569336 9.53699970245361 9.23328113555908 8.92220783233643 8.69489574432373 8.92455196380615 8.8029899597168 7.9508957862854 7.80207300186157 9.36858367919922 9.86028099060059 9.82160377502441 9.88912487030029 9.76184368133545 9.80977058410645 9.84335422515869 9.78522968292236 9.72162532806396 9.71316719055176 9.79410457611084 9.80112457275391 9.80627059936523 9.81389617919922 9.68578147888184 8.74144840240479 8.90763568878174 8.69239616394043 8.23269748687744 7.46526050567627 6.02086448669434 5.29946899414063 4.16156244277954 2.6791980266571 4.23791646957397 5.26430225372314 5.32276058197021 5.31099987030029 6.32027101516724 7.27358341217041 7.63972902297974 7.88568735122681 8.10073947906494 8.49502086639404 8.74901008605957
8.99419784545898 9.73669815063477 9.67887496948242 9.42335414886475 9.27531242370605 9.02597904205322 8.16174983978271 8.9123649597168 9.48223972320557 9.49936485290527 9.62142753601074 10.0330209732056 10.1390314102173 10.0422601699829 10.0368852615356 9.99727058410645 9.90775012969971 9.87994766235352 9.72507286071777 9.66752052307129 9.72953128814697 9.92923927307129 9.9525203704834 9.94681262969971 9.95560455322266 9.92609405517578 9.57683372497559 8.86491680145264 6.63686466217041 6.89225006103516 8.28413581848145 7.37831258773804 5.48675012588501 3.77810406684875 3.25380206108093 3.02305197715759 3.94163537025452 4.33087491989136 4.60083341598511 5.30784368515015 6.52045822143555 7.42512512207031 7.89427089691162 8.13076019287109 8.4000415802002 8.90713596343994
9.69893741607666 10.4007501602173 10.1703233718872 9.84113502502441 10.1012496948242 9.99477100372314 10.0994272232056 10.2115726470947 10.2863025665283 10.4309892654419 10.5674476623535 10.484375 10.3054580688477 10.2007808685303 10.1978225708008 10.0953330993652 9.89011478424072 9.76206207275391 9.66446876525879 9.61190605163574 9.73026084899902 9.98984336853027 10.1021766662598 10.1119375228882 10.1409788131714 10.0764894485474 9.90040588378906 8.5917501449585 7.30168771743774 5.83851051330566 6.90138530731201 7.27642726898193 7.39433336257935 6.19614553451538 4.57127094268799 3.48846864700317 2.63800001144409 3.4009063243866 4.10735416412354 4.85155200958252 5.46458339691162 6.53177070617676 7.94544792175293 8.25906276702881 8.25584411621094 8.69268798828125
10.0268545150757 11.0655212402344 10.3045520782471 9.85253143310547 10.1995630264282 10.330958366394 10.4583644866943 10.4832601547241 10.5289478302002 10.6436147689819 10.7412710189819 10.63112449646 10.4762601852417 10.3516664505005 10.2837600708008 10.1430940628052 9.92891693115234 9.7628231048584 9.68782329559326 9.73855209350586 9.92765617370605 10.0951976776123 10.2060518264771 10.1657810211182 9.96676063537598 9.45241641998291 9.64059352874756 9.83133316040039 9.56276035308838 8.32271862030029 6.92989587783813 6.10842704772949 5.54063558578491 5.84077072143555 3.56936454772949 3.13155198097229 2.45506238937378 3.34312510490417 4.05016660690308 4.82671880722046 5.98121881484985 6.41051054000854 7.51051044464111 8.17079162597656 8.61311435699463 8.71811485290527
10.8419160842896 11.1041145324707 10.5501565933228 10.0895004272461 10.1200523376465 10.3087396621704 10.4368438720703 10.5762815475464 10.6566877365112 10.6728229522705 10.7181978225708 10.6837396621704 10.5736770629883 10.4324169158936 10.3797082901001 10.2660522460938 10.1065521240234 9.93004131317139 9.90752124786377 10.0237083435059 10.0265102386475 9.94006252288818 9.79641628265381 9.81183338165283 9.77983283996582 9.6797399520874 9.70493698120117 8.92265605926514 8.63961505889893 8.19653129577637 7.95525026321411 7.47391653060913 6.74700021743774 6.7563648223877 5.20131254196167 5.57522916793823 4.9980936050415 4.0845832824707 4.28669786453247 4.31123971939087 4.64118766784668 5.90652084350586 6.57445859909058 7.72236442565918 8.41822910308838 8.58728122711182
10.9113960266113 10.8276147842407 10.5211877822876 10.2784376144409 10.1744899749756 10.3717079162598 10.4699058532715 10.5877504348755 10.6677398681641 10.6581249237061 10.6650314331055 10.6605834960938 10.6113224029541 10.5185518264771 10.3982286453247 10.2964582443237 10.1989583969116 10.115385055542 10.1110210418701 10.0314168930054 9.9037914276123 9.62368774414063 9.68924999237061 9.62947940826416 9.72173976898193 9.55064582824707 9.47026062011719 8.96300029754639 8.67861461639404 8.57654190063477 8.30619812011719 8.37746906280518 8.28225040435791 7.91191673278809 7.32044792175293 6.04365634918213 4.8211145401001 3.97197914123535 3.64245843887329 3.94269800186157 4.1456561088562 5.21856260299683 5.29037523269653 6.46673965454102 7.79083347320557 8.70448970794678
10.7821979522705 10.7776975631714 10.6039161682129 10.3799896240234 10.1647920608521 10.2475099563599 10.400562286377 10.5451040267944 10.5975208282471 10.6256246566772 10.6417188644409 10.607271194458 10.5586357116699 10.5147705078125 10.4244899749756 10.3263540267944 10.2588129043579 10.2164163589478 10.1375417709351 9.80772876739502 9.71090602874756 8.76970863342285 8.34561443328857 8.70515632629395 8.80081272125244 8.83100032806396 9.14543724060059 8.52996921539307 8.24136447906494 8.32147884368896 8.71354198455811 8.14497947692871 8.34530258178711 8.12673950195313 7.62518739700317 5.19738531112671 3.84765625 3.46220827102661 2.61104154586792 3.85576033592224 4.10553121566772 4.30184364318848 6.07219791412354 6.07945823669434 6.89214563369751 8.31482315063477
10.7897710800171 10.7748022079468 10.6573963165283 10.4920835494995 10.4165000915527 10.394510269165 10.3586874008179 10.4688129425049 10.5353851318359 10.5839996337891 10.6155099868774 10.5853643417358 10.5794477462769 10.5195417404175 10.4504375457764 10.3807706832886 10.2955417633057 10.2447185516357 9.89202117919922 9.57731246948242 9.26016712188721 7.93926048278809 7.9489164352417 7.16553115844727 7.6640625 8.41935443878174 8.41131210327148 8.05061435699463 8.01944828033447 8.57725048065186 8.43880176544189 8.42216682434082 8.26293754577637 8.17727088928223 7.74458312988281 7.29060411453247 6.22947931289673 4.91428136825562 4.45767688751221 5.21269798278809 4.3471040725708 4.76670837402344 5.15469789505005 6.38573980331421 7.12931251525879 8.41758346557617
10.7771663665771 10.7945108413696 10.6947393417358 10.5674066543579 10.4572601318359 10.4226875305176 10.4633855819702 10.4807815551758 10.507833480835 10.5550107955933 10.577187538147 10.5621452331543 10.5360727310181 10.5493545532227 10.4739685058594 10.393572807312 10.3617286682129 10.3282604217529 10.2046356201172 10.0782709121704 10.0419683456421 9.38732242584229 5.67712497711182 3.85444784164429 5.77549982070923 6.21678113937378 6.91853141784668 7.87429189682007 7.85851049423218 8.23874950408936 8.44820785522461 8.51680183410645 8.41619777679443 8.26829147338867 8.11543750762939 7.91061449050903 6.99393749237061 4.77745819091797 3.46312499046326 5.1688437461853 4.77294778823853 3.55922913551331 4.51397895812988 4.68206262588501 5.50585412979126 7.56178140640259
10.8959064483643 10.8421459197998 10.7361249923706 10.6371459960938 10.5188646316528 10.4630317687988 10.4583435058594 10.4803018569946 10.508677482605 10.537260055542 10.5524682998657 10.5497398376465 10.5192604064941 10.4616460800171 10.4488019943237 10.4052391052246 10.3736667633057 10.3715734481812 10.2828435897827 9.34011459350586 7.97195816040039 9.63117694854736 7.45977067947388 3.80015635490417 4.17032289505005 3.77473950386047 4.27793741226196 6.61002063751221 7.53877067565918 8.3961877822876 8.71147918701172 8.67570877075195 8.59854125976563 8.48441696166992 8.43101024627686 8.01991653442383 7.27667713165283 6.27705192565918 4.35040616989136 4.07234382629395 4.27978134155273 4.97108316421509 4.19726037979126 4.46234369277954 4.86730194091797 6.49613523483276
10.9259481430054 10.8659896850586 10.6170520782471 10.5937814712524 10.5521249771118 10.5741662979126 10.5080099105835 10.4417705535889 10.4857501983643 10.5895833969116 10.6008129119873 10.5714893341064 10.5314474105835 10.4800100326538 10.4278230667114 10.4077606201172 10.3762187957764 10.3732290267944 10.2377080917358 10.0979270935059 8.93249988555908 8.2715311050415 7.74288558959961 4.78443765640259 6.0602707862854 5.56626033782959 5.56620836257935 6.77531242370605 7.38730192184448 8.73324966430664 8.9182186126709 8.73163509368896 8.71622943878174 8.6507396697998 8.40789604187012 8.09632301330566 7.50675010681152 6.79138565063477 5.74256229400635 5.49120855331421 3.45964574813843 5.17793750762939 4.5739688873291 4.22682285308838 5.48636484146118 7.38102054595947
10.8977499008179 10.6806669235229 10.6549587249756 10.6546249389648 10.6241769790649 10.595645904541 10.6361770629883 10.6105213165283 10.6005620956421 10.7054901123047 10.7026557922363 10.6604900360107 10.5665941238403 10.5026664733887 10.4858436584473 10.4087495803833 10.2405004501343 9.39542675018311 9.49320793151855 9.06954193115234 9.2859058380127 8.94358348846436 9.33041667938232 8.30311489105225 7.51822948455811 6.8478856086731 6.004958152771 6.56711435317993 8.46490669250488 9.31247901916504 9.04414558410645 8.8216667175293 8.71688556671143 8.45690631866455 8.1585521697998 7.86776065826416 7.6002082824707 7.03789615631104 6.71592712402344 6.20320844650269 5.27892684936523 4.2198543548584 5.56264591217041 5.11100006103516 4.51514577865601 6.60771894454956
10.9493227005005 10.8952188491821 10.8471879959106 10.7897920608521 10.8433017730713 10.8689270019531 10.8500518798828 10.7990417480469 10.821364402771 10.9014797210693 10.8783121109009 10.7888441085815 10.6736354827881 10.4908647537231 10.3923120498657 10.2273120880127 10.0450000762939 9.57802104949951 9.4586877822876 9.43659400939941 9.07456207275391 9.1525936126709 8.60268783569336 8.99513530731201 8.59186458587646 7.87716674804688 7.76691675186157 8.2050313949585 9.62783336639404 9.29275035858154 9.13318729400635 8.8061351776123 8.52646827697754 8.15929126739502 7.67779159545898 7.48155212402344 7.10481262207031 6.94008350372314 7.0968542098999 6.61824989318848 6.57846879959106 5.88399982452393 5.25084352493286 6.14362478256226 6.4657187461853 5.86046886444092
10.996000289917 11.0296669006348 10.9590835571289 10.921989440918 10.9325942993164 10.9493017196655 10.9410104751587 10.9958019256592 11.0387811660767 11.1607704162598 11.0947189331055 10.9363021850586 10.8009061813354 10.6332607269287 10.3970727920532 10.1770105361938 9.86705207824707 9.85514545440674 9.84703159332275 9.85581207275391 9.84871864318848 9.56974983215332 9.62731266021729 9.424729347229 9.83735466003418 9.11568737030029 9.69559383392334 9.52842712402344 9.31315612792969 9.25694751739502 8.81302070617676 8.66782283782959 8.15193748474121 8.00522899627686 7.8186354637146 7.5240626335144 7.39376068115234 7.35276031494141 7.25283336639404 6.26797914505005 6.78381252288818 6.20095825195313 6.56233358383179 7.27933311462402 6.23521900177002 4.82330179214478
10.9492082595825 11.1051559448242 11.0826873779297 11.0061664581299 11.0066146850586 11.0296249389648 11.039041519165 11.1334581375122 11.2060413360596 11.2912607192993 11.2716150283813 11.111177444458 10.9584169387817 10.7893648147583 10.6782293319702 10.503999710083 10.4240522384644 10.4436874389648 10.3884582519531 10.0090827941895 8.99023914337158 7.48040628433228 6.67096900939941 8.08320808410645 9.95322895050049 9.87109375 8.38367748260498 6.52639579772949 6.1166353225708 5.5639476776123 6.85483312606812 8.11754131317139 8.51479148864746 8.2937707901001 7.79548978805542 7.39602088928223 7.35161447525024 7.11363554000854 6.84416675567627 6.70692729949951 7.36609363555908 7.22706270217896 6.63958358764648 6.57645845413208 4.78089570999146 3.57912492752075
10.9651355743408 11.0879373550415 11.1323747634888 11.1394271850586 11.1255941390991 11.127968788147 11.1502294540405 11.2207288742065 11.2934894561768 11.3458642959595 11.336989402771 11.2350311279297 11.1079168319702 10.9291667938232 10.7889060974121 10.6796560287476 10.4352083206177 10.1830415725708 10.2399168014526 10.2804269790649 8.53757286071777 7.90332317352295 7.36635398864746 8.33192729949951 9.56606292724609 8.60408306121826 6.21517705917358 3.4986355304718 3.16105198860168 1.978635430336 2.75138521194458 4.06093740463257 6.91864585876465 4.38522911071777 1.92964577674866 0.926552176475525 1.6356874704361 2.96323943138123 4.70641660690308 6.34806251525879 5.42615652084351 5.51907300949097 4.82904195785522 5.34090614318848 5.17476034164429 5.06779146194458
11.1461982727051 11.130729675293 11.1398963928223 11.2024583816528 11.2037601470947 11.1977500915527 11.220739364624 11.2894268035889 11.3303232192993 11.4452390670776 11.3832397460938 11.3257083892822 11.2345418930054 11.1110935211182 10.994312286377 10.8372287750244 10.5352392196655 9.89594745635986 9.7474479675293 9.62939548492432 10.1472911834717 7.43878126144409 4.92663526535034 4.24221897125244 3.6258749961853 5.99954175949097 6.99515628814697 6.3415207862854 2.23639583587646 2.2447395324707 4.74359369277954 5.53298950195313 7.29242706298828 6.28412485122681 4.75456237792969 4.17560434341431 3.23627090454102 4.10913562774658 4.20189571380615 1.96608340740204 3.77154183387756 3.98090624809265 4.42694807052612 5.51763534545898 7.00492715835571 7.66443729400635
11.092583656311 11.094708442688 11.0611562728882 11.0842084884644 11.0839786529541 11.0629892349243 11.1209268569946 11.3297815322876 11.3352708816528 11.464864730835 11.4760627746582 11.3887186050415 11.3693017959595 11.3598442077637 11.3225002288818 11.0806455612183 10.3611145019531 9.5709171295166 8.80727100372314 6.73654174804688 8.28555202484131 6.87331247329712 2.72391653060913 3.57226037979126 4.29729175567627 5.87721872329712 6.06080198287964 7.2320728302002 5.53016662597656 5.3110728263855 4.78577089309692 5.59153127670288 7.76321887969971 8.20090675354004 7.85556268692017 7.58701038360596 7.44011449813843 7.20377063751221 5.5208854675293 5.22783327102661 6.0734167098999 6.45214557647705 7.28148937225342 8.08031272888184 8.59228134155273 8.97610473632813
11.1059684753418 11.2033023834229 11.2313022613525 11.1625623703003 10.930624961853 10.7296457290649 10.8581876754761 11.2505416870117 11.4273958206177 11.5576248168945 11.557656288147 11.3645725250244 11.2649793624878 11.4105730056763 11.4353647232056 10.9025831222534 10.8071146011353 8.96292686462402 7.33036470413208 5.9824481010437 8.22412490844727 6.85094785690308 5.86634397506714 8.22732257843018 9.18081283569336 10.3533229827881 10.9188642501831 10.6502599716187 10.2561559677124 9.67316627502441 9.29120826721191 9.59593772888184 9.90191650390625 9.82537460327148 9.0644588470459 8.90316677093506 8.88408279418945 8.34177112579346 8.23792743682861 8.34305191040039 8.39396858215332 8.60787487030029 9.05839538574219 9.40507316589355 9.56917667388916 9.74327087402344
11.2975940704346 11.291072845459 11.2887811660767 11.3559274673462 11.4192600250244 11.4136352539063 11.5034790039063 11.5812187194824 11.6784267425537 11.7595520019531 11.6903123855591 11.5653848648071 11.2858963012695 11.0167083740234 11.2845935821533 11.2846870422363 10.6493854522705 9.01520824432373 8.06230163574219 8.45479202270508 7.72808313369751 8.49582290649414 8.37035369873047 9.64429187774658 10.77565574646 11.1646356582642 11.3448753356934 10.8558330535889 10.5981979370117 10.2060108184814 10.0297498703003 10.1196041107178 10.5747394561768 9.82438564300537 9.38370800018311 9.61996841430664 9.79543781280518 9.28307247161865 9.21036434173584 9.40737533569336 9.48649978637695 9.51747894287109 9.87012481689453 10.1901664733887 10.310489654541 10.5741872787476
