input_data/_bio_1_i.asc
ncols  319
nrows  163
xllcorner  18.833373083333
yllcorner  40.9999902166667
cellsize 0.1666667
NODATA_value  -9999
[rows 100 to 119 of 163, columns 0 to 45 of 319]
8.30326080322266 8.20292663574219 8.0630521774292 7.97253131866455 7.96522903442383 8.07607269287109 8.07420825958252 7.98907279968262 8.04215621948242 7.97715616226196 7.98265647888184 8.18517684936523 8.24469757080078 8.37459373474121 8.3736457824707 8.20544815063477 8.09071922302246 8.08114624023438 8.10501003265381 7.89442682266235 7.83061456680298 7.82394790649414 7.77474975585938 7.75386476516724 7.71551036834717 7.62659358978271 7.57318735122681 7.5295934677124 7.48209381103516 7.46001052856445 7.39041662216187 7.31135416030884 7.24246883392334 7.19406270980835 7.17559385299683 7.31701040267944 7.40064573287964 7.50870847702026 7.68267726898193 7.78476047515869 7.81555223464966 7.75855207443237 7.72293758392334 7.57344770431519 7.45412492752075 7.43728113174438
8.26576042175293 8.3039379119873 8.28323936462402 8.05318737030029 8.04090595245361 8.04054164886475 8.04790592193604 7.99707317352295 7.89108371734619 7.78158330917358 7.49503135681152 7.71032285690308 8.04962539672852 8.15892696380615 8.24023914337158 8.21771907806396 8.14692687988281 8.14852046966553 8.06037521362305 7.75487518310547 7.66575002670288 7.64758348464966 7.86568737030029 7.74210405349731 7.7201771736145 7.65102052688599 7.52947902679443 7.48833322525024 7.46520853042603 7.43695831298828 7.37055206298828 7.32049989700317 7.27090644836426 7.25330209732056 7.31477069854736 7.43196868896484 7.44084405899048 7.60961484909058 7.74276065826416 7.79208326339722 7.82910442352295 7.77753114700317 7.72298955917358 7.5825834274292 7.53943729400635 7.44536447525024
8.19303131103516 8.13981246948242 8.1187915802002 8.10667705535889 7.954176902771 7.98776054382324 8.01442718505859 7.8590726852417 7.76177072525024 7.62116670608521 7.38684368133545 7.35482311248779 7.64828157424927 7.91537523269653 7.98143720626831 7.99140644073486 8.04571914672852 8.12094783782959 7.95146894454956 7.81482315063477 7.66072940826416 7.65722942352295 7.59857273101807 7.51038551330566 7.57546854019165 7.61662483215332 7.48741674423218 7.40614604949951 7.46037483215332 7.44288539886475 7.41404151916504 7.35928106307983 7.3448543548584 7.38854169845581 7.39283323287964 7.41371870040894 7.47717714309692 7.62184381484985 7.74461460113525 7.83172941207886 7.86407279968262 7.78880214691162 7.69404172897339 7.56168746948242 7.54111433029175 7.40540647506714
8.05137538909912 8.18388557434082 8.13061428070068 8.13044738769531 8.05841636657715 8.08867740631104 8.05627059936523 7.91268730163574 7.80904150009155 7.65426063537598 7.58384370803833 7.28616666793823 7.30332279205322 7.59307289123535 7.76873970031738 7.97673940658569 7.99422931671143 7.98769807815552 7.88277101516724 7.69491672515869 7.55890607833862 7.46624994277954 7.47555208206177 7.4277606010437 7.41113567352295 7.46196889877319 7.39554166793823 7.2295937538147 7.12808322906494 7.27965593338013 7.32250022888184 7.41048955917358 7.45801019668579 7.43473958969116 7.31922912597656 7.37285423278809 7.46487474441528 7.55541658401489 7.69412469863892 7.75090599060059 7.72420835494995 7.66496896743774 7.62351036071777 7.56881237030029 7.49440622329712 7.40563535690308
7.89400005340576 8.05719757080078 7.97729158401489 7.95802068710327 8.06624984741211 8.08340644836426 7.99091672897339 7.95638561248779 7.94500017166138 7.91119813919067 7.76696872711182 7.62232303619385 7.52539587020874 7.43143749237061 7.45470809936523 7.69838523864746 7.88196849822998 7.96405220031738 8.07803153991699 7.84338521957397 7.69564580917358 7.52748966217041 7.38535404205322 7.42360401153564 7.53762483596802 7.51868772506714 7.43097925186157 7.2421875 7.21858310699463 7.28965616226196 7.36014604568481 7.40505218505859 7.4025936126709 7.42259359359741 7.31742715835571 7.26356267929077 7.30042695999146 7.43806266784668 7.64245843887329 7.7310209274292 7.62073945999146 7.67426061630249 7.63385438919067 7.55025005340576 7.4442081451416 7.36482286453247
7.86010408401489 7.78690624237061 7.80164575576782 7.64171886444092 7.75632286071777 7.95786476135254 8.00439548492432 8.02156257629395 8.09268760681152 8.17694759368896 8.02665615081787 7.90334367752075 7.93363523483276 7.96010398864746 7.93523979187012 7.98106241226196 8.1672191619873 8.17657279968262 8.07535457611084 8.08976078033447 7.91688537597656 7.84208345413208 7.70621871948242 7.64059352874756 7.44493722915649 7.21622943878174 7.09165620803833 7.03472900390625 7.13803100585938 7.20181226730347 7.18929147720337 7.31096887588501 7.42010402679443 7.33685398101807 7.27660417556763 7.24114608764648 7.26948976516724 7.36971855163574 7.5365834236145 7.6967396736145 7.68826055526733 7.67421865463257 7.66041660308838 7.46633338928223 7.54645824432373 7.2968955039978
8.10623931884766 7.98790645599365 7.99536466598511 7.75047922134399 7.55953121185303 7.59247922897339 7.84368753433228 7.93970823287964 8.07455253601074 8.15737533569336 8.33544826507568 8.25749969482422 8.21076011657715 8.34402084350586 8.34716606140137 8.35007286071777 8.23076057434082 8.05421924591064 7.99924993515015 7.95684385299683 8.05387496948242 8.01982307434082 7.9221043586731 7.78971862792969 7.66864585876465 7.42485427856445 7.02242708206177 6.86085414886475 6.95844793319702 7.11262512207031 7.20012474060059 7.26917695999146 7.4316668510437 7.32902097702026 7.23359346389771 7.23941659927368 7.23604154586792 7.31961488723755 7.48348951339722 7.58845853805542 7.74477100372314 7.89969778060913 7.59327077865601 7.44219779968262 7.40877103805542 7.38287496566772
8.36864566802979 8.40227127075195 8.38182258605957 8.032301902771 7.60953140258789 7.418541431427 7.85870838165283 8.24013519287109 8.35779190063477 8.45328140258789 8.47177124023438 8.59585380554199 8.62288570404053 8.51785469055176 8.4244270324707 8.3415412902832 8.10267734527588 7.92755222320557 7.86093759536743 7.84168767929077 7.93808317184448 8.08758354187012 8.12026023864746 7.90811443328857 7.71972942352295 7.61731243133545 7.2926664352417 6.81512498855591 6.84804153442383 7.10503101348877 7.26357269287109 7.33755207061768 7.40673971176147 7.3825101852417 7.27142715454102 7.20055198669434 7.17560434341431 7.19630241394043 7.33970832824707 7.60242700576782 7.929114818573 8.08952045440674 7.71414613723755 7.48472929000854 7.45853137969971 7.45778131484985
8.37258338928223 8.52572917938232 8.55310440063477 8.36612510681152 8.20402050018311 8.34292697906494 8.69670867919922 8.72915649414063 8.68585395812988 8.68517684936523 8.67133331298828 8.65838527679443 8.6713752746582 8.35464572906494 8.27089595794678 8.25684356689453 8.06487464904785 7.90511465072632 7.90466642379761 7.98051023483276 8.02661418914795 8.17894840240479 8.26754188537598 8.24347877502441 8.01078128814697 7.76082277297974 7.46303129196167 7.15660429000854 6.76048946380615 7.03049993515015 7.2578125 7.36555194854736 7.36701059341431 7.35645818710327 7.21865653991699 7.15565633773804 7.06412506103516 7.01633358001709 7.16010427474976 7.40941667556763 7.82945823669434 7.8294792175293 7.6197395324707 7.65423965454102 7.51634359359741 7.34417724609375
8.58942699432373 8.56433296203613 8.43096923828125 8.33507251739502 8.23811435699463 8.35713577270508 8.29353141784668 8.33495807647705 8.54419803619385 8.40902042388916 8.40721893310547 8.50782299041748 8.40279197692871 8.12601089477539 8.05960464477539 7.91282272338867 7.65437507629395 7.71804141998291 7.70233345031738 7.67794799804688 7.62591695785522 7.88114595413208 8.07691669464111 8.2762393951416 8.29445838928223 7.99167728424072 7.70054149627686 7.4684271812439 7.1629581451416 6.98396873474121 7.12452077865601 7.38962507247925 7.39846849441528 7.3588228225708 7.33925008773804 7.1978645324707 6.85329151153564 6.55904150009155 6.58797931671143 6.84072923660278 7.26818752288818 7.41623973846436 7.60765647888184 7.62598943710327 7.55597925186157 7.481520652771
7.13659381866455 7.17185401916504 7.35786485671997 6.71504163742065 7.33072900772095 7.1024374961853 7.27738523483276 7.25008344650269 7.37012481689453 7.50144815444946 7.97882270812988 8.09508323669434 8.05793762207031 7.96437501907349 7.99001026153564 8.07489585876465 7.9488959312439 7.75259351730347 7.61792707443237 7.46603107452393 7.68280220031738 7.75775003433228 7.77565622329712 8.14493751525879 8.21388530731201 7.9007396697998 7.70581245422363 7.52779150009155 7.39493751525879 7.30848979949951 7.2829270362854 7.13979148864746 7.31220817565918 7.18109369277954 6.98346900939941 6.59644794464111 6.51453113555908 6.4051251411438 6.50352048873901 6.75186443328857 6.86329174041748 7.07036447525024 7.23866653442383 7.35304164886475 7.36933326721191 7.32576036453247
5.96315622329712 6.15123987197876 5.55995845794678 5.31455230712891 5.12869787216187 6.18293762207031 6.56244802474976 5.96102094650269 5.81531238555908 6.95506238937378 7.99227094650269 7.74393749237061 7.21506261825562 7.30399990081787 7.04663562774658 7.15461492538452 7.40341663360596 7.41536474227905 7.58229160308838 7.69152069091797 7.63860416412354 7.18348979949951 6.98537492752075 7.50488519668579 7.73732280731201 7.60361433029175 7.56466674804688 7.45714569091797 7.44771862030029 7.46442699432373 7.46811437606812 7.0733437538147 7.07336473464966 6.88140630722046 6.91119766235352 6.57151031494141 6.56768751144409 6.50092697143555 6.54864597320557 6.67441654205322 6.89035415649414 7.0242395401001 7.07049989700317 7.28585433959961 7.36842727661133 7.28930234909058
5.87629175186157 5.15708351135254 4.766676902771 5.34696865081787 6.05450010299683 5.87848949432373 5.87308311462402 5.99566650390625 6.18141651153564 6.49993753433228 5.81288576126099 6.50764560699463 6.12353134155273 6.41963529586792 6.67060422897339 6.91046857833862 6.98210430145264 6.7268853187561 6.40276050567627 6.76237487792969 7.1941876411438 7.24796867370605 6.62554168701172 6.387770652771 6.58043766021729 6.96407318115234 7.22146892547607 7.41744804382324 7.51401042938232 7.49095821380615 7.5493540763855 7.50759363174438 7.4386773109436 7.3079686164856 7.13848972320557 6.85818767547607 6.75151014328003 6.60683345794678 6.64116668701172 6.78286457061768 6.91705226898193 7.07130193710327 7.17168760299683 7.21071863174438 7.37129163742065 7.31353139877319
6.08652067184448 4.86241674423218 5.30489587783813 5.58549976348877 4.80402088165283 3.01947927474976 3.02308344841003 2.5321249961853 3.4793438911438 5.86226034164429 5.73909378051758 6.10922908782959 6.44367694854736 6.28456258773804 7.28662490844727 7.80408334732056 7.91478109359741 7.56938552856445 7.14389562606812 6.3989896774292 5.82214593887329 6.09304141998291 6.06061458587646 5.8951563835144 5.98380184173584 5.73850011825562 5.96549987792969 6.35782289505005 7.04468774795532 7.42261457443237 7.48639583587646 7.50046873092651 7.50504159927368 7.39302062988281 7.49920845031738 7.34715604782104 6.92123985290527 6.80365610122681 6.72539615631104 6.88229179382324 6.99596881866455 7.13897895812988 7.26569795608521 7.38654136657715 7.31627082824707 7.40199995040894
6.63859367370605 5.86593770980835 5.33337497711182 5.73760414123535 5.85722923278809 5.17915630340576 4.70218753814697 3.89870834350586 5.50996875762939 6.2502293586731 5.60743761062622 5.95131254196167 6.35303115844727 7.40216684341431 7.79546880722046 7.88319778442383 8.17183303833008 8.16854190826416 7.9444375038147 7.58891677856445 6.8258752822876 5.88590621948242 5.33602094650269 4.94964551925659 5.17923974990845 5.31654167175293 4.76471853256226 5.46287488937378 6.3531665802002 6.85846853256226 7.22278118133545 7.15744781494141 7.32414579391479 7.48520851135254 7.41050004959106 7.55720806121826 7.36678123474121 7.08210420608521 6.87547922134399 6.98719787597656 7.04242706298828 7.27476024627686 7.38625001907349 7.57821893692017 7.59084367752075 7.43160438537598
6.38942718505859 4.40548944473267 4.4969687461853 3.90808343887329 3.57640624046326 4.20811462402344 4.38135433197021 3.80471897125244 4.71285390853882 5.78111457824707 6.68591642379761 6.74551057815552 6.78781270980835 7.22173976898193 8.13984394073486 6.80018758773804 8.14964580535889 8.7648754119873 8.43939590454102 7.4099268913269 7.12892723083496 7.8027811050415 6.88312530517578 5.78682279586792 4.80535411834717 5.11281251907349 4.77477073669434 5.21575021743774 4.69356250762939 5.38341665267944 6.47183322906494 6.90899991989136 7.09612512588501 6.98461484909058 7.24309396743774 7.66339588165283 7.42885398864746 7.43436431884766 7.27582263946533 7.19991683959961 7.24633312225342 7.52042722702026 7.6202917098999 7.65801048278809 7.8121976852417 7.8105731010437
5.5042290687561 6.27909374237061 6.87543773651123 5.78855228424072 5.93732309341431 5.74877071380615 5.20515632629395 6.02788543701172 5.86816692352295 6.86283349990845 5.85552072525024 6.16371870040894 6.73078107833862 7.09961462020874 8.39482307434082 8.27823925018311 7.83318758010864 9.22521877288818 9.27985382080078 9.28106212615967 8.55858325958252 7.5960521697998 7.7082085609436 6.58039569854736 5.9907603263855 6.00892686843872 5.13355207443237 5.07411479949951 4.6520938873291 4.27972936630249 4.3043646812439 5.53996896743774 6.27247905731201 6.8239688873291 7.22581243515015 7.3834376335144 7.41662502288818 7.3588228225708 7.56068754196167 7.42117691040039 7.62669801712036 7.70778131484985 7.90838527679443 7.94428110122681 8.06063556671143 8.08855247497559
7.55507278442383 7.6726770401001 7.51671886444092 6.61035394668579 5.92822933197021 6.4752082824707 7.31357288360596 7.70620822906494 8.32461452484131 7.92647886276245 7.8035831451416 8.00237464904785 8.5697078704834 8.81134414672852 9.01662540435791 8.01551055908203 8.88252067565918 9.42146873474121 9.47855186462402 9.5234375 9.61379146575928 9.00694751739502 8.37438583374023 7.4737811088562 7.45807266235352 6.97939586639404 5.3746771812439 5.83177089691162 4.99645853042603 3.83031249046326 3.24327087402344 3.49771881103516 4.55408334732056 5.6325626373291 6.55655193328857 6.86670827865601 7.13457298278809 7.37094783782959 7.56566667556763 7.68859386444092 7.83818769454956 8.01594829559326 8.18851089477539 8.33517742156982 8.28270816802979 8.40029144287109
7.32084369659424 7.74332284927368 6.66572904586792 7.13402080535889 8.21482276916504 8.64155197143555 8.5912914276123 8.71541690826416 9.01403141021729 8.69573974609375 8.70582294464111 8.95745849609375 8.90334415435791 8.96647930145264 8.78143787384033 8.02261447906494 9.09915637969971 9.41385459899902 9.61494827270508 9.65340614318848 9.63491630554199 9.63310432434082 9.58534336090088 9.39882278442383 8.31708335876465 7.22982263565063 7.85485410690308 6.2614893913269 6.04529142379761 4.42786455154419 3.96610426902771 3.69186449050903 3.83008337020874 3.80944800376892 5.28917694091797 5.77132272720337 6.82940626144409 7.24397945404053 7.66487503051758 7.96440601348877 8.05814552307129 8.26835441589355 8.18348979949951 7.96332311630249 8.24369812011719 8.43813514709473
9.31345844268799 8.69181251525879 8.22863578796387 8.88248920440674 8.93218803405762 8.85068798065186 8.63599967956543 8.97169780731201 9.16026020050049 8.98213577270508 9.09766674041748 9.44198989868164 9.39915657043457 9.43050003051758 9.01909351348877 9.23270797729492 9.7145414352417 9.7697811126709 9.74246883392334 9.75083351135254 9.67326068878174 9.7064790725708 9.6917085647583 9.64131259918213 9.54790592193604 9.32831287384033 8.32520866394043 8.52285385131836 7.26281261444092 6.27669811248779 5.5267915725708 3.68720841407776 3.67681241035461 4.47566652297974 4.11394786834717 4.19307279586792 5.38429164886475 6.40899991989136 7.04063558578491 7.28361463546753 7.56290626525879 7.81655216217041 8.38364601135254 8.55465602874756 8.76096820831299 8.8052396774292
