input_data/_bio_1_i.asc
ncols  319
nrows  163
xllcorner  18.833373083333
yllcorner  40.9999902166667
cellsize 0.1666667
NODATA_value  -9999
[rows 60 to 79 of 163, columns 0 to 45 of 319]
-9999 -9999 -9999 -9999 -9999 -9999 -9999 -9999 -9999 -9999 -9999 -9999 -9999 -9999 -9999 -9999 -9999 -9999 -9999 7.14779615402222 7.06927919387817 6.80972242355347 6.78229188919067 -9999 -9999 -9999 -9999 -9999 -9999 -9999 6.26708316802979 6.30541658401489 -9999 5.63369798660278 5.4590311050415 5.09809398651123 4.81744813919067 4.59408330917358 4.6796875 4.95356225967407 5.05772924423218 5.13197898864746 5.35413551330566 5.47338533401489 5.20611429214478 5.16286468505859
6.71187877655029 6.83553552627563 6.92869901657104 6.87604188919067 -9999 -9999 -9999 -9999 -9999 -9999 -9999 -9999 -9999 -9999 -9999 -9999 -9999 -9999 7.41488075256348 7.31572866439819 7.26442289352417 -9999 -9999 -9999 -9999 -9999 -9999 -9999 -9999 -9999 -9999 -9999 -9999 5.62257051467896 5.30953121185303 5.01635408401489 4.70591640472412 4.42571878433228 4.518958568573 5.03028154373169 5.12994813919067 5.18642711639404 5.30983352661133 5.37184381484985 5.36758327484131 5.32294797897339
6.8011646270752 6.89462375640869 -9999 -9999 -9999 -9999 -9999 -9999 -9999 -9999 -9999 -9999 -9999 -9999 -9999 -9999 -9999 -9999 -9999 -9999 6.75750017166138 6.56436681747437 6.42629194259644 -9999 -9999 -9999 6.71554517745972 -9999 -9999 -9999 -9999 -9999 -9999 5.62670040130615 5.28644800186157 4.98789596557617 4.73307275772095 4.64976024627686 4.85157299041748 5.06563568115234 5.22507286071777 5.38655233383179 5.37346887588501 5.44707298278809 5.4782395362854 5.49817705154419
-9999 -9999 -9999 -9999 -9999 -9999 -9999 -9999 -9999 -9999 -9999 -9999 -9999 -9999 -9999 -9999 6.90833330154419 7.01007318496704 7.05375003814697 6.96396255493164 6.59150743484497 6.30136442184448 6.34419012069702 6.37113523483276 -9999 -9999 -9999 -9999 -9999 -9999 -9999 -9999 -9999 5.6039891242981 5.32212495803833 5.04874992370605 4.84998941421509 4.89238548278809 5.06944799423218 5.24286460876465 5.30984354019165 5.37787485122681 5.41536474227905 5.44051027297974 5.50918769836426 5.57458353042603
7.03423595428467 -9999 -9999 -9999 -9999 -9999 -9999 -9999 -9999 -9999 -9999 -9999 -9999 -9999 -9999 6.83125019073486 6.97829151153564 6.85811471939087 6.81846904754639 6.68593740463257 6.46322917938232 6.24917697906494 6.25336456298828 6.26479148864746 6.30949783325195 6.35357904434204 -9999 -9999 -9999 -9999 -9999 -9999 -9999 5.65841484069824 5.46113538742065 5.24238538742065 5.14877080917358 5.18337488174438 5.36905193328857 5.4355206489563 5.29635429382324 5.08916664123535 5.11707305908203 5.2256875038147 5.43565607070923 5.58644771575928
-9999 -9999 -9999 -9999 -9999 -9999 -9999 -9999 -9999 -9999 -9999 -9999 -9999 -9999 -9999 6.76221179962158 6.82390642166138 6.75297927856445 6.57683324813843 6.52539587020874 6.44079160690308 6.30068778991699 6.10457277297974 6.07273960113525 6.24470853805542 6.35813045501709 6.38626909255981 -9999 -9999 -9999 -9999 -9999 6.06296253204346 5.85291337966919 5.60951042175293 5.4324893951416 5.36442708969116 5.38643741607666 5.30367708206177 5.10464572906494 4.77717733383179 4.6560001373291 4.69255208969116 4.92945861816406 5.26529169082642 5.55372905731201
-9999 -9999 -9999 -9999 -9999 -9999 -9999 -9999 -9999 -9999 -9999 -9999 -9999 -9999 -9999 6.66582202911377 6.64181232452393 6.55409383773804 6.45099973678589 6.41719770431519 6.33874988555908 6.18176031112671 6.07016658782959 6.06029176712036 6.17514610290527 6.23566675186157 6.39206504821777 6.57459688186646 6.66499996185303 -9999 6.39764499664307 6.42627286911011 6.13974618911743 5.99737501144409 5.76431226730347 5.57659387588501 5.35277080535889 5.25648975372314 4.98710441589355 4.86245822906494 4.74371862411499 4.66393756866455 4.53559350967407 4.82370805740356 5.2402081489563 5.5203332901001
-9999 -9999 -9999 -9999 -9999 -9999 -9999 -9999 -9999 -9999 -9999 -9999 -9999 6.66569137573242 6.64933013916016 6.59185791015625 6.51597929000854 6.24444770812988 6.23822927474976 6.39138555526733 6.3532395362854 6.16752099990845 6.14690637588501 6.11315631866455 6.20095825195313 6.2552604675293 6.43586444854736 6.57052087783813 6.59303522109985 6.51393127441406 6.42026710510254 6.5487813949585 6.35708332061768 6.07828140258789 5.86856269836426 5.69759368896484 5.55727100372314 5.46799993515015 5.36829137802124 5.18919801712036 5.00857305526733 4.86787509918213 4.73744773864746 4.84478139877319 5.18208312988281 5.66504192352295
-9999 -9999 -9999 -9999 -9999 -9999 -9999 -9999 -9999 -9999 -9999 -9999 -9999 6.66092538833618 6.5951771736145 6.52458333969116 6.3964581489563 6.20526027679443 6.26747894287109 6.44526052474976 6.29270839691162 6.12677097320557 6.07102060317993 6.0688853263855 6.18242692947388 6.37792730331421 6.55697917938232 6.72387504577637 6.65672922134399 6.5466251373291 6.43597936630249 6.31252098083496 6.21004152297974 6.06412506103516 5.99430179595947 5.88585424423218 5.78206253051758 5.71080207824707 5.7033748626709 5.60118770599365 5.46203136444092 5.29005193710327 5.28036451339722 5.41592693328857 5.55812501907349 5.70031261444092
-9999 -9999 -9999 -9999 -9999 -9999 -9999 -9999 -9999 -9999 -9999 -9999 7.39895820617676 6.70486688613892 6.58296871185303 6.47558355331421 6.21203136444092 6.03013515472412 6.22539567947388 6.35826015472412 6.2195520401001 6.11562490463257 6.03840637207031 6.1068229675293 6.24455213546753 6.43009376525879 6.68131256103516 6.81893730163574 6.73626041412354 6.65553092956543 6.5130934715271 6.39095830917358 6.28025007247925 6.16659355163574 6.04011487960815 5.93765640258789 6.00474977493286 5.99681234359741 5.90804195404053 5.80240631103516 5.75863552093506 5.76902103424072 5.74213552474976 5.68484354019165 5.68435430526733 5.72245836257935
-9999 -9999 -9999 -9999 -9999 -9999 -9999 -9999 -9999 -9999 -9999 -9999 6.82410717010498 6.82588529586792 6.66457271575928 6.4852499961853 6.34343767166138 6.06028127670288 6.0694375038147 6.28073930740356 6.30824995040894 6.2457914352417 6.22587490081787 6.26829195022583 6.37388563156128 6.51340627670288 6.72599983215332 6.82984399795532 6.80111455917358 6.67591667175293 6.54435396194458 6.44063520431519 6.38457298278809 6.40187501907349 6.22729158401489 6.10524988174438 6.09634351730347 6.03608322143555 5.97587490081787 5.90411472320557 5.82945823669434 5.87976026535034 5.88165616989136 5.84769773483276 5.82662487030029 5.7374062538147
-9999 -9999 -9999 -9999 -9999 -9999 -9999 -9999 -9999 -9999 -9999 -9999 6.89078283309937 6.95961380004883 6.75803136825562 6.57338523864746 6.53253126144409 6.43867683410645 6.23209381103516 6.21369791030884 6.25773954391479 6.29869794845581 6.31297922134399 6.35855197906494 6.43360424041748 6.46626043319702 6.55671882629395 6.69449996948242 6.74201059341431 6.70100021362305 6.64114570617676 6.56934356689453 6.56475019454956 6.55456256866455 6.38642692565918 6.26747894287109 6.17510414123535 6.08663558959961 6.02884387969971 5.99288558959961 5.9207501411438 5.87705183029175 5.81491661071777 5.85656261444092 5.84091663360596 5.74667739868164
-9999 -9999 -9999 -9999 -9999 -9999 -9999 -9999 -9999 -9999 -9999 -9999 -9999 7.07111310958862 6.83576059341431 6.64845848083496 6.49942684173584 6.17505216598511 5.98112487792969 6.0047812461853 5.98661470413208 6.03742694854736 6.14855194091797 6.18458318710327 6.25073957443237 6.28762483596802 6.3635106086731 6.47936487197876 6.56557273864746 6.58812475204468 6.6333646774292 6.63327074050903 6.63382291793823 6.61237478256226 6.45103120803833 6.33222913742065 6.22475004196167 6.17061471939087 6.12019777297974 6.09335422515869 6.00922918319702 5.90504169464111 5.83596897125244 5.7906665802002 5.8535623550415 5.8035101890564
-9999 -9999 -9999 -9999 -9999 -9999 -9999 -9999 -9999 -9999 -9999 -9999 -9999 7.18186855316162 7.04894781112671 6.75219774246216 6.51929140090942 6.29396867752075 6.14170837402344 5.95562505722046 5.895583152771 5.95426034927368 6.01228141784668 6.06318759918213 6.1378960609436 6.16672945022583 6.25209379196167 6.32109355926514 6.41623973846436 6.48238515853882 6.60083341598511 6.6344165802002 6.68778133392334 6.63708353042603 6.43509387969971 6.34950017929077 6.23809385299683 6.20016670227051 6.16187524795532 6.13276052474976 6.04616689682007 5.98838567733765 5.87819766998291 5.73961448669434 5.74865627288818 5.82370853424072
-9999 -9999 -9999 -9999 -9999 -9999 -9999 -9999 -9999 -9999 -9999 -9999 -9999 7.39920949935913 7.22496891021729 6.93745851516724 6.56192684173584 6.35918760299683 6.32983350753784 6.18667697906494 5.9662184715271 5.91197919845581 5.89103126525879 6.04332304000854 5.99916648864746 5.9980731010437 6.04272937774658 6.14027070999146 6.23577070236206 6.37483310699463 6.53132295608521 6.63017702102661 6.71968746185303 6.70696878433228 6.42091655731201 6.27522897720337 6.18126058578491 6.14576053619385 6.16046857833862 6.18467712402344 6.08891677856445 6.17269802093506 5.96588516235352 5.8015832901001 5.72371864318848 5.68183326721191
-9999 -9999 -9999 -9999 -9999 -9999 -9999 -9999 -9999 -9999 -9999 -9999 -9999 7.51363086700439 7.3080530166626 7.14893770217896 6.83339595794678 6.56028127670288 6.3982081413269 6.34440612792969 6.18970823287964 6.00208330154419 5.95363521575928 5.86474990844727 5.86363554000854 5.92950010299683 5.90113544464111 6.00741672515869 6.17094802856445 6.33367681503296 6.48201036453247 6.61919784545898 6.60844802856445 6.53105211257935 6.3490834236145 6.20033311843872 6.12106227874756 6.13958311080933 6.0828332901001 6.12541675567627 6.22637510299683 5.96904182434082 5.86950016021729 5.77622890472412 5.6925311088562 5.65292692184448
-9999 -9999 -9999 -9999 -9999 -9999 -9999 -9999 -9999 -9999 -9999 -9999 -9999 7.44124507904053 7.32798671722412 7.27468729019165 7.0267186164856 6.77267694473267 6.6109790802002 6.60946846008301 6.49729156494141 6.31979179382324 6.23341655731201 6.1691460609436 6.04784345626831 5.93331241607666 5.96232271194458 6.07596874237061 6.22666692733765 6.37853097915649 6.53638553619385 6.6068229675293 6.51828145980835 6.37053155899048 6.21645832061768 6.12366676330566 6.0853123664856 6.01233339309692 6.00369787216187 5.98793745040894 6.06453132629395 5.90539598464966 5.89130210876465 5.88886451721191 5.68584394454956 5.68847894668579
-9999 -9999 -9999 -9999 -9999 -9999 -9999 -9999 -9999 -9999 -9999 7.67916679382324 7.60745334625244 7.46041679382324 7.29468011856079 7.26567697525024 7.1521143913269 7.02660417556763 6.97937488555908 6.89080190658569 6.87135410308838 6.74322938919067 6.62094783782959 6.48069763183594 6.31874990463257 6.2078857421875 6.1414270401001 6.24541664123535 6.35972929000854 6.51180219650269 6.6370415687561 6.57966661453247 6.43465614318848 6.2541356086731 6.13286447525024 6.06780195236206 5.95164585113525 5.92220830917358 5.9425106048584 6.03251075744629 6.07741641998291 6.03110408782959 5.9846248626709 5.90087509155273 5.59048938751221 5.6308126449585
-9999 -9999 -9999 -9999 -9999 -9999 -9999 -9999 -9999 -9999 7.83257579803467 7.63229179382324 7.65952396392822 -9999 7.28429698944092 7.20632314682007 7.15406274795532 7.11432313919067 7.10137510299683 7.02943754196167 6.99457263946533 6.85011434555054 6.78760433197021 6.70065641403198 6.5700626373291 6.43479156494141 6.41937494277954 6.45076036453247 6.47265625 6.56941652297974 6.5678539276123 6.49706268310547 6.42594766616821 6.31029176712036 6.12092685699463 5.89776039123535 5.91870832443237 5.91021871566772 5.90885400772095 5.90012502670288 6.03255224227905 6.06109380722046 5.99567699432373 5.75791692733765 5.54711437225342 5.54943752288818
-9999 -9999 -9999 -9999 -9999 -9999 7.84129524230957 7.70255708694458 7.62349033355713 7.61450004577637 7.5757942199707 7.55663633346558 7.41234588623047 7.37108755111694 7.32039070129395 7.26828098297119 7.18509387969971 7.0475001335144 6.96560382843018 7.01354169845581 7.01764583587646 6.94442701339722 6.86588525772095 6.77345848083496 6.72542715072632 6.61520862579346 6.56965637207031 6.5016040802002 6.53654146194458 6.59789609909058 6.80437517166138 6.62182283401489 6.37270832061768 6.22986459732056 6.11234378814697 6.06288528442383 6.04042673110962 5.98112487792969 5.94789600372314 5.97126054763794 6.03304147720337 6.07676029205322 5.96449995040894 5.87080192565918 5.78760385513306 5.59968757629395
