input_data/future_climate/BCC_CSM2_126/_bio19_a.asc
ncols  331
nrows  193
xllcorner  17.833372883333
yllcorner  37.9999896166667
cellsize 0.1666667
NODATA_value  -9999
[rows 155 to 185 of 193, columns 138 to 206 of 331]
167.8125 134.8125 108.625 94.75 86 76.3125 77.125 79.5 72.0625 74.25 78.625 81.4375 77.3125 71.0625 68.3125 70.5 71.5 71.875 71.375 70.875 71.5625 71.875 71.3125 70.75 68.5 65 61.875 58.875 56.3125 54.25 53.3125 53.4375 53.0625 52.125 50.5 49.8125 48.875 47.875 47 46.1875 45.0625 44.625 43.6875 42.9375 41.6875 39.9375 38.5 37.4375 36.3125 35.3125 34.125 33 32.25 31.5 30.1875 28.3125 26.8125 25.9375 25.75 25 25.5 25.25 25.5625 25.5625 25.3125 24.75 25 25.1875 25.8125
181.5625 148.625 115.9375 93.0625 77.1875 71.875 74.3125 71.6875 67.25 69.6875 68.9375 71.5 71.6875 70.875 70.375 71.25 71.8125 71.8125 72.3125 72.1875 72.25 72.1875 72.0625 71.875 70 66.8125 64.375 61.9375 59.5625 58.5 57.8125 57.75 57.875 56.125 55.0625 54.375 53.25 52.0625 50.9375 48.3125 48.0625 47.25 46.25 44.75 43.9375 42 40.6875 38.6875 37.625 36.875 35.625 34 33.5625 32.625 31.0625 29.625 28.5625 27 25.5625 25.25 25.75 26 26 25.875 25.6875 25.9375 25.875 26 25.9375
204.75 165.375 133 107.4375 81.5625 78.5 81.75 82.375 75.25 68.625 66.75 65.75 65.25 71.3125 73.4375 72.75 72.9375 73.625 74 73.9375 75.1875 75.375 74.75 73.4375 72.1875 69.5625 67.375 65.3125 63.9375 63 62.6875 62.4375 61.5 61 59.6875 58.625 57.6875 56.3125 55.1875 53.8125 49.9375 48.875 47.3125 45.625 44.5625 43.4375 42.5 40.9375 39.3125 38.25 37.1875 35.875 34.9375 33.8125 32.5625 30.9375 29.9375 29.3125 28.4375 27.375 26.3125 26 26 25.875 26.9375 26.4375 26 26 26.0625
247.5 223.375 187.4375 142.6875 116 108.0625 102.25 110.875 110.3125 92.6875 74 72.75 77.75 79.8125 79.875 77.625 76.1875 77.375 78.6875 78.5625 78.875 78.6875 78.125 76.8125 75.3125 72.625 70.3125 68.6875 67.4375 66.75 67.1875 67.5 67.5 67.4375 66.375 64.75 63.375 62.125 60.6875 59.5625 57.1875 51.8125 50.3125 48.1875 46.5625 45.1875 44.0625 43.375 42.0625 39.9375 38.625 37.1875 36.625 35.125 34.1875 31.9375 31 30.5 29.5 28.625 27.5 26.4375 26.8125 26.9375 26.6875 26.4375 26.3125 26.1875 25.75
282.25 278.8125 257.625 241.375 226.9375 201.375 170.125 148.4375 137.8125 128.1875 105.4375 111.3125 99.6875 97.5 95.3125 88.1875 79.75 81 82.875 82.25 80.3125 79.9375 79.0625 77.0625 75.875 73.4375 72.0625 71 70.125 70.5625 72.5 73.625 74.5 74.5 73.5 71.5625 69.1875 67 65.375 64 57.125 55.375 53.6875 52 49.875 47.75 46.3125 44.9375 44.125 43.1875 41.5 39.75 37.75 36.6875 35.125 34.1875 32.875 31.3125 30.875 29.9375 28.8125 28.25 27.5 27.625 27.875 27.375 27 28.0625 27.625
318.3125 305.5 294.6875 287.6875 275.875 254.6875 248.5 218.4375 185.6875 195.6875 174.125 164.625 138.5625 132.375 130.125 113.875 97.6875 89 87.8125 87.9375 86.0625 83.1875 81.625 80.375 78.125 75.625 72.625 70.875 69.625 71.0625 74.0625 78.375 79.875 79.75 79.125 76.75 73.875 71.6875 70.1875 68.25 60.5625 58.4375 56.9375 54.6875 53 50.8125 48.9375 47.375 45.8125 44.6875 43.375 42.125 40.375 38 36.8125 35.375 34.6875 33.5 31.9375 31 30.25 28.75 28.1875 28 28 26.8125 27.0625 27.875 28
364.25 341.875 332.5 326.875 310.875 308.0625 287.625 262.5 244.8125 217.875 200.3125 187.25 194.5625 183.375 179.625 159.1875 128.4375 113.625 103.625 97.5625 95 91.75 88.1875 85 81.625 78.75 76.125 74.125 72.0625 72.5 75.9375 77.3125 75.1875 76.375 78.625 77.875 76.4375 75 73.375 73.0625 64.625 61.75 59.5625 57.5 56 53.875 51.9375 50 47.9375 46.3125 45.1875 44.3125 42.4375 40.8125 38.75 36.8125 35.75 34.5 33.625 32.0625 31.0625 30.6875 29.625 28.875 28.25 28.3125 27.6875 27.8125 28
419.666687011719 399.25 375.625 364.625 360.125 349.625 336.125 310.125 282.25 260.9375 242.4375 230.0625 224.375 207.125 199.4375 198.8125 191.625 160.8125 132 112.125 104.0625 98.625 93.625 90.0625 87.3125 81.5625 76.1875 73.4375 71.125 68.375 65.0625 57.4375 55.1875 55.0625 53 57.3125 63.4375 67.5625 73.8125 76.125 68.625 66 63.625 61.6875 58.9375 57.0625 55.125 52.4375 49.9375 48.1875 47 45.75 44.375 42.4375 41 39.625 38 36.3125 35.0625 33.75 33.25 31.5 31.375 30 29.125 28.8125 28.25 28.1875 28.0625
442 432.727264404297 414 396.125 391.3125 394.6875 372.875 354 325.4375 293.3125 274.4375 263.125 258.875 245.25 236.5 212.625 211.6875 203.8125 196.5625 163.1875 149.125 135.625 118.3125 116.1875 107 104.875 98.9375 83.375 66.625 60.6875 56.25 51.125 48.5625 46.625 49 46.6875 54.1875 62.5625 65.8125 66.8125 70.6875 68.75 66.8125 64.875 62.5 60.8125 58.625 55.6875 52.625 50.25 48.8125 48.0625 45.875 44.1875 42.6875 41.125 40.0625 39 37.5 36.75 34.6875 33.9375 33 32.0625 31 29.5625 29.0625 28.1875 28
-9999 440 420 393 387.0625 415.0625 426.3125 420.625 366.8125 338.875 318.5 317.0625 294.8125 282.375 271.625 258.75 242.625 219 211.375 202.6875 197.3125 187.5 172.125 160.9375 144.75 144.1875 120.125 96.4375 75.5625 70.75 63.375 64.3125 54.375 52.75 46.4375 48.875 46.6875 50.5 56.8125 62.8125 72.875 71.125 69.1875 67.75 65.875 63.9375 61.5 58.8125 56.25 53.125 50.6875 49.5625 47.75 46 44.375 43.3125 41.6875 40.25 39.125 38 37.25 35.1875 34.6875 33.875 32.75 32.4375 31.0625 30.0625 30.1875
-9999 -9999 -9999 396 406.125 415.875 447.1875 464.75 454.5625 412.1875 372.3125 395.125 367.1875 328.0625 304.0625 283.4375 265.3125 239.8125 226.0625 220.8125 217.25 217.25 209.75 198.3125 174.0625 164 164.1875 127.0625 139.125 92.375 84.4375 62.25 57.125 55.8125 54.5 52.5 49 48.3125 47.875 49.875 61.625 72.875 72.875 70.9375 69.625 67.0625 64.5 61.375 58.5 55.375 53.375 52.25 50.125 47.75 46.1875 44.875 43.1875 42.0625 40.75 39.5 38.0625 36.9375 35.4375 35 33.875 33.0625 32.6875 31.6875 30.6875
-9999 -9999 -9999 -9999 437.583343505859 441.1875 462.3125 468.6875 474.1875 467.625 462.5625 463.125 414.1875 333.875 321.5625 299.25 278.6875 257.8125 227.5 219.75 222.5 213.5625 193.125 173.1875 155.1875 158.625 150.125 132.5 110.3125 105.75 86.5 75.4375 115.0625 66.3125 51.75 54.5 48.9375 49.625 49.125 48.375 52.1875 69.5625 75.75 74.5625 73.5625 71.0625 68.25 64.3125 61.25 58.25 55.75 54.375 52.4375 50.25 49.25 47.5625 45.6875 43.5625 42.25 41 39.3125 38.0625 37.375 36.375 35.6875 34.3125 33.3125 33 31.125
-9999 -9999 -9999 -9999 464.399993896484 467 483.25 495.1875 484.25 473.25 468.0625 472.6875 454.0625 396.5625 343.6875 309.6875 294.0625 250 202.3125 175.875 178.0625 164.6875 160.3125 141.0625 137.1875 130.625 113.8125 116.0625 117.25 101.75 85.625 122.9375 114.25 70.0625 104.75 61.75 54.0625 52.5625 50.6875 50 48.9375 70.6875 77.375 77.625 75.9375 74.5625 71.625 68.3125 64.125 60.6875 57.8125 56.5625 54.3125 52.4375 50.75 49.125 47.1875 46.25 44.5625 43.375 42.125 40.375 38.625 37.5625 36.5625 35.8125 34.8125 33.6875 32.6875
-9999 -9999 -9999 -9999 481 510.071411132813 538.3125 538.9375 518.3125 490.375 469.0625 438.3125 401.8125 371.8125 317.875 298.25 264.375 194.5 157 129 122.6875 119.125 114.125 100.625 113.375 102.9375 98.125 94.9375 92 91.3125 89.875 80.625 76.9375 71.375 111.1875 103.8125 98 58.625 55.8125 51.625 48.625 52.375 76.4375 78.5625 79 77.6875 73.6875 70.6875 66.5 63.375 60.5 58.4375 56.375 54.375 52.875 51.4375 48.9375 47.625 46.375 45.25 44.125 42.375 41.0625 40.0625 37.9375 36.5 35.8125 34.9375 34.125
-9999 -9999 -9999 -9999 -9999 592.625 596.4375 560.9375 475.625 406.8125 322.375 269.0625 239.0625 227.125 230.8125 233.9375 215.0625 193.25 164.4375 131.5 106.5625 94.3125 86.625 87.9375 99.625 100.8125 94.625 91.9375 93 96.1875 92.9375 87.3125 82 77.5 72.3125 111.875 110.125 106.8125 97.25 56.375 52.4375 78.0625 51.9375 77.125 82.25 80.75 75.5 71.875 68.75 65.875 63.25 60.9375 58.4375 57 54.75 53 51 49.4375 48 46.8125 45.625 44.375 43.1875 41.25 40.5625 39.625 38.375 37.125 35.5
-9999 -9999 -9999 -9999 -9999 636.75 528.4375 417.1875 372.8125 339.125 273 217.8125 172.3125 151.8125 164.8125 181.3125 184.8125 173.625 163.25 139.5 118.5 111.25 94.6875 79.375 80.4375 84.625 87.8125 87.8125 83.3125 90.1875 100.375 102.3125 101.9375 92.25 77.4375 102.5625 101.5 98.125 97.8125 102.125 54.875 52.875 50 65.25 79.25 82.75 79.0625 73.875 70.125 67.9375 66 63.5625 61.5 59.375 57.3125 56.0625 54 52.3125 51.125 49.875 47.375 46.1875 44.625 43.5 42.375 41.1875 39.8125 38.375 37.625
-9999 -9999 -9999 -9999 603.333374023438 536.625 445.0625 388.4375 357.75 274.625 250.3125 154.625 134 108.1875 115.25 146.3125 153.5625 181.3125 125.5625 99.25 97.4375 88.875 80.125 73.5625 69.125 71.6875 76.0625 74.875 80.125 82.5625 86.375 96.625 98.75 101 105.5 90.6875 100.125 99.1875 95.6875 58.3125 88.9375 52.8125 50.375 59.25 72.3125 88.5625 84.0625 76.8125 71.5 69.75 68.0625 66 63.625 61.125 59.3125 57.1875 55.9375 54.3125 53 52 50.375 48.875 47.6875 44.9375 43.875 42.5 41.5625 40.25 38.4375
-9999 -9999 445.5 514.299987792969 445.1875 404.6875 314.1875 272.5 252.9375 223.75 217.375 172.3125 176.9375 174.125 101.125 88.125 131.375 149.8125 152.75 84.3125 74.4375 71.1875 67.8125 65.3125 65.1875 66.4375 66.625 66.0625 70.8125 77.1875 80.875 81.5625 87.5 91.1875 94.3125 95.9375 87.25 102.625 106.25 99.875 55.25 53.0625 55.5625 58.0625 61.1875 77.6875 94.375 83.25 75.75 72.1875 70.25 68.6875 65.9375 63 60.6875 58.9375 57.75 55.625 54.3125 53.1875 51.5 49.6875 48.6875 47.125 45.6875 44.6875 42.4375 41 39.875
436 495.333343505859 430.25 306 297.6875 313.9375 253.9375 234.875 202 163.5 177.1875 133.375 109.5 102.5 86.1875 120.0625 104.125 118.5 154.6875 100.1875 70.6875 73.1875 69.125 64.125 61.125 61.25 62.5 63.4375 64.8125 68.0625 73.1875 76.0625 77.875 80.5625 83.375 84.6875 86.3125 85.8125 107.1875 103.25 102.375 104.375 105.125 97.5625 92.75 68.0625 103.25 98.1875 84.25 76.125 71.9375 70.1875 68.125 65.6875 62.5 60.3125 58.625 57.9375 56.1875 54.8125 53.1875 51.125 49.4375 48.5 47.1875 46.25 44.625 42.9375 41.375
391.625 315.6875 216.125 206.3125 200.75 215.1875 207.875 185.75 170 154.6875 103.5 90.9375 87.125 106.6875 84.25 146.25 116.0625 98.5 123.125 100.25 69.4375 75.8125 76.375 68.9375 66.9375 61.6875 58 57.875 60.3125 63.5625 65.125 66.125 66.625 67.4375 69 72 76.625 82 89.3125 89.75 88.1875 76.0625 104.5 101.5 98.375 63.6875 71.9375 107.375 101.625 85.8125 74.625 71.75 69.8125 67.75 64.4375 62.875 61.375 59.5 58.875 57.6875 56.1875 53.6875 51.625 50 49.1875 47.5625 46.0625 44.625 43.5
194.875 181.1875 186.875 170.75 166.75 170 150 139.875 137.875 117.125 97.125 89.75 86.6875 125.9375 78.625 91.125 84.25 76.0625 83.25 94.875 86.5625 75.375 64.25 69.4375 74.0625 65.9375 63.8125 60.6875 57.9375 58.875 58.5625 57.5 56.25 55.75 57.1875 59.8125 63.3125 68.1875 77.625 90.125 104.125 110.5 105.875 88.5625 107.0625 68.1875 106.1875 110.75 110.8125 102.5 84.6875 73.125 70.125 68.625 67.1875 64.1875 62.9375 61.6875 60.6875 59.6875 58 56.5 55.1875 53.75 51.25 50 48.0625 46.1875 44.6875
182.375 176.125 157.4375 154.6875 141.5 130.4375 110.3125 98.1875 87.375 98.8125 94.3125 104.5 96.8125 64 55.375 56.0625 57.25 59.5625 63.125 76.5 78.25 83.375 84.0625 80.4375 70.3125 63.875 99.875 65.9375 65.3125 68.5625 66.875 57.1875 49.5625 45.1875 48.6875 52.375 55.1875 58.8125 64.5 76.8125 89.3125 99.8125 106.9375 106.4375 99.9375 94.25 94.4375 93.9375 92.9375 112.0625 97.1875 77.625 69.8125 67.9375 67.3125 66.5 65.4375 64.3125 63.375 62.5625 61.1875 59.625 57.9375 56.25 54.0625 52.5 50.125 47.875 46.25
146.6875 119.9375 125 123.875 106.0625 109 90.1875 80.375 74.625 95.25 108.25 83.125 67.25 58.125 68.0625 66 55.5 59.3125 67.5625 96.5 98.0625 77.3125 82.4375 73.75 70.25 87.9375 94.6875 71.875 67.1875 71.875 70.375 70.0625 58.4375 52.5 48.125 48.3125 50.625 52.75 58.25 66.375 74.1875 81.125 86.5 90.1875 94.5 99.875 112.3125 108.25 101.875 90.9375 95.3125 82.6875 73 70.4375 69.375 68.625 67.75 67.125 66.6875 66.0625 64.4375 63 60.875 59.125 57.25 55.5625 53.6875 50.375 48.375
114 132.4375 140.25 98.375 100.875 100.125 79.875 95.6875 91.25 103.75 86.8125 68.9375 64.75 72.0625 84.5 71.1875 55.625 57.625 66.0625 94.75 85.625 65.0625 64 66.75 77.25 82.625 81 86.8125 100.8125 75.9375 73.6875 75.5625 74.375 72.8125 66.4375 54.25 50.125 52.3125 58 63.5 68.5625 72.5625 75.3125 77.625 80.5625 83.0625 87.8125 98.875 97.1875 89.5625 93.5625 84.9375 78.125 75.75 74.1875 73.25 73.3125 70.9375 70.3125 69.625 68.0625 66.375 64.5 63.25 60.5 58.3125 56.1875 53.1875 50.625
122.8125 122 145.25 107.8125 104.125 100.75 88.5625 100.5 83.375 94.875 84.1875 88.9375 78.6875 73 79.1875 69.5625 57.6875 53.8125 53.5 54.0625 57.75 59.8125 59.25 65 118.9375 77 79.5625 80.125 81.9375 70.625 105.9375 109.375 112.9375 115.9375 109.25 58.25 53.3125 55.4375 60 63.5 65.5 66.75 70.8125 72.875 76.75 80.125 81.75 83.3125 86.4375 84.8125 92.375 85.4375 79.25 75.4375 74.8125 75.1875 75.375 75.5625 74.5625 73.8125 72.6875 71.25 69.25 67.125 64.875 61.8125 59.5 56.5 53.875
122.3125 107.875 104.1875 97.3125 114.125 96.25 91.25 75.125 73.4375 77.9375 79.75 77.625 84.1875 85.875 80.5 72.375 62.875 54.6875 52.9375 53.8125 57.9375 62.625 60 60.8125 79.375 104.5 71.875 96 77.5625 75.875 108.5 78.5625 77.875 73.6875 66.6875 61.875 58.375 61.125 65.375 68.9375 69.875 69.75 71.25 73.3125 79.4375 80.375 81.5 80.625 81.125 76.75 75.4375 84.125 79.875 78.625 79 80 81.5 81.0625 80.3125 79.0625 77.0625 75.75 73.75 71.875 69.3125 66.125 63.0625 60.0625 56.9375
110.375 93.375 89.875 102.25 93.3125 86.4375 85.125 91.5 92.625 100.25 103.6875 99.5 99.5 98.1875 95.6875 99.75 81.1875 63.6875 54 52.125 54.4375 56.875 56.3125 57.0625 63.5 76.0625 77.625 85.5625 115 115.8125 114.875 117.25 82.1875 83.125 117.25 62.3125 65.75 70.1875 74.5625 77.9375 81.0625 82.875 80.9375 81 85.625 85.875 84.3125 82.1875 79.875 77.1875 75.1875 84.875 83.0625 84.0625 84.4375 86 86.25 86.1875 85.4375 84.0625 82.8125 81.1875 79.25 76.8125 74.0625 70.25 66.875 63.4375 59.8125
146.5 129.625 155 125.8125 123.6875 114.3125 112.8125 118.25 119.5 114.8125 102.9375 101.3125 106.5 107.8125 99.75 99.1875 95.8125 84.6875 83.375 62 90.1875 64.9375 52.875 54.125 59.625 65.6875 69.9375 76.875 83.25 85.3125 117.9375 115.5625 86.6875 85.375 83.625 75 73.5625 79.6875 85.3125 89.8125 96.4375 104 111.8125 106.5625 98.625 93.125 88.3125 85.4375 82.875 79.875 77.5 88.6875 88.8125 89.875 91.75 92.875 93.125 92.9375 92.375 90.8125 89.125 87.25 85.1875 82.25 79.0625 74.8125 71.125 68.125 64.375
156.25 165.125 149.1875 132.875 130.1875 126.125 125.0625 120.8125 115.8125 112.125 110.5 110.375 112.8125 111.5 106.5 100.0625 92.6875 85.8125 72.1875 63.375 68.8125 70.25 57.625 54.125 54.375 58.75 77.5625 81.3125 85.625 87.5 90.3125 87.5 118.125 90.4375 79.1875 81.0625 77.25 83.5625 93 100.25 109.5625 121.25 134.1875 128.625 114.875 104.1875 95.25 92.0625 90.625 86.0625 82.8125 96.0625 97.25 99.75 100.5 102.1875 101.875 101.5 101 99 97.0625 94.5 92.375 89.1875 85.3125 80.6875 76.1875 72.25 68.8125
194.5 179.5625 173.3125 172.5625 153.4375 144.875 144.6875 134.5 126.9375 122.625 117.875 117.25 115.6875 115.75 119.5625 115.125 101.6875 99.8125 94.25 83.625 74.5 65.125 63.875 60.125 53.5 55.0625 66.1875 74.25 83.1875 87.125 85.5 85.875 86.5625 82.8125 72.6875 78.1875 81.4375 89.25 100.125 108.3125 116.9375 125.25 131.0625 132.3125 129.3125 120.6875 110.75 108.3125 105.1875 98.125 90.4375 105.3125 108 110.625 112.0625 112.3125 112.375 112.3125 110.9375 108.625 106.5625 103.5 100.375 96.25 91.5 87.1875 82.5625 77.8125 73.375
220.625 203.8125 191.25 188.8125 178.8125 168.875 162.125 154.5 146.25 137.375 131.375 125.625 121.6875 123.1875 119.5625 115.25 118.875 103.9375 99.3125 94.1875 85.3125 78.75 69.6875 57.5625 53.6875 51.3125 51.4375 55.625 70 81.9375 83.625 110.5 79.4375 77.0625 75.1875 80.4375 87.8125 96.0625 101.0625 108.125 116.0625 115.75 120.5625 130.4375 135.25 138.4375 136.6875 135.0625 130.25 120.8125 111.25 121.375 123.125 124.6875 125.8125 124.5 123.5 123 121.6875 119.5 116.9375 113.6875 109.375 104.6875 99.3125 95.4375 90.4375 85.125 79.6875
