input_data/future_climate/BCC_CSM2_126/_bio10_a.asc
ncols  331
nrows  193
xllcorner  17.833372883333
yllcorner  37.9999896166667
cellsize 0.1666667
NODATA_value  -9999
[rows 126 to 146 of 193, columns 276 to 321 of 331]
25.3875007629395 25.3010406494141 25.1593742370605 25.0729160308838 25.0989570617676 25.2270832061768 25.2843742370605 25.404167175293 25.6041660308838 25.611457824707 25.3468742370605 25.0687503814697 24.6468753814697 24.5364570617676 24.3052082061768 23.8406257629395 23.3968753814697 22.8177089691162 22.5979175567627 22.1166667938232 21.9270839691162 21.8812503814697 21.6989574432373 22.0343742370605 22.0062503814697 21.8114585876465 21.9937496185303 22.138542175293 22.1822910308838 22.2354164123535 22.2468757629395 22.3125 22.3781242370605 22.4437503814697 22.3395843505859 22.2291660308838 22.2250003814697 22.1635417938232 22.0510406494141 22.1052093505859 22.1197910308838 21.7760410308838 21.3114585876465 21.423957824707 21.3979167938232 21.4166660308838
25.3624992370605 25.4000015258789 25.2041664123535 25.0895843505859 25.0697917938232 25.1604156494141 25.1770839691162 25.1364593505859 25.296875 25.4281253814697 25.2645835876465 25.0666656494141 24.736457824707 24.2875003814697 24.0812492370605 23.9614582061768 23.4958324432373 23.107292175293 22.8250007629395 22.46875 22.1479167938232 22.2625007629395 22.0208320617676 22.1145839691162 22.279167175293 22.3135414123535 22.2864589691162 22.4333324432373 22.5322914123535 22.5406246185303 22.5885410308838 22.5218753814697 22.423957824707 22.4895839691162 22.423957824707 22.3531246185303 22.5229167938232 22.5124988555908 22.40625 22.4500007629395 22.2395839691162 21.9322910308838 21.6656246185303 21.3364582061768 21.2531242370605 21.2875003814697
25.5510406494141 25.4458332061768 25.2979164123535 25.1937503814697 25.0583324432373 25.0718746185303 25.0874996185303 24.986457824707 24.9593753814697 25.1645832061768 25.1322917938232 24.9156246185303 24.7864589691162 24.4291667938232 24.0437507629395 23.8354167938232 23.5260410308838 23.1833343505859 22.5364589691162 22.2270832061768 22.3968753814697 22.747917175293 22.6197929382324 22.40625 22.4447917938232 22.6604156494141 22.6177082061768 22.548957824707 22.7666664123535 22.7760410308838 22.7510414123535 22.767707824707 22.7739582061768 22.857292175293 22.6958332061768 22.6135425567627 22.7145824432373 22.7729167938232 22.7822914123535 22.7114582061768 22.5145835876465 22.310417175293 21.9114589691162 21.9854164123535 21.8218746185303 21.9322929382324
25.576042175293 25.455207824707 25.4583320617676 25.4343757629395 25.25 25.0718765258789 25.0479164123535 25.0322914123535 24.8968753814697 24.921875 25.0375003814697 24.8218746185303 24.5531253814697 24.2843761444092 23.9593753814697 23.7354164123535 23.466667175293 23.0406246185303 22.0093746185303 22.3208332061768 22.7239570617676 22.9302082061768 23.0906257629395 22.9364585876465 22.8135414123535 22.9895839691162 23.0145835876465 22.953125 22.953125 22.9427089691162 22.8666667938232 22.986457824707 23.1666660308838 23.2302074432373 23.1218757629395 23.0583324432373 23.0010414123535 23.1281242370605 23.1145839691162 23.0833339691162 22.9291667938232 22.7687492370605 22.5687503814697 22.4177093505859 22.361457824707 22.279167175293
25.576042175293 25.5281257629395 25.5114574432373 25.5125007629395 25.3645839691162 25.279167175293 25.2218742370605 25.1593742370605 25.1083335876465 24.9249992370605 24.9031257629395 24.720832824707 24.435417175293 23.9927082061768 23.5708332061768 23.3864593505859 22.9520835876465 22.7020835876465 22.6625003814697 22.6666660308838 22.955207824707 23.1020832061768 23.2135410308838 23.4072914123535 23.4333324432373 23.3562507629395 23.1875 23.1208343505859 22.9583320617676 22.9020824432373 23.0458335876465 23.2135410308838 23.3895835876465 23.435417175293 23.4281253814697 23.4447917938232 23.3937492370605 23.4416656494141 23.3239593505859 23.1458339691162 22.7958335876465 22.7510414123535 22.6999988555908 22.5302085876465 22.390625 22.2843742370605
25.6218757629395 25.5864582061768 25.544792175293 25.5583343505859 25.5249996185303 25.4760398864746 25.455207824707 25.4093742370605 25.3687496185303 25.2437496185303 24.9958343505859 24.6156253814697 24.2625007629395 23.8020839691162 23.28125 22.9739589691162 22.4562492370605 22.3624992370605 22.7875003814697 22.8322925567627 23.127082824707 23.5885410308838 23.435417175293 23.7302074432373 23.8447914123535 23.482292175293 23.232292175293 23.296875 23.0833339691162 23.1489582061768 23.3687496185303 23.4812507629395 23.5833339691162 23.6937503814697 23.796875 23.7333335876465 23.6239585876465 23.6281242370605 23.5104179382324 23.3312492370605 23.0843753814697 22.798957824707 22.6906242370605 22.5979175567627 22.3812503814697 22.076042175293
26.0010414123535 25.9333324432373 25.8135414123535 25.7156257629395 25.671875 25.6666660308838 25.6364593505859 25.5125007629395 25.4989585876465 25.3427085876465 25.0270824432373 24.5885410308838 24.1000003814697 23.658332824707 23.2291660308838 22.8333339691162 22.3229160308838 22.4479160308838 22.8854160308838 23.247917175293 23.3739585876465 23.8208332061768 24.1687507629395 24.140625 23.861457824707 23.7760410308838 23.8916664123535 23.845832824707 23.828125 23.7958335876465 23.7729167938232 23.8500003814697 23.9947910308838 24.0281257629395 23.9489574432373 23.859375 23.830207824707 23.6145839691162 23.3479156494141 23.1875 23.189582824707 23.0375003814697 22.7614574432373 22.65625 22.4416675567627 22.1489582061768
26.2552089691162 26.169792175293 26.0885429382324 26.0197906494141 25.9677085876465 25.8270835876465 25.7927074432373 25.6499996185303 25.5114593505859 25.2552070617676 24.939582824707 24.5635414123535 24.1166667938232 23.6885414123535 23.3385410308838 23.0458335876465 22.2864589691162 22.455207824707 23.044792175293 23.5166664123535 23.6989574432373 24.15625 24.359375 24.3291664123535 24.2000007629395 24.1010417938232 24.1614589691162 24.078125 24.064582824707 23.951042175293 23.9874992370605 24.0729160308838 24.2406253814697 24.154167175293 24.142707824707 24.1343746185303 24.0322914123535 23.7270832061768 23.3760414123535 23.169792175293 23.0416660308838 22.9458332061768 22.752082824707 22.5552082061768 22.4739589691162 22.2541675567627
26.3041667938232 26.2843742370605 26.3135414123535 26.2687492370605 26.25 26.0229167938232 25.9437484741211 25.8822917938232 25.6020832061768 25.3374996185303 25.017707824707 24.6187496185303 24.3218746185303 23.9364585876465 23.5062503814697 22.997917175293 22.4874992370605 22.5895843505859 23.1552085876465 23.6312503814697 24.0072917938232 24.234375 24.470832824707 24.640625 24.640625 24.5104160308838 24.361457824707 24.265625 24.2312507629395 24.3229160308838 24.2145824432373 24.2875003814697 24.3291664123535 24.296875 24.3125 24.2510414123535 24.1947917938232 23.9114589691162 23.5249996185303 23.1958332061768 23.015625 22.8322906494141 22.7666664123535 22.6291675567627 22.4312496185303 22.2843742370605
26.3958320617676 26.3781242370605 26.3968753814697 26.3843746185303 26.3489589691162 26.171875 25.9489574432373 25.9583339691162 25.8052082061768 25.4989585876465 25.125 24.78125 24.5281257629395 24.1979160308838 23.7510414123535 23.2749996185303 23.0364589691162 22.9614582061768 23.451042175293 23.8687496185303 24.0552082061768 24.3520832061768 24.5625 24.6864585876465 24.752082824707 24.669792175293 24.6437492370605 24.53125 24.421875 24.3468742370605 24.439582824707 24.455207824707 24.4760417938232 24.3822917938232 24.3218746185303 24.2645835876465 24.1791667938232 24.044792175293 23.7906246185303 23.5552082061768 23.3479156494141 23.0791664123535 23.2250003814697 22.8999996185303 22.2906246185303 22.1812496185303
26.5541667938232 26.4614582061768 26.4989585876465 26.533332824707 26.4114589691162 26.2697906494141 26.076042175293 26.0083332061768 25.9802074432373 25.71875 25.4302082061768 25.2552089691162 24.7895832061768 24.4885425567627 24.1812496185303 23.7072906494141 23.576042175293 23.810417175293 23.9520835876465 24.171875 24.3781242370605 24.5427093505859 24.6343746185303 24.7562503814697 24.8333320617676 24.7770824432373 24.6531257629395 24.5572910308838 24.5031242370605 24.453125 24.6104164123535 24.544792175293 24.5072917938232 24.4854164123535 24.4322910308838 24.3312511444092 24.2374992370605 24.2072906494141 24.1437492370605 23.9291667938232 23.7729167938232 23.6166667938232 23.4937496185303 23.2000007629395 22.8062496185303 22.5052089691162
26.7666664123535 26.607292175293 26.5895824432373 26.6541652679443 26.5718746185303 26.3854179382324 26.2416667938232 26.1322917938232 25.9937496185303 25.8739585876465 25.7864589691162 25.6218757629395 25.1864585876465 24.8520832061768 24.5885410308838 24.296875 24.1416664123535 24.3427085876465 24.4635429382324 24.5208339691162 24.5572910308838 24.7395839691162 24.6729164123535 24.7885417938232 24.9718742370605 24.8177089691162 24.7114582061768 24.6541652679443 24.6656246185303 24.6239585876465 24.7145843505859 24.7552089691162 24.5354175567627 24.5708332061768 24.6208343505859 24.5447902679443 24.4760417938232 24.3968753814697 24.2875003814697 24.0864582061768 23.7864589691162 23.5583343505859 23.4427089691162 23.2802085876465 23.0406246185303 22.7718753814697
26.814582824707 26.8041667938232 26.7739582061768 26.8510417938232 26.591667175293 26.3999996185303 26.3072910308838 26.1572914123535 26.078125 25.9229164123535 25.8364582061768 25.7447929382324 25.5510425567627 25.267707824707 25.0166664123535 24.7760410308838 24.7302093505859 24.7510414123535 24.8000011444092 24.7729167938232 24.8479175567627 24.9479160308838 24.8624992370605 25.0499992370605 25.0614585876465 24.9729156494141 24.9489574432373 24.8104152679443 24.857292175293 24.9406242370605 24.7864589691162 24.625 24.5322914123535 24.59375 24.6864585876465 24.673957824707 24.6135406494141 24.4375 24.3218746185303 24.1281261444092 23.8937492370605 23.59375 23.2999992370605 23.2739582061768 23.2645835876465 23.4135417938232
27.0437507629395 26.9968757629395 26.9614582061768 27.0687503814697 26.9760417938232 26.919792175293 26.7927093505859 26.517707824707 26.169792175293 25.9937496185303 25.9156246185303 25.8822937011719 25.8020839691162 25.6520824432373 25.345832824707 25.1041660308838 24.9656257629395 24.8031253814697 24.857292175293 25.0562496185303 25.154167175293 25.1708335876465 25.1020832061768 25.2895832061768 25.1395835876465 24.9614582061768 25.1000003814697 25.0687503814697 25.1312484741211 24.9750003814697 24.8135414123535 24.6479167938232 24.4781246185303 24.6656246185303 24.6916656494141 24.6156253814697 24.6197910308838 24.4656257629395 24.2625007629395 24.2177085876465 23.9802074432373 23.7802085876465 23.5947914123535 23.4916667938232 23.6572914123535 23.6499996185303
26.9437503814697 27.0458335876465 27.0593738555908 27.1145820617676 27.3333320617676 27.2583332061768 27.0395832061768 26.7843742370605 26.53125 26.1802082061768 26.0270843505859 26.1041660308838 26.127082824707 26.0812492370605 25.830207824707 25.591667175293 25.4468746185303 25.3197898864746 25.3781242370605 25.4104156494141 25.2927074432373 25.2260417938232 25.4572925567627 25.5166664123535 25.267707824707 25.1666660308838 25.263542175293 25.3447914123535 25.298957824707 24.9697914123535 24.9364585876465 24.8624992370605 24.84375 24.7666664123535 24.7395820617676 24.6791667938232 24.7020835876465 24.642707824707 24.314582824707 24.0968742370605 23.9718742370605 23.8395824432373 23.7999992370605 23.9020843505859 23.939582824707 23.8093757629395
26.7875003814697 26.9739589691162 26.9375 27.0197906494141 27.28125 27.419792175293 27.1989574432373 27.1041660308838 27.0520839691162 26.6510410308838 26.6437492370605 26.7229156494141 26.6437511444092 26.4874992370605 26.2760429382324 26.0822906494141 25.9406242370605 25.7979164123535 25.6916675567627 25.5437507629395 25.544792175293 25.701042175293 25.7822914123535 25.7854175567627 25.595832824707 25.4916667938232 25.5791664123535 25.5406246185303 25.5208339691162 25.4989585876465 25.372917175293 25.0499992370605 25.0166664123535 24.9187488555908 24.8854179382324 24.8833332061768 24.84375 24.7260398864746 24.5499992370605 24.4312496185303 24.2270832061768 24.0906238555908 24.1166667938232 24.1781253814697 24.0697917938232 23.9677085876465
27.1770839691162 27.0083332061768 26.9375 27.1124992370605 27.2229156494141 27.4072914123535 27.265625 27.1458339691162 26.7593746185303 26.8677082061768 27.15625 27.1020832061768 27.0406246185303 26.8604164123535 26.6687488555908 26.4593753814697 26.267707824707 26.1041679382324 25.9166660308838 25.796875 26.064582824707 26.1781234741211 26.1625003814697 26.107292175293 26.0229167938232 25.96875 25.8874988555908 25.7885417938232 25.7958335876465 25.7916679382324 25.6593742370605 25.546875 25.4906253814697 25.3979148864746 25.1500015258789 24.9104156494141 24.8270835876465 24.752082824707 24.7135410308838 24.6479167938232 24.6000003814697 24.607292175293 24.5572910308838 24.341667175293 24.236457824707 24.2770843505859
27.609375 27.4479160308838 27.4052085876465 27.502082824707 27.4958343505859 26.9833335876465 26.8583335876465 26.705207824707 26.7124996185303 27.0208339691162 27.3958339691162 27.4875011444092 27.423957824707 27.2427082061768 27.0437507629395 26.8843765258789 26.6656265258789 26.4302082061768 26.1989593505859 26.2614593505859 26.4593734741211 26.404167175293 26.3635425567627 26.328125 26.2885417938232 26.2718753814697 26.1635398864746 26.0364589691162 26.0687503814697 26.0520820617676 26.0052070617676 25.939582824707 25.8374996185303 25.6781234741211 25.5562496185303 25.3177070617676 25.1614589691162 25.1395816802979 25.0812511444092 25.0218753814697 25.0072917938232 25.0343761444092 24.8239593505859 24.7093734741211 24.6958332061768 24.6364574432373
27.9885406494141 27.9593753814697 27.8802070617676 27.7864589691162 27.6958332061768 27.1708335876465 27.0677089691162 26.9906253814697 26.953125 27.1156253814697 27.5322914123535 27.6989593505859 27.6958332061768 27.6802082061768 27.3875007629395 27.3020839691162 27.1145839691162 26.9020843505859 26.6833343505859 26.560417175293 26.609375 26.6375007629395 26.627082824707 26.4833335876465 26.421875 26.421875 26.3291664123535 26.2447910308838 26.1614570617676 26.0302085876465 26.0124988555908 25.970832824707 25.9208335876465 25.872917175293 25.720832824707 25.6802101135254 25.5843753814697 25.486457824707 25.453125 25.4010410308838 25.3083343505859 25.3270835876465 25.2218742370605 25.046875 24.96875 24.9854164123535
28.0666656494141 28.0354156494141 27.9489593505859 27.9781246185303 27.888542175293 27.7260417938232 27.8114585876465 27.5343742370605 27.2906246185303 27.3052082061768 27.6416664123535 27.75 27.861457824707 27.9010410308838 27.6364593505859 27.4104156494141 27.3385410308838 27.0666656494141 26.939582824707 26.9281253814697 26.908332824707 26.8135414123535 26.78125 26.578125 26.2593746185303 26.1229152679443 26.1635417938232 26.169792175293 26.0739593505859 26.1604175567627 26.203125 26.1802082061768 26.1729164123535 26.1124992370605 25.9895839691162 25.861457824707 25.9031257629395 25.7562484741211 25.669792175293 25.5458335876465 25.5427093505859 25.5041656494141 25.3270835876465 25.1083335876465 24.9156246185303 25.0499992370605
28.1656246185303 28.1749992370605 28.2552070617676 28.2041664123535 28.0239582061768 27.9385414123535 27.890625 27.78125 27.71875 27.7802085876465 27.8875007629395 27.814582824707 27.814582824707 27.6927089691162 27.7197914123535 27.5864582061768 27.2614593505859 27.1843757629395 27.158332824707 27.1593742370605 27.1031246185303 26.9291667938232 26.6677074432373 26.595832824707 26.515625 26.5031242370605 26.4802093505859 26.3531265258789 26.3739585876465 26.4270820617676 26.46875 26.517707824707 26.4895839691162 26.4135417938232 26.298957824707 26.1541652679443 26.0989589691162 26.0572929382324 25.9583339691162 25.9479160308838 25.8791656494141 25.6208324432373 25.3843746185303 25.2000007629395 25.1052093505859 25.201042175293
