input_data/future_climate/BCC_CSM2_126/_bio13_a.asc
ncols  331
nrows  193
xllcorner  17.833372883333
yllcorner  37.9999896166667
cellsize 0.1666667
NODATA_value  -9999
[rows 155 to 185 of 193, columns 142 to 212 of 331]
106 104.8125 100.3125 97.125 95.125 91.625 87.125 83.3125 82 82.5 82.8125 81.9375 80.625 80.375 79.875 78 75.25 72.5 70.0625 66.5625 63.625 59.1875 54.625 51.125 47.875 44.4375 43.1875 42.625 41.625 38.875 37.125 34.9375 34.8125 32.6875 29.875 27.875 26.1875 25 23.5625 22.875 21.9375 21.5625 20.375 19.8125 19.3125 18.8125 18.25 17.3125 16.625 16.0625 15.9375 15.1875 15 15.1875 15.75 16.4375 17.375 17.125 18.0625 17.8125 17.875 17 16.8125 16.6875 17.875 18.25 18.0625 18.0625 16.8125 15.5 15.9375
112.8125 109.25 105.125 103.125 103 98.9375 95.875 92.4375 92 90.375 87.125 84.875 83.3125 84.0625 82.875 79.75 77.75 74.8125 71.625 68.3125 66.25 64.0625 59.1875 54.8125 51.5625 48.4375 46.5 45.5625 45.75 43.5625 41.625 40.5625 38.8125 34.9375 32.4375 28.75 26.5 25.5625 23.625 23.125 22.9375 22.0625 21.5625 20.9375 20.3125 19.625 18.9375 18.375 17.5625 17 16 14.875 14.625 14.0625 13.9375 14.6875 15.9375 17 17.6875 17.1875 17.375 18.1875 17.625 17.8125 18.125 18.6875 17.5 17.1875 17.5 18.0625 17.9375
114.125 111.125 106.5 108.5 108.125 107.75 106.3125 104.4375 104.6875 98.9375 94.1875 90.5 88 87.0625 85.5625 83 80.125 76.75 73.625 70.75 69.625 67 62.625 58.0625 55.3125 52.625 51.125 49.6875 49.25 47.8125 45.9375 44.625 39.8125 35.875 33.5625 30.25 27.75 26.1875 24.9375 24.375 23.75 22.875 22.5625 22.1875 21.5 20.75 19.9375 19.3125 18.6875 17.5 16.125 15.1875 14.625 14 13.9375 14 14.875 16 16.375 16.9375 18 18.3125 18.25 17.5 17.5 18.625 18.0625 17.8125 17 16.5 15.875
114.375 110.375 106.1875 108.3125 113.6875 117.4375 114.375 113.8125 112.6875 108 102.9375 98.4375 93.4375 89.25 87.6875 84.625 80.875 79.3125 76.5625 73 71.125 69.0625 64.3125 60.8125 58.875 56.4375 54.0625 52.75 52.5 49.25 48 45.875 41.1875 37.125 34.0625 32.0625 28.9375 26.875 26.0625 25.4375 24.625 24.1875 23.75 23.25 22.6875 21.75 21 20.125 19.25 18 16.625 16 15.1875 14.625 14.1875 14 14.875 15.5 16.375 16.875 16.9375 16.75 17.875 17.5 17 16.9375 17.0625 17.625 17 17.0625 16.5625
127.5 123.0625 117.125 110.5625 111.3125 118.375 116.375 119.75 122.8125 118.9375 112.8125 106.8125 98.625 93.5 90.8125 88.5 89.3125 87.625 86.25 84.875 79.9375 74.9375 69 63.0625 59.5 57.875 58.4375 58.25 55.375 50.875 47.875 44.375 40.875 37.125 34.8125 30.8125 30.5625 29.5625 28.625 28.1875 27.3125 26.3125 25.5 24.4375 23.3125 22.5625 22 21.1875 20 18.375 17.5625 16.625 15.8125 15.25 14.6875 14.75 14.9375 14.75 15 16.4375 16.5 16.375 17.5625 18.5625 17.8125 16.9375 17.5 17 17.25 17.1875 17
138 125.4375 134.5625 121.9375 123.3125 128.125 124.125 123.4375 118.875 119.5625 125.4375 123.125 111 103.8125 100 94.75 96.5625 104.3125 105.1875 97.75 91.3125 85.75 79.375 73.375 67.5625 62.25 61.3125 61.3125 56.625 51.5625 46.4375 43.625 40.25 37.0625 36.1875 35 33.25 32.6875 32.375 30.875 30.25 28.5 26.9375 26 24.6875 23.4375 22.5625 21.875 20.5 19.5 18.6875 17.8125 17 16.125 15.4375 14.875 14.9375 14.875 14.5 15.8125 15.375 15.5 16.25 17.9375 17.125 17.125 17.0625 17.0625 17.4375 18.375 17.8125
150 148.625 135.5 131.0625 127 126.625 122.5625 117.6875 120.875 121.6875 127.6875 130.875 120.6875 116.625 111.875 107 103.6875 105.75 110.875 110.5625 104.75 92.875 82.3125 76.1875 70.625 66.625 64.75 64.375 60.5 55.25 49.3125 44.875 40.75 38.375 38.625 38 36.375 36 34.9375 33.9375 32.4375 31.25 29.75 28.1875 26.5625 25.5 23.6875 22.4375 20.875 20.0625 19.1875 18.6875 17.875 17 16.1875 15.5 15 15.625 15.125 16.25 16.25 17.25 16.6875 17.1875 16.5625 17.0625 17.3125 18.25 17.875 17.5625 17.4375
170.0625 166 157.9375 141.1875 123.75 121 120.4375 121.125 124 120.5 123.625 125.6875 132.5625 132.5 126.1875 115 112.4375 115.3125 123.125 121.9375 118.6875 110.875 99.0625 87.9375 79.5625 75.375 72.875 70.8125 67.0625 63.9375 60.6875 56.75 51.25 46 42.5 40.9375 39.125 38.125 36.5625 35.5625 34.5 34.125 31.875 29.875 28.1875 26.3125 24.75 22.875 21.375 20.625 20 19.375 18.3125 17.8125 17 16.5 15.8125 15.875 16 14.9375 14.75 17.125 17.3125 17.5625 17 17.625 17.375 17.625 17.3125 17 17.3125
159.375 176.0625 170.125 150.6875 135.875 126.125 126.3125 123.875 123.1875 129.1875 128.25 126.1875 125.875 125.875 134.9375 133.3125 132.5625 133.0625 130 130.1875 127.625 124.1875 120.8125 112.4375 98.4375 89.625 90.8125 87.6875 84.625 85.625 87 79.25 60 52.375 50.25 49.375 43.0625 40 39.1875 38.4375 37.8125 36.5 33.5625 31.25 29.3125 26.9375 25.3125 23.6875 22.3125 21.1875 20.6875 19.9375 19.125 18.375 17.5625 17 16.3125 15.8125 15.5 15 14.9375 15.0625 16.8125 17.125 16.5 16.875 17.5625 16.5 15.9375 16.0625 16.25
149.4375 165.1875 176.625 172.1875 152.1875 138.75 129.1875 128.875 123.9375 127.25 130.0625 130.8125 128.3125 125.25 128.5625 129.0625 131.5 132.6875 134.25 128.0625 126.6875 128.3125 119.875 111.625 103.6875 101.9375 97 96.875 88.0625 84.0625 73.75 70.9375 73.6875 67.875 58.0625 54.125 50.625 44.125 42.625 42.4375 41.125 38.625 35.8125 33 30.0625 27.75 26.4375 24.75 23.6875 22.25 21.5 20.8125 20 18.9375 18 17.3125 16.8125 16 15.5625 15.3125 15.25 15 15 15 14.6875 14.8125 14.9375 16.25 15.8125 15.9375 15.75
154.375 158.875 172.3125 180.625 180.625 169.375 152 159.9375 147.5 130.0625 119.6875 117.375 123.875 129.6875 129.375 133.375 131.375 134.125 139.1875 139.1875 139.5 138.0625 134.5625 128.375 128.875 113.5 112.625 94.125 90.5625 92 89.8125 86 70.25 77.75 71.8125 64.125 57.1875 50.75 45.8125 44.5625 43.0625 41.25 38.125 34.4375 31.4375 28.8125 27.1875 25.875 24.5 23.4375 22.5 21.6875 20.4375 19.5625 18.625 17.75 17.0625 16.25 15.9375 15.25 15 15 15 15 14.6875 14.375 14.75 15.75 16.0625 16.5 16.5625
166.16667175293 167.1875 177.75 182.3125 185.625 185.0625 185.4375 186.1875 166.25 132.8125 125.6875 115.4375 121.4375 128.9375 129.125 139.4375 143 150.1875 150.4375 143.5 136.5 140.0625 140.375 134.75 124.375 128.125 115.0625 106.5 125.25 106.9375 87.5625 89.0625 77.3125 72.375 73.9375 71.6875 64.625 58.4375 51.3125 46 44 42.75 39.4375 35.75 32.25 29.75 27.875 26.5 25.5 24.25 23.1875 22.4375 21.1875 20.125 19.1875 18.5625 17.4375 17 16.25 15.8125 15.8125 15.375 15.25 15.1875 15 15 15.1875 16 16.0625 16.8125 16.6875
181.199996948242 181.0625 187.25 195.5625 192.4375 188.5 186.6875 189.125 182.5 158.5 136.6875 123.125 114.375 104.75 102.875 110.25 131.4375 135.75 139.5625 133.1875 131.5 133.625 128.875 130.25 132.125 124.8125 115.375 132.625 127 112.3125 118.125 105.25 92.6875 84.3125 81.625 80.75 74.25 62.625 56.6875 49.8125 46.25 43.3125 40.1875 36.4375 33.0625 30.6875 28.6875 27.375 26 25.125 23.9375 22.9375 21.6875 20.625 19.25 19 18.4375 17.5 16.8125 16.125 16 16 15.9375 15.5625 15.1875 15.0625 15.75 16.25 16.625 17.0625 17.25
202 203.428573608398 215.25 219 211 199.1875 189.5 175.9375 161.5 149.125 126.125 118.125 102.875 85.5 82.6875 82.25 92.25 106.3125 113.3125 111.25 122.1875 117 109.875 108.8125 112.5625 117.8125 122.875 116.4375 115.625 114.0625 126.375 116.3125 109.6875 99.875 95.625 86.8125 76.5 63.3125 58.6875 54.1875 50.5 44.5625 40.25 36.5625 32.9375 31.375 29.1875 27.75 26.4375 25.875 24.9375 23.9375 22.5625 20.625 19.9375 19.25 18.875 18.3125 17.875 17.4375 16.5 16.0625 16 16.25 16.125 16 16.75 17.6875 18 16.25 16.25
-9999 238.125 245.5 234.0625 196.3125 166.0625 128.6875 118.75 114.0625 115.9375 106.8125 100.375 104.8125 106 105.5625 98 87.625 85.375 84.5625 96.5625 118.25 123.3125 120.25 115.5 106.8125 104.875 105.625 106.9375 115.4375 122 118.6875 124.9375 122.375 117.9375 108.4375 97.25 91.3125 87.5 63.375 57.25 52.4375 44.6875 39.5625 36.25 32.75 31.1875 29.375 28 27 26.375 25.6875 24.5625 23.25 21.75 20.75 20.0625 19.3125 19.1875 18.5625 18 17.9375 17.875 17.9375 17.1875 16.9375 16.75 18.9375 18.9375 16.5 15.25 15.9375
-9999 261.916656494141 220 171.5 150.4375 134.75 110.875 109.625 106.875 101.875 103.625 112.625 116.375 122.9375 127.5625 130.4375 128.4375 127.1875 112.125 87.6875 92.625 101.75 106.1875 109.8125 110.25 105 100.5 96.9375 97 102.1875 109.5 115.375 117.5 113.0625 109.75 110.3125 93 90.125 71.6875 58.25 53.75 48.4375 42.5 35.6875 32.375 31 29.5625 28.1875 27.5 27 26.4375 25.5625 24.5 22.8125 21.6875 20.9375 20.5 20.1875 19.6875 18.8125 18.9375 18.5625 18.1875 17.9375 17.8125 17.5625 18.6875 18.1875 16.5625 16.4375 16.25
249.16667175293 221.9375 184 159.125 145.5625 109.1875 110.6875 100.5625 100.9375 95.25 96.125 109.5 112.8125 127.5625 122 123.1875 125.6875 117 98.125 85.6875 78.1875 78.25 88.8125 87.75 89.5625 95 99.0625 94.9375 89.5 88.125 95.1875 100.5625 104.8125 110.1875 104.3125 95.625 93.375 85.6875 76.3125 63.3125 55.6875 53.5625 45.6875 36.9375 30.875 30.4375 29.6875 28.3125 27.5625 27.0625 27 26.5 25.5625 24.4375 22.875 22.125 21.625 21.3125 20.9375 19.625 19 19 18.9375 18.6875 18.1875 18 19.0625 19.875 17.1875 17 17
182.875 165.4375 127.25 107.5 100.875 104.625 111.375 106.75 110.1875 115.4375 98.4375 96.25 109.25 119.5625 126.625 121.4375 108.5625 88.375 77.75 70.5625 68.375 66.75 74.4375 81.0625 81.1875 82.4375 86.9375 93 93.6875 90.6875 83.25 79.25 89.875 101.1875 111.6875 103.5625 90 80.5 78.5625 76.3125 69.75 57.75 51.6875 39.0625 32.75 30.125 29.75 28.8125 28 27.75 27.75 27.5 27 25.75 24.75 23.8125 23.125 22.4375 21.625 20.875 20.375 20.375 19.375 19 19 18.6875 18.5625 19.125 17.5625 17.25 17.0625
119.75 125.8125 100.375 92.1875 87.9375 94.1875 101.8125 99.4375 96.625 97.3125 94.8125 107.125 106.5 114.0625 124.8125 124.9375 117.125 119.3125 108.8125 85 74.5 70.625 65.4375 67.25 74.375 79.1875 75.125 75.5625 77.875 84 84.6875 73.4375 71.3125 78.5 100.25 103.8125 102.5 102.9375 101.9375 95.5625 83.5625 73 57.8125 47 35.75 30.4375 29 28.9375 28.5625 28.4375 28.1875 28.3125 28.25 27.25 26.3125 25.625 24.6875 23.6875 22.625 21.8125 21 21 20.9375 20.3125 20 19.25 19.0625 18.875 18.1875 18 17.375
97.75 87.75 83.625 84.5 97.0625 96.625 90.9375 91.625 93.1875 99.25 93.1875 112 106.875 106.1875 115.5625 118.6875 115.75 117.8125 112.3125 103.6875 103.6875 85.5 68.0625 64.75 64.125 66.8125 68.5625 63.375 61.8125 62.5625 60.3125 65.0625 67.9375 67.375 70.8125 82.9375 90.125 94.0625 96.6875 95.9375 89.125 80.875 71.1875 61.3125 49.1875 36.125 29.125 28.4375 28.75 29 29.125 29.375 29.125 28.8125 27.75 27.25 26.25 25 23.625 22.375 21.5 21.375 21 20.9375 20.8125 20.1875 20 19.8125 19.375 18.3125 18.5625
75.8125 75.25 81.875 83.25 88.1875 89.4375 87.5625 88.875 91 101.9375 88.625 94.1875 95.125 94.3125 99.6875 108.1875 109.75 108.9375 99.3125 105.25 111.1875 97.9375 92.5625 85.25 73.5 67.6875 61.5 55.25 55 55.375 53.25 51.5625 50.9375 55.125 62.0625 64.9375 70.5 74.1875 77.6875 79.375 82.875 79.5625 75 64.0625 60.8125 49.375 35.1875 28.0625 28 29.3125 30.8125 30.875 30.5 30.375 29.375 28.625 27.4375 26.3125 24.9375 23.5 22 22 21.6875 21 20.9375 20.4375 20.25 20 20.125 19.25 19
71 66.3125 67.375 69.8125 69.1875 83 87.375 92.1875 92.3125 81.75 78.375 78.375 78.1875 78.1875 83.8125 95.9375 102.5625 108.125 108.5 107.125 99 89.9375 104.0625 99.75 97.3125 102.4375 96.25 74.8125 62.25 56.4375 54.125 52.4375 49 45 46.8125 53.3125 59.5625 64.125 69 69.6875 70.1875 69.625 68.875 64 60.625 54.4375 43.875 30.4375 27.875 28.875 30.375 31.4375 31.3125 31.0625 30.5625 29.75 28.625 27.75 26.6875 25.1875 23.625 22.875 22.1875 21.375 21.125 20.5625 20.125 20 20.9375 19.6875 19.4375
71.6875 80.6875 75.5625 69.75 70.9375 84 92.75 85.75 80.9375 76.625 83.5 82.5 73.75 75.1875 85.1875 99.25 102.875 97.5 102.25 93.875 88.5 85.375 91.625 97.1875 96 104.875 102.1875 105.0625 87.1875 76.3125 64.25 55.25 48.9375 43.3125 42.1875 42.4375 44.0625 45.625 48.75 51.1875 53.75 56.875 64.625 62.625 59.5 48.625 41 33.6875 28.1875 29.875 32.1875 33.4375 33.5 33.1875 32.75 31.8125 30.8125 29.8125 28.5 27.125 25.25 24 23.75 22.125 21.8125 21.25 20.8125 20 20.9375 20.875 21.0625
79.875 83.8125 72.875 82.875 84 88.8125 85.3125 78.625 77.6875 82.875 89.25 81.6875 67.8125 67.6875 76.125 94.25 91.875 78.75 77 80.875 89.875 80.75 78.25 80.75 93.375 100.8125 104.5625 109.6875 112.125 111.625 98.875 72.8125 53.125 44 40.4375 41.3125 41 42.375 43.125 42.875 43.5625 43.75 46.5 54.625 53.75 47.875 39.5625 34.6875 30.75 31.5 33 34.625 34.6875 34.3125 34.1875 33.375 32.4375 31.3125 30.0625 28.625 27.0625 25.25 24.125 22.875 22 21.3125 21 20.5625 21.25 21.3125 21.8125
82.125 83.75 77.5625 86 79 84.375 81.5 83.75 79.375 73.6875 77.875 75.8125 63.8125 56.5 52.6875 53.625 52.25 54.75 59.875 74.625 96.9375 84.1875 73.5625 73.25 75.6875 82.375 90.6875 99.25 100.625 106.875 107 84.125 58.1875 46.25 41.125 38.6875 39.1875 40.375 41 40.4375 41.8125 42.3125 42.0625 42.4375 45.9375 44.4375 38.6875 34.875 31.3125 30.5625 32.75 34.5625 35.5625 36.375 36.6875 36 35.125 33.6875 32 30.5 28.6875 26.875 25.1875 24.0625 23.375 22.125 21 20.6875 21.25 23 22.75
84.3125 78.4375 76.625 66.5625 66.0625 70.4375 74.875 72.4375 75.875 77.125 75.0625 68.6875 60.1875 52.0625 47.5625 44.75 42.9375 43.1875 48.5625 60.3125 82.8125 84.0625 74.3125 77.75 82.1875 84.1875 91.125 97 98.625 98.6875 100 91.1875 66.1875 51 42.875 39.1875 40.3125 40.0625 40 40.5 43.0625 41.875 42.3125 40.5 40.75 38.1875 37.3125 34.0625 30.8125 31.5 33.8125 35.875 37.5 38.375 38.75 38.4375 37.1875 35.8125 34.5625 33.375 31.375 29.1875 27 25.0625 24 23.0625 22.375 20.8125 22 23.75 23.25
73.625 69 68.5625 73.875 76.625 82.8125 85.8125 83.9375 81.875 81.25 82.0625 84.375 74.0625 61.125 50.625 44.8125 44.3125 41.75 40.875 45.8125 57.5 72.3125 73 79.625 85.375 84.9375 85.75 93.625 96.25 96.9375 106.25 92 79.9375 58.25 46.5 42.8125 41.8125 41.125 40.75 40.625 41.6875 42.375 41.625 40.5 39.6875 38.5 36.5 33.875 32.0625 33.75 36.0625 38.25 39.9375 41.25 41.5625 41.3125 40.25 39.5 37.875 36.0625 33.6875 31.75 29.875 27.1875 24.6875 23.8125 23.3125 22.0625 21 20 20.125
84.75 79.875 81.0625 85.5 87.3125 86.0625 78.4375 72.875 69.25 68.9375 72.125 77.4375 77.75 73.625 75.3125 60 78.9375 62.5 41.4375 39.9375 46.875 52.1875 55.0625 59.75 63.9375 72.1875 84.4375 84.125 90.375 93 95.875 103.1875 95 66.6875 50.5625 48.25 46.125 46.625 53.5 47.75 42.8125 42.375 42.125 41.5 40.5 39.125 37.1875 35.5 34.8125 37.1875 40.25 42.1875 43.6875 44.9375 45.5 45.3125 44.5 43.3125 41.375 39.375 37.5 34.6875 32.1875 30.125 27.125 25.125 24.1875 23.0625 21.125 20.5 20.875
80 76.3125 80.4375 79.4375 79.125 76.3125 72.1875 68.125 69.8125 70.25 74 71.875 67.8125 64.625 58.1875 55.4375 59.8125 62.625 48.25 40.4375 38.5 42.125 58.9375 60.875 66.875 70.0625 67.9375 74.75 82.0625 89.875 88.5 93.125 95.9375 71.0625 54.25 50.875 48.1875 57.3125 68.125 62.1875 48.6875 45.6875 44.9375 43.75 43.375 41.8125 40.25 39.3125 39.625 42.9375 45.5625 48.1875 49.6875 50.8125 50.75 50.8125 49.4375 47.75 46.1875 43.8125 41 38.5 35.6875 32.5 29.75 26.625 24.75 23.6875 22 21.125 21.1875
83.875 78.0625 79.3125 74.625 71.125 70.5625 66.1875 67.6875 72.5 77.625 82.875 81.4375 72.875 72.9375 71.8125 67.4375 60.5 51.1875 49.8125 46.0625 37.9375 38.4375 45.0625 48.1875 53.375 64.125 66.6875 69.125 76.625 82.6875 75.5 80.875 80.9375 64.0625 52.0625 51 51 53.6875 57.4375 56.8125 52.8125 50.3125 49.5625 52.4375 53.375 50.75 44.25 43.6875 47.1875 50.25 52.875 55.25 56.5 57 56.6875 55.9375 54.875 53.5 51.375 48.625 46.125 42.625 39.375 36.1875 33 29.5625 26.25 24.625 23.125 22.125 21.75
93.9375 86 83.625 78.8125 72.625 70.4375 68.625 66.6875 68.5 78.75 78.875 76.625 78.5625 69.75 67.8125 64.9375 62.25 59.875 51.9375 42.25 38.625 36.4375 36.3125 39.4375 45.1875 54.3125 66.6875 69.875 72.625 75.6875 71.125 64.0625 60.375 52.8125 54.1875 54.75 53.75 55.125 56 57.3125 59.6875 62.75 67.625 73.25 73 67.4375 58.3125 57.4375 59.25 61.6875 62.75 63.25 64.375 64.4375 63.375 62.25 61.1875 59.1875 56.5625 54.125 51.0625 47.6875 43.625 40.25 36.5625 32.3125 29.0625 26 24.375 23.375 23
