input_data/future_climate/BCC_CSM2_126/_bio19_a.asc
ncols  331
nrows  193
xllcorner  17.833372883333
yllcorner  37.9999896166667
cellsize 0.1666667
NODATA_value  -9999
[rows 62 to 92 of 193, columns 0 to 68 of 331]
109.5 116.125 115.8125 118.9375 126.1875 129.4375 132.625 127.466667175293 98.6999969482422 96.25 -9999 -9999 -9999 -9999 -9999 -9999 101 -9999 103.5 103 102.75 104.599998474121 116.857147216797 125 130 134.75 135 135.111114501953 133.5 129 120.16667175293 125 128 130.5 128 -9999 -9999 -9999 -9999 -9999 -9999 -9999 -9999 -9999 -9999 -9999 -9999 -9999 -9999 -9999 -9999 -9999 -9999 -9999 94.5 -9999 -9999 -9999 -9999 -9999 -9999 104.727272033691 106.428573608398 111.75 113.75 115.428573608398 115.5 119.1875 118.8125
109.5625 116.875 117.3125 120.8125 121.125 119.75 100.230773925781 99.0999984741211 93.1999969482422 90.25 -9999 -9999 -9999 -9999 -9999 -9999 -9999 -9999 -9999 -9999 -9999 -9999 -9999 -9999 -9999 -9999 -9999 -9999 -9999 -9999 -9999 -9999 -9999 -9999 -9999 -9999 -9999 -9999 -9999 119 120 121.600006103516 124 123 124.333335876465 125 124.25 121.928573608398 117.076919555664 112.636360168457 106.375 98.2857131958008 92 90 -9999 -9999 -9999 -9999 -9999 -9999 104 102.25 105.8125 109.4375 113.125 117.8125 119.5 120.3125 121.5
111.875 113.8125 117.125 119.5625 119.1875 96.0625 115.8125 93.75 91.6666717529297 87 84 -9999 -9999 -9999 -9999 -9999 -9999 -9999 -9999 -9999 -9999 -9999 -9999 -9999 -9999 -9999 -9999 -9999 -9999 -9999 -9999 -9999 -9999 -9999 -9999 -9999 112 114 117 121.4375 125.230773925781 126.133331298828 128.375 128.9375 127.375 126.25 125.3125 121.9375 117.5 113.375 107.25 100.4375 94.4375 92.25 90.8461532592773 90.4166717529297 91.6666641235352 93.25 93.8000030517578 96.625 98.6666641235352 100.3125 104.375 110.3125 113.5 116.625 118.375 121 120.6875
126.4375 130.6875 129.5 135.25 126.133331298828 98.625 96.6666641235352 97 -9999 -9999 -9999 -9999 -9999 -9999 -9999 -9999 -9999 -9999 -9999 -9999 -9999 -9999 -9999 -9999 -9999 -9999 -9999 -9999 -9999 -9999 -9999 -9999 -9999 108.800003051758 108 110.363632202148 112.800003051758 115.533332824707 119.5 124.875 128.4375 130.4375 130.6875 129.25 127.5625 124.9375 121.9375 119.625 116.25 111.8125 105.8125 99.625 94.5 92.375 91.125 90.3125 90.8125 93.1875 94.1875 96.0625 99.1875 101 104.875 109 137.9375 140.9375 141.9375 144.375 143.6875
145.875 121.4375 118.357147216797 122.875 109.666664123535 98.5714263916016 -9999 -9999 -9999 -9999 -9999 -9999 -9999 -9999 -9999 -9999 -9999 -9999 -9999 -9999 -9999 -9999 -9999 -9999 -9999 -9999 -9999 121 118.25 113.5 -9999 104 102.599998474121 103.5 107 109.1875 112.25 116.4375 121.8125 127.125 132.3125 135.1875 133.5625 131.25 127.75 124.4375 120.6875 117.9375 114.625 109.625 104.3125 100.75 96.625 93.375 92 91 90.8125 92.625 94.25 96.25 120.3125 124.125 129.3125 134.375 138.3125 141.625 143.5 144 143.75
111.3125 109 113.444442749023 115.800003051758 113.333335876465 -9999 -9999 -9999 -9999 -9999 -9999 -9999 -9999 -9999 -9999 -9999 -9999 -9999 -9999 -9999 -9999 -9999 -9999 -9999 -9999 128.199996948242 126.25 120.083335876465 117.8125 112.3125 107.133331298828 102.428573608398 102.800003051758 102 105.625 108 111.3125 115.875 120.75 126.3125 132.3125 135.4375 133.4375 129.625 125.4375 121.125 118.5625 116.125 113.25 108.125 103.875 100.8125 98.0625 94.8125 92.0625 91.5 92.125 92.6875 94.3125 98.125 121.3125 126.25 131.9375 136.5625 140.875 143.8125 146.25 145.6875 145.0625
92.4000015258789 102 -9999 -9999 -9999 -9999 -9999 -9999 -9999 -9999 -9999 -9999 -9999 -9999 -9999 -9999 -9999 -9999 -9999 -9999 -9999 -9999 -9999 -9999 -9999 -9999 -9999 115.399993896484 114.25 109.555557250977 103.83332824707 97.2857208251953 92 99.8333358764648 105.8125 108.1875 109.875 113.625 117.875 123.25 128.875 131.0625 129.875 126.6875 122.125 119.5 117.1875 114.75 112.5625 108.75 105.4375 102.0625 100.125 96.5 93.625 92.625 92.3125 94.1875 95.625 99.0625 122.3125 127.5 132.8125 137 143 146.9375 148.8125 148.75 148
-9999 -9999 -9999 -9999 -9999 -9999 -9999 -9999 -9999 -9999 -9999 -9999 -9999 -9999 -9999 -9999 -9999 -9999 -9999 -9999 -9999 -9999 -9999 -9999 115.333335876465 112 113.5 115 111 106.5 101.25 95.7857131958008 92.0625 96.5 106.071426391602 105.4375 106.6875 110.1875 115.125 121.0625 125.1875 126.5625 125.375 123.4375 119.75 117.1875 115.375 113.25 111.9375 109.1875 106.5 103.1875 100.0625 97.5625 95.625 95.6875 95.25 96 97.125 98.875 104.6875 128.1875 132.625 138.8125 143.625 149.5625 153.5 154.75 152.5625
-9999 -9999 -9999 -9999 -9999 -9999 -9999 -9999 114 -9999 -9999 -9999 -9999 -9999 -9999 -9999 -9999 -9999 -9999 -9999 -9999 -9999 -9999 110.5 111.666664123535 112.0625 113.8125 114.9375 112.8125 108.875 103.5 98 94.75 99 -9999 100.285713195801 102.25 106.3125 111 118.16667175293 122.5 122.125 120.9375 119.5625 117.0625 116.0625 114.75 112.3125 112.0625 110.9375 108.0625 104.5 100.75 98.5 96.875 96.875 97.375 97 98.125 99.6875 103.375 126.875 133.0625 140.0625 146.375 153.625 159.6875 162.6875 157.625
-9999 -9999 -9999 -9999 -9999 -9999 -9999 -9999 -9999 -9999 -9999 -9999 -9999 -9999 -9999 -9999 -9999 -9999 -9999 -9999 -9999 -9999 -9999 107 107.400001525879 107.533332824707 110.125 113.5 112.266662597656 109.100006103516 104.66667175293 -9999 -9999 -9999 -9999 -9999 97.75 100.818183898926 106.16667175293 111.333335876465 115.666664123535 117.125 117.5625 116.6875 116.625 115.125 114.125 113.9375 112.9375 111.6875 110.125 106.75 103.6875 99.75 99.25 98.9375 99 98.8125 99.875 101.875 103.5625 126.5625 134 141.5625 149.375 156.0625 163.6875 168.8125 163.6875
-9999 -9999 -9999 -9999 -9999 -9999 -9999 -9999 -9999 -9999 -9999 -9999 -9999 -9999 -9999 -9999 -9999 -9999 -9999 -9999 -9999 -9999 -9999 -9999 -9999 100.125 104.111114501953 111 111 -9999 -9999 -9999 -9999 -9999 -9999 -9999 89.5 91 -9999 106 109.1875 113.875 115.0625 115.3125 115.5 115.6875 115.75 116.5625 116.375 113.8125 113.4375 110 107.4375 105.0625 103.0625 101.9375 101.9375 102 102.0625 102.3125 103.8125 107.75 131.9375 140.25 147.8125 155.25 163 166.5625 162.6875
-9999 -9999 -9999 -9999 140.5 133.100006103516 118.090911865234 111 110.75 109 -9999 -9999 -9999 -9999 -9999 -9999 -9999 -9999 -9999 -9999 -9999 -9999 -9999 -9999 92.5 95.625 100 -9999 -9999 -9999 -9999 -9999 -9999 -9999 -9999 -9999 -9999 -9999 -9999 101.357139587402 105.875 109.375 111.3125 112.75 114 140 140.875 142.375 144.1875 140.75 134.4375 109.9375 109.4375 108 107.625 107.25 106.125 104.3125 103.1875 102.9375 103.3125 106.5625 110.6875 136.3125 143.0625 149.9375 156.625 160.1875 158.5625
-9999 -9999 -9999 124.41667175293 142.0625 138.625 123.41667175293 111.5 -9999 -9999 -9999 -9999 -9999 -9999 -9999 -9999 -9999 -9999 -9999 -9999 -9999 -9999 -9999 -9999 -9999 -9999 102.5 106.285713195801 109 -9999 -9999 -9999 98.75 -9999 -9999 -9999 -9999 -9999 -9999 99.6875 103.6875 107.4375 109.4375 110.0625 110.5625 135.5625 137.9375 140.8125 142.75 139.375 109.625 107.8125 109.3125 110.9375 113.9375 116.5 113 109.75 107.0625 105.8125 106.25 107.5625 109.1875 134.3125 141.5625 149 153.8125 155.875 154.625
-9999 108.5 116.857139587402 126.125 138.9375 135.333343505859 -9999 -9999 -9999 -9999 -9999 -9999 -9999 -9999 -9999 -9999 -9999 -9999 -9999 -9999 -9999 -9999 155 109.111114501953 105.583335876465 103.785720825195 105.875 111.1875 109.933334350586 108.199996948242 -9999 -9999 -9999 -9999 -9999 -9999 -9999 -9999 -9999 99.75 103.875 106.625 107.4375 107.8125 107.9375 131.875 134.5 137.8125 137.8125 110.5625 104.125 105 110.375 115.5625 121.9375 121.75 117.5 112.75 107.5625 104.5625 105.5 106.5625 129.125 135.4375 141.5625 147.375 152.25 154.5 154.875
-9999 107.5 117.9375 142.6875 148.625 135.466659545898 120.285713195801 -9999 -9999 -9999 -9999 -9999 -9999 -9999 -9999 -9999 -9999 -9999 -9999 -9999 -9999 168 161.58332824707 155 112.75 109.9375 109.9375 110.875 111.1875 109.25 106.846153259277 105 -9999 -9999 -9999 -9999 -9999 -9999 -9999 101.083335876465 103.625 105.3125 106 105.5625 126.75 126.3125 132.6875 115.375 115.625 112.4375 107.0625 108.75 115.6875 120.1875 126.125 125.125 117.75 111.125 104.9375 102.0625 102.9375 106.0625 129.1875 135.25 141.125 146.25 150.9375 155.3125 156.6875
108 113 125.3125 140.625 142.571426391602 137.142852783203 -9999 -9999 -9999 -9999 -9999 -9999 -9999 -9999 -9999 -9999 -9999 -9999 -9999 -9999 -9999 169.33332824707 166.5625 160.0625 153.625 114.5625 109.6875 107.125 110.5 111.3125 107.25 105.5625 101.25 -9999 -9999 -9999 -9999 -9999 102 101.357147216797 103.75 104.8125 129.9375 129 128.3125 129.8125 115.5625 119.5625 122 122.8125 121.1875 121.5625 123.5 126.5625 125.4375 120.9375 115 108.125 101.6875 98.5 101.625 106 128.875 134.3125 141.1875 146.8125 152.0625 153.875 153.875
-9999 117 124.866668701172 132 142 -9999 -9999 -9999 -9999 -9999 -9999 -9999 -9999 -9999 -9999 -9999 -9999 -9999 -9999 -9999 -9999 171.090911865234 170.5625 165.9375 157.9375 118.9375 114.6875 112 113.625 112.4375 108.8125 105.3125 100.923080444336 98.5999984741211 98 -9999 103 104.444442749023 103.466667175293 103.25 104.1875 130.1875 133.4375 133.375 135.25 137.0625 119.4375 124.25 129.9375 133.4375 133.6875 132.3125 131.4375 129.3125 124.25 119.4375 113.625 106.6875 101.5 99.0625 101.5 104.75 109.25 134.375 140.75 147.375 152 150.75 149.0625
-9999 119.5 123.300003051758 128.5 -9999 -9999 -9999 -9999 -9999 -9999 -9999 -9999 -9999 -9999 -9999 -9999 -9999 -9999 -9999 133 172 174.8125 176.4375 174.8125 166.3125 124.6875 121 120.0625 116.0625 113.1875 108.625 124.875 119.875 118.1875 120 100.3125 104.125 107.0625 104.625 104.3125 129.5 132 134.1875 135.3125 136.6875 138.75 143.625 127.25 135.125 143.0625 145.8125 138.6875 133.5 128.1875 122.875 117.25 111.3125 106 102.5625 100.875 101.625 103.9375 108.8125 134.0625 139.3125 145.8125 150.125 150.125 151.3125
-9999 -9999 -9999 -9999 -9999 -9999 -9999 -9999 -9999 -9999 -9999 -9999 -9999 -9999 -9999 -9999 -9999 -9999 -9999 134.41667175293 173.0625 179 183.6875 180 169.8125 128.3125 126.375 125.1875 121.125 115.25 129.1875 120.4375 114.625 113.875 117.125 120.5625 122.25 102.375 103.375 104.25 129.0625 132.625 135.4375 138.4375 137.875 138.875 142.125 149.1875 156.875 168.0625 147.25 140.125 133.5625 126.5625 120.125 113.875 108.5 104.8125 102.625 102.0625 102.3125 105.625 109.125 112.6875 116 120.375 124 127.6875 127.625
-9999 -9999 -9999 -9999 -9999 -9999 -9999 -9999 -9999 -9999 -9999 -9999 -9999 -9999 -9999 -9999 -9999 -9999 135 167.5 172.9375 178.3125 184.375 148 141.8125 134.4375 130.6875 127.375 123.875 139 129.3125 119.125 110.75 110.125 114.6875 117.875 119.1875 119.8125 101.75 124.3125 129.125 132.75 135.3125 137.9375 138.1875 138.75 140 142.125 147.5 157.375 162.5625 135.4375 129.9375 124 118.25 112.375 107.5 102.75 102.1875 104.3125 105 106.625 109.5 113.6875 116.6875 119.75 121.4375 123.625 123.5
-9999 -9999 -9999 -9999 -9999 -9999 -9999 -9999 -9999 -9999 -9999 -9999 -9999 -9999 -9999 -9999 -9999 -9999 128.75 129.125 166.25 172.625 177.6875 146.6875 144.8125 137.6875 132.6875 127.0625 122.4375 138.8125 129.8125 120.5 113.75 111.125 112.625 115.3125 115.875 116 118.0625 122.75 127.25 131.875 135.0625 136.375 136.1875 137 137.625 138.3125 140.625 146.9375 151.5625 128.375 125.4375 121.6875 116.875 112.1875 107.4375 103.625 103.5 105.3125 107.25 108.75 111.375 114.9375 117.75 120 120.5 121.375 121.9375
-9999 -9999 -9999 -9999 -9999 -9999 -9999 -9999 -9999 -9999 -9999 -9999 -9999 -9999 -9999 -9999 -9999 -9999 124.5 123.625 162.8125 169.125 173.25 176.1875 142.9375 139.4375 134.75 128.5 149.1875 140.625 132.1875 124.625 118.5625 114.4375 113.0625 113.3125 113.75 96.0625 97.6875 101 105.875 131.5625 132.375 132.5625 133.6875 135.375 135.5625 136.625 139.375 141.9375 143.8125 122.875 121.5625 119.1875 115.875 111.5625 108.3125 106.375 107 106 107.375 109.5625 111.9375 115.3125 117.6875 121.0625 121.6875 121.375 120.875
-9999 -9999 -9999 -9999 -9999 -9999 -9999 -9999 -9999 -9999 -9999 -9999 -9999 -9999 -9999 -9999 -9999 -9999 -9999 123.923080444336 165.9375 170.8125 174.625 179.9375 146 143.75 140 134.9375 127.75 120.75 136.9375 129.0625 122.5625 117.5625 115.5 96.4375 95.9375 95.875 96.9375 100.1875 104.1875 107.625 109.5 131.3125 132.3125 132.9375 133.375 134.6875 135.8125 137.6875 138.125 119.0625 117.4375 116.9375 114.25 111.625 108.875 107.1875 106.5 106.1875 106.75 109.375 112.1875 114.75 117.625 120.875 121.625 122.3125 120.3125
-9999 -9999 -9999 -9999 -9999 -9999 -9999 -9999 -9999 -9999 -9999 -9999 -9999 -9999 -9999 -9999 -9999 -9999 -9999 173.5 174.3125 175.25 177 179.9375 146.6875 147.6875 146.125 140.5625 133.375 125.9375 141.3125 112.75 107.875 103.8125 100.6875 98 96.6875 96.6875 97.375 98.875 101.5625 104.75 107.125 109.375 110.8125 112.5625 114.125 134.1875 134.5625 134.875 117.4375 116.125 115 114.125 112.0625 110.3125 107.875 107.125 106.5625 106.3125 107.125 109.125 112.375 115.0625 118.3125 120.75 121.5625 121.3125 120.3125
-9999 -9999 -9999 -9999 -9999 -9999 -9999 -9999 -9999 -9999 -9999 -9999 -9999 -9999 -9999 -9999 -9999 -9999 -9999 181.299987792969 180.625 178.1875 179.9375 181.8125 182.625 183.8125 151.625 146 138.8125 128.875 123 116.625 110.8125 107.0625 103.25 99.375 97.625 96.8125 97.125 98.0625 99.6875 101.625 104.375 106.6875 108.75 112.3125 113.6875 114.875 115.4375 116.1875 115 114.5 115.1875 114.5 112.625 110.5 108.5 106.8125 105.75 105.75 107.1875 109.9375 113.125 116.125 119.4375 121.25 121.9375 120.5 118.75
-9999 -9999 -9999 -9999 -9999 -9999 -9999 -9999 -9999 -9999 -9999 -9999 -9999 -9999 -9999 -9999 -9999 -9999 -9999 143.857147216797 179.5625 175.5 176.3125 180.0625 183.125 186.1875 187.1875 180.25 169.125 133.0625 126 118.5625 114.25 109.625 104.75 100.3125 98.3125 96.5625 97 98.25 98.8125 99.875 102.75 105.0625 108.25 111.125 113.625 116.1875 116.375 115.5 113.625 113.8125 114.8125 114.875 113.5 110.5 109.1875 106.3125 106.0625 107.3125 108.875 110.8125 114.375 117.25 121.3125 124 124.6875 122.625 120.375
-9999 -9999 -9999 -9999 -9999 -9999 -9999 -9999 -9999 -9999 -9999 -9999 -9999 -9999 -9999 -9999 -9999 -9999 -9999 143.666656494141 139.833343505859 170.1875 170.8125 175.5 179.8125 182.4375 182.1875 175.6875 165.25 154.75 123.875 119.8125 114.625 110.5625 105.625 101.625 98.6875 98.0625 98.0625 97.8125 97.6875 98 100.875 105.5625 109.5625 112.5625 114 116.3125 116.4375 115.8125 116.5 116.0625 116.625 114.6875 112.0625 110.5625 108.5 106.5 106.1875 107 108.8125 112.125 115.3125 118.25 121.4375 124.8125 125 123.4375 121.625
-9999 -9999 -9999 -9999 -9999 -9999 -9999 -9999 -9999 -9999 -9999 -9999 -9999 -9999 -9999 -9999 -9999 146 147.857147216797 144 138.100006103516 167.4375 166.9375 170.25 173.125 174.6875 173.8125 166.5 155.75 147.75 140.625 116.25 113.75 109.75 106.6875 103.4375 101.125 100.9375 100.3125 99.25 98 97.625 101.875 107.25 110.4375 113.125 114.25 115.125 116.625 120.375 124.1875 123.25 119.875 117.25 114.4375 111.5 108.375 107.125 106.8125 109.1875 110.5 113 116.625 119.5625 122.0625 123.75 123.375 121.5 119.4375
-9999 -9999 -9999 -9999 -9999 -9999 -9999 -9999 -9999 -9999 -9999 -9999 -9999 -9999 -9999 -9999 149.33332824707 148.66667175293 147 -9999 137.785705566406 166.625 163.625 163.875 164.8125 163.8125 159.625 155.25 147.125 139.625 134.9375 130.4375 109.9375 124.5625 107.875 121.5625 104.3125 102.8125 101.9375 100.5625 99.9375 101.9375 103.375 106.625 111.125 115.0625 116.1875 117.3125 119 124.9375 130.25 128.1875 124.6875 120.875 116.3125 113.4375 110.0625 108.5 109.1875 110 112 114 117.875 121.8125 136.875 124.375 123.6875 122.625 119.6875
-9999 -9999 -9999 -9999 -9999 -9999 -9999 -9999 -9999 -9999 -9999 -9999 183.5 189.08332824707 193.076919555664 194.692306518555 195.533340454102 191.08332824707 183 174.125 167 162.0625 158.25 157.0625 156.0625 153.625 149.25 143.3125 137.0625 131.125 126.3125 124.9375 123.375 122.0625 121.75 122.625 122.5625 105 104.125 103.3125 103.0625 103.125 105.75 109.8125 113 114.8125 115.0625 116.1875 119.625 121.9375 125.1875 126.5625 124.25 122.125 117.4375 113.9375 111.8125 110.0625 110.375 110.8125 111.9375 114.4375 117.625 133.4375 137.6875 138.9375 137.4375 123.0625 120.9375
143.375 142.25 142.0625 139.615386962891 111.199996948242 112 -9999 -9999 -9999 -9999 -9999 -9999 141.571426391602 181.333343505859 187.1875 192.5625 196.625 189.75 178.9375 171.125 163.4375 156.0625 150.625 147.4375 144.5625 141.6875 138.875 133.875 127.5 121.5625 118.875 118.5625 118.5 118.625 120.125 122.3125 123.1875 106.9375 107.125 107.125 106.4375 108.5625 109.1875 113.0625 115.3125 115.3125 115.3125 116.8125 116.75 118.25 118.8125 121.625 121.0625 118.5 113.875 110.875 109.0625 108.1875 110.125 110.5 112.6875 115.25 117.5625 120.5625 134.5625 136.625 137.3125 123.75 131.1875
