input_data/future_climate/BCC_CSM2_126/_bio19_a.asc
ncols  331
nrows  193
xllcorner  17.833372883333
yllcorner  37.9999896166667
cellsize 0.1666667
NODATA_value  -9999
[rows 62 to 92 of 193, columns 138 to 206 of 331]
124.625 125.625 126 126 126.0625 127.25 127.8125 127.875 128.1875 129.8125 130.0625 130.5 128.5 127.6875 126.4375 125.25 124.9375 123.625 122.9375 123.1875 123.1875 123.375 123.875 123.8125 123.5625 121.5625 121 120.25 120 118.4375 117.125 116.6875 114.8125 114.0625 112.3125 112.6875 112.9375 113.625 113.75 114.5 116.4375 119 120.5625 122.5625 124.5 124.5 123.8125 123 122.25 120.125 118.0625 116.9375 115.125 114 113.5625 113.0625 113.125 113.0625 113.5625 114.875 115.1875 116 117.0625 117.4375 117.6875 118.1875 118.3125 119.4375 120.375
122.625 123.375 125 125.9375 126.25 126.5625 127.1875 128.3125 128.4375 128.4375 129 128.5625 128 127.875 126.1875 124.875 124 123.3125 122.4375 122.9375 123 123.5 123.5 123.1875 123.4375 122.5625 121.5625 121.0625 120.0625 119.6875 117.6875 116.4375 115.4375 113.9375 112.1875 112.125 112.1875 113 113.6875 114.4375 115.9375 118.25 119.6875 122.1875 123.25 124.1875 124.75 124.5 123.9375 122.5625 121.0625 119.1875 116.875 115.5625 114.6875 114.9375 114.25 114.125 114.5 114.9375 115.5625 116.125 117.25 118.5625 118.1875 118.75 120 120.75 121.4375
121.125 121.5 124.125 125.0625 125.625 126.5625 127.3125 127.5625 127.4375 128.1875 128.0625 127.75 126.6875 126.1875 125 124.1875 122.25 121.8125 121.875 121.625 122.3125 122.3125 122.5 123.0625 122.9375 122.25 121.75 120.6875 120.125 118.75 117.5 116.5 115.6875 113.125 112 111.875 111.6875 111.75 112.1875 113.625 116 116.875 118.9375 121.3125 122.5625 124.1875 125.125 125.3125 124.9375 124.125 123.375 121.5625 120.3125 118.125 117 115.4375 116.0625 116.25 115.5 115.3125 115.75 116.25 117.5625 118.5 119.0625 119.0625 119.4375 120.5625 121.125
122.4375 122.9375 123.8125 124.5 124.125 124.6875 126.3125 127.125 127.5 127.8125 127.9375 126.8125 125 123.9375 122.6875 122 121.0625 120.6875 121 121.3125 122.4375 122.375 122.4375 122.5 122.4375 122.625 121.6875 121.0625 120.4375 118.625 117 116.25 115.1875 113.25 111.625 110.25 109.625 109.8125 110.375 111.8125 113.75 115.8125 117.25 118.875 121.75 123.5 125.625 125.8125 126.6875 125.4375 124.75 123.4375 121.5625 120.25 119.5 117.125 116.5625 116.5 115.6875 115.875 116.1875 116.75 117 117.125 118.5 120.0625 120 121.125 122.1875
122.5 122.6875 124.25 124.5 124.4375 125.125 126.75 126.625 126.3125 125.4375 125.75 125.0625 123.6875 122.25 120.875 120.125 119.375 119.3125 119.8125 120.6875 120.9375 122.1875 123 122.75 122.625 122.0625 121.1875 121 120.625 118.625 116.9375 116.125 114.1875 112.8125 110.75 108.8125 108.0625 108.125 108.9375 110.3125 111.5625 113.5 116.3125 118.125 120 123.25 125.125 128.0625 129.1875 128.375 126.0625 124.9375 124.625 122 119.875 118.25 117 115.9375 115.375 115.1875 116.4375 117.0625 117 117.3125 119.125 120.1875 121.6875 122.25 123.0625
122.375 123.375 124.0625 124.1875 124.6875 124.8125 126.75 127 126.1875 125.5 124.6875 123.5625 121.5 120.1875 118.6875 118.375 117.875 118.875 118.9375 119.75 120.4375 121.5 121.9375 122.4375 122 122.1875 121.0625 120.9375 119.8125 118.8125 116.0625 115 113.625 111.875 109.8125 107.875 106.5625 106.25 106.75 108 109.4375 111.3125 114.5 117.1875 119.125 122 125 128.9375 130 129.375 128.3125 126.6875 125 123.125 120.25 118.3125 116.125 115.5 115.6875 115.25 116.375 116.875 116.9375 117.4375 118.375 120.5 122.6875 124.375 125.5625
123.1875 123.3125 123.4375 123.3125 124.3125 125.9375 127.875 127.5625 127.3125 126.1875 125.3125 123.1875 121.3125 118.875 117.3125 116.8125 117.5 118.0625 119 119.3125 121.25 121.1875 122.6875 122.9375 122.5 122.4375 121.8125 120.8125 119 117.125 116.1875 115.1875 113.125 110.75 108.375 105.625 104.1875 103.5625 104.1875 105.4375 107.125 109.3125 112.5625 115.125 118.0625 121.1875 126 129.75 132.25 131.625 129.25 127.25 125.4375 122.5625 119.3125 117.875 115.625 115.5625 115.375 115.1875 115.5625 116.0625 117 117.375 119.875 122.125 124.625 126.6875 128.9375
124.75 125.0625 125.375 123.875 124.1875 126.25 126.75 126.25 125.6875 125.875 124.625 122.375 120.5625 118.125 116.125 115.0625 115.0625 116.8125 118 119.375 120.25 121.625 123.3125 123.625 123.125 122.375 122.0625 120.9375 118.9375 118.375 116.6875 115.9375 113.75 111.4375 108.375 104.75 102.8125 101.0625 101.125 102.875 104.625 106.9375 110.1875 113.1875 116.5625 119.4375 125 130.25 133.6875 132.0625 129.5625 126.6875 125.25 121.625 119.625 117.25 115.25 115.0625 114.9375 114.875 114.1875 114.8125 116.8125 117.75 119.625 123.0625 125.5 128.9375 132
125.9375 125.8125 125.625 125.25 125.375 126.5 127.5 126 126.625 126 124.5625 123.4375 120.125 117.625 114.6875 112.8125 113.9375 115.8125 117.625 118.9375 120.625 122.6875 124 124.8125 124.3125 123.75 123.0625 122.0625 121.5625 120.6875 119.5625 116.875 114.4375 111.625 107.1875 103.8125 100.75 98.5 98.875 100.625 103.25 105.5 108.625 111.1875 113.9375 117.4375 122.3125 126.375 129.5625 128.125 125.4375 122.6875 120.625 118.4375 115.9375 114.25 114.25 115.25 114.8125 115.5 115.8125 116.125 116.8125 117.4375 118.9375 122.4375 126.625 131 135.5
127.25 126.9375 127.4375 127.625 127.5 128 126.75 126 126.6875 125.5 124.75 123.625 121 117.9375 115.6875 114.75 115.375 117.375 118.5 120.3125 122.4375 123.875 124.875 124.625 124.875 125.0625 124.5 124 123.9375 124.3125 121.875 118.6875 114.625 111.9375 108.0625 103.75 99.8125 96.9375 97.0625 99.3125 101.25 103.125 105.375 107.9375 111.1875 112.6875 115.6875 120.5 122.6875 122.125 120.6875 118.875 116.4375 112.6875 111.8125 111.1875 111.625 112.25 112.9375 114.0625 115.1875 115.875 116.625 118.0625 120.0625 123.875 128.5625 133.5625 136.75
129.3125 128.5625 128.6875 128.5625 128.6875 128.0625 127.1875 126.0625 125.9375 125.6875 125.3125 124.125 122.8125 120.625 118.5625 117.5625 118.4375 119.6875 121.0625 122.4375 123.625 123.875 124.5 125.4375 126.375 127.3125 127.8125 129.375 131.5 130.5625 127.75 122.0625 117.6875 113.3125 108.75 104.25 100.6875 98.1875 97.3125 97.8125 99.3125 100.375 102.9375 105 106.5625 108.8125 110.8125 113.3125 115.8125 117.125 116 115.125 112.9375 110.25 108.4375 109.3125 110.125 111.4375 112.0625 113.6875 114.4375 115.75 117.25 118.875 120.8125 124.125 129.4375 134.0625 138.125
131.1875 130.75 130.0625 129.4375 128.6875 128.375 127.1875 126.25 126 126 125.6875 125.125 124.375 123.5 122.4375 121.75 122 122 122.9375 123.125 124.1875 125.25 125.875 127.0625 128.3125 128.75 131.125 132.6875 134.5625 135.625 131.75 126.4375 121.75 115.875 110.875 105.875 101.6875 99.8125 98.625 98.4375 99.1875 100.3125 100.9375 102.3125 104.5 105.3125 106.4375 107.5 108.4375 109.9375 110.8125 110 108.5 108 107.5 107.75 108.5625 110.3125 111.0625 112.3125 114 115 116.6875 118.5 120.9375 124.5 129.4375 133.25 137.6875
131.75 131.625 130.25 129.6875 129.1875 128.4375 126.9375 126.6875 126.3125 126.3125 126.6875 126.75 126.5 126 125.5625 125 124.375 123.9375 123.5 124.125 125.125 126.25 127 127.75 128.125 129.9375 132.125 134 135.75 136.9375 134.0625 129.625 125.75 120.4375 114.5625 109.125 104.375 101.875 99.8125 99.4375 99 99.1875 100.0625 101.6875 101.5625 101.125 101.625 101.6875 102.75 103.6875 104.625 105.25 105.3125 105.5 105.0625 106.625 109.0625 109.375 110.9375 111.4375 112.9375 114.875 116.5 118.6875 120.375 124.1875 127.375 130.0625 133.9375
130.8125 103.75 104.9375 104.9375 105.625 128.1875 126.8125 126.5625 126.1875 126.5625 126.5 127.4375 128.5 128.375 127.9375 127.625 126.25 125.5 125.875 125.9375 126.0625 126.5 127.75 127.8125 128.0625 130.3125 131.25 133.75 136.0625 136.9375 135.5625 131.3125 127.1875 122.3125 116.6875 111.0625 105.5 101.5625 99.25 98.875 98.8125 99.375 100 100.25 99.25 98.4375 98.125 98.3125 98.875 100.375 101.0625 101.9375 102.625 104.0625 105.5 106.4375 107.75 109.0625 110.875 112.0625 113 114.375 115.6875 117.3125 119.9375 122.25 124.6875 126.9375 129.5
104.9375 104.3125 104.1875 104.5625 104.25 103.5 103.75 126.4375 127 127 127.875 129.0625 131.3125 132.8125 132.375 129.375 128.125 127.375 126.875 126.5 126.625 127.5 128.0625 127.9375 128.8125 130.5625 130.875 132.5625 135.1875 135.875 133.6875 130.4375 127.3125 123.125 118.6875 112.875 107.125 103.125 100 99.25 99.75 101.1875 101.1875 99.4375 97.75 96.0625 94.5625 94.8125 95.625 97.4375 98.3125 99.8125 100.5 102 104.25 105.1875 106.6875 108.5 109.75 110.75 111.875 113.875 115 116.5 118.6875 121.125 123.125 125 126.5
104.0625 105 104.8125 103.9375 103.75 103.5 103.875 126.8125 128 127.9375 128.1875 129.6875 133.25 134.8125 132.8125 131.125 130.8125 130.5 128.625 127.875 127.4375 127 127.5625 128.25 128.875 129.75 129.875 131.875 133.375 134.5 134.9375 133.375 129.9375 125.75 120.75 113.6875 107.625 102.625 98.6875 97.5 98.3125 99.4375 99.125 97.375 95.5 92.5625 90.25 89.9375 92.375 94.6875 97.0625 99.4375 101.5 103.6875 105.875 105.875 106.125 107.6875 109.25 111 112.625 114.0625 114.6875 117.25 117.6875 119.6875 121.625 123.625 124.1875
103.375 103.4375 103.9375 103.0625 103.0625 102.375 102.6875 103.125 126.3125 126.9375 127.4375 129 131.3125 133.1875 132.5625 131.0625 131.25 131 129.8125 129.5625 129 127.375 127.0625 127.9375 129 129.3125 129.5625 130.875 132.125 134.0625 134.5 133.0625 130.875 128.0625 123.75 116.0625 109.1875 101.5 97 95.1875 96 96.5 98.0625 98.375 94.9375 90.25 85.8125 84.1875 88.25 92 95.4375 97.75 100.0625 102.9375 105.375 106.9375 107.625 107.8125 109.1875 111.0625 112.375 113.5 114.6875 116.0625 117.4375 119.8125 120.875 120.5 118.75
102.9375 102.3125 102.9375 102.625 102.3125 101.875 101.5 102.375 103.5625 125 126.75 127.8125 129.3125 131.0625 132.3125 131.4375 131.6875 130.75 130.75 130.875 129.625 128.0625 127.375 127.625 128.75 129 129.5 130.6875 132.4375 133.875 135.375 135.375 133.6875 130.4375 126.375 118.625 110.0625 101.375 94.5 94.0625 95.625 97.6875 99.25 97.1875 93.3125 89.1875 84.8125 83.8125 87.625 91.5 95.0625 98.9375 101.4375 103.9375 105.4375 106.75 109 109 109.5 111.5 112.625 114.1875 115.25 116.0625 115.875 117 117.125 116 115.0625
100.5 100.1875 101.5625 101.375 100.75 99.6875 102.25 102.1875 102.375 124.5625 124.5 125.0625 126 127.25 129.9375 129.5625 128.8125 129.25 130.5 130.5625 130.6875 128.5625 125.875 127.5 128.0625 128.6875 130.25 130.75 131.9375 132.4375 134.0625 135.4375 137.625 134.5625 129.875 122.0625 112.625 102.375 95.4375 93.3125 95.4375 98.9375 101.25 98.8125 95.125 90.5625 88.1875 86.25 88.9375 92.375 95.9375 100.0625 102.4375 104.0625 105 107.6875 109.125 111.1875 111.25 112.4375 115.125 115.0625 115.875 116.25 116.5625 116.25 115.4375 115.375 114.375
99.5 100.5 100.625 101.5625 99.75 98.5 100.25 99.4375 100.8125 121.3125 121.9375 122.1875 122.5 121.3125 122.625 123 123.4375 127 129.8125 131.3125 130.375 128.625 127.9375 127.3125 127.25 128.0625 129.4375 131 132.25 133.0625 134.875 138.1875 140.125 140.0625 135 125.5625 114.3125 103.75 97.5625 94.875 95.25 97.625 98.125 97.25 94 91.8125 89.625 89.4375 91.0625 93.875 95.125 98.25 102 104.625 107.1875 109.5625 111.3125 113.4375 113.3125 113.0625 115.1875 115.375 114.6875 114.9375 115.8125 115.3125 115.875 114.5625 112.375
99.375 100.0625 102.4375 100.5 99.375 99.4375 99.5 99.125 98.4375 118.125 117.5625 117.8125 117.375 116.3125 115.125 114.4375 113.9375 120.875 129.5 132.6875 130.625 129.6875 127.5 125.625 125 126 128.625 129.3125 130.0625 132.0625 133.9375 136.3125 140.9375 144.25 142.8125 130.125 115.3125 105.1875 99.1875 94.875 92.6875 93.8125 93.5625 93.25 91.8125 91.9375 92.4375 93.9375 95.625 96.1875 99.5 103.3125 105.0625 107.625 109.1875 110.3125 111.0625 112.625 113.6875 115.1875 114.6875 114.75 115.0625 114.9375 115.125 115.125 114.4375 113.1875 111.375
100.1875 100.375 99.9375 99.375 99 98.6875 98.8125 98.9375 98.375 117.4375 115.9375 114.1875 113.4375 112.8125 111.0625 108.8125 110.0625 117.5625 128.5 133.125 130.9375 128.625 126.9375 125.25 124.0625 124.4375 124.9375 126.3125 126.5 127.5 130.1875 132.875 137.5 140.8125 139.375 127.875 113.625 102.25 96.3125 92.375 90.8125 90.75 90.6875 91.1875 92.125 92.1875 93 94.6875 95.75 99.3125 104.8125 106.5625 107.875 109.3125 109.5625 110.5 111.9375 112.5625 114.1875 115.25 115.875 115 115.125 115.125 115.5 115.875 114.5625 113.25 111.4375
99.375 100.125 100.75 100.1875 99.4375 99.1875 98.625 98.3125 96.3125 115.1875 113.8125 111.375 109.5625 109.1875 107.4375 107.3125 109.9375 115.25 122 126.3125 126.875 125.375 124.0625 123.875 124.0625 124.25 125.125 124.3125 125.125 126 127.1875 128.25 130.875 131.6875 129.0625 120.1875 109.875 100.125 94.75 91.9375 90 89.3125 89.6875 90.4375 90.375 91 94.0625 97.75 101.4375 104.5 107.5 108.9375 109.625 109.9375 111.5625 112.9375 113.375 114.0625 114.1875 114.9375 115.625 116.3125 115.8125 114.875 115.0625 115.0625 114.3125 113.1875 109.875
100.1875 100.5 100.25 99.75 99.6875 98.5 97.5 96.625 115.875 113.0625 111.625 110.0625 108.4375 107.3125 105.1875 104.9375 105.3125 109.625 114.875 119.0625 121.875 123.1875 123.625 123.75 123.3125 123.125 122.25 121.9375 121.6875 121.875 122.0625 122 121.5 121 117.9375 111.9375 104.75 97.9375 91.125 88.1875 86.8125 87.625 87.9375 88.9375 90 91.125 93.4375 98.3125 103 106.5625 109.125 110.5 111.1875 112.125 112.875 113.1875 114.1875 115.0625 115.5 115.875 116.125 116.4375 115.75 115.75 115.875 116 115.9375 114.125 110.375
100.5625 100.625 101.1875 100.3125 100 99.4375 96.5 116.625 114.5625 110.9375 109.375 108.4375 106.1875 102.625 100.375 99.25 99.3125 102.625 108.5 113.875 118 120.125 121.625 122.0625 121.625 120.875 119.1875 118 117.5625 116.75 115.0625 114.1875 113.625 112.375 109.0625 104.625 99.625 92.75 87.375 84.4375 83.375 84.25 86.1875 88.375 89.875 92.8125 95.75 99.75 103.125 107.625 111.6875 112.0625 111.5 112 113 113.3125 114.4375 115.1875 115.625 116.5 116.8125 117 116.625 115.625 116.0625 116.0625 114.1875 111.6875 108.25
125.4375 100.6875 101.3125 101.4375 100.5625 98.4375 121.3125 117.1875 112.25 108.5625 106.0625 104 102.5 99.6875 98 95.875 81.3125 82.5 102.125 109.0625 114.5625 117.9375 119.25 120 119.4375 117.8125 115.375 113.4375 112.25 110.6875 108.9375 107.4375 105.3125 103.6875 101.625 97.9375 94.125 89.25 84.8125 81.25 80.5625 82 84.5 86.5 89 91.25 95 99.5 102.125 104.4375 109.125 110.75 111.5625 112.5625 112.9375 113.4375 114.75 115.125 115.4375 116.0625 116.0625 116.1875 116.3125 115.1875 114.375 114.1875 115.125 112.3125 110
125.875 126.875 128.5 129.5625 128.5 125.875 122.25 116.4375 109.0625 107 105.4375 103.5 101.125 98.75 83.25 81.125 78.5625 78.625 83.4375 106.4375 113.3125 116.875 118.4375 119.125 118.8125 115.5625 113.875 110.9375 108.625 106.9375 104.625 101.9375 98.5625 96.125 94.9375 92.25 88.5 85.9375 82.6875 79.75 79.125 80.75 82 85.25 87.6875 90.5625 93.625 97.875 101.25 103.6875 106.8125 109.375 110.6875 111.25 113 112.8125 113 114 114.875 115.25 115.0625 114.6875 114.4375 114.625 114.0625 114.25 113.4375 111.6875 109.8125
125.875 126.8125 129.0625 130.25 132.0625 130.4375 124.25 116.625 109.4375 107.875 106.8125 105.75 103.0625 85.8125 83.375 81.0625 79.6875 79.1875 82.25 105.1875 111.75 116.875 119.6875 119.8125 117.5 114.75 112.6875 109.625 106.8125 105.0625 101.5625 97.25 92.6875 90.25 88.5625 88.0625 86.375 84.0625 81.25 80.0625 79.5 80.4375 82 84.625 86.5625 88.5 91.75 96.0625 100.1875 104.25 105.625 107.6875 109.8125 110.25 111.875 111.25 111.6875 114.25 114.5 114.3125 114.0625 114 114.125 105.5625 104.25 114.75 113.375 111.6875 110.25
125.0625 126.5 128.625 133.125 137.0625 135.0625 128.5 121.3125 114.875 111.625 109.0625 107.1875 103.625 86.9375 84.875 82.875 81.8125 81.375 100.75 105.375 112 118.75 121.25 119.1875 116.4375 114.25 110.875 108.75 106.375 102.9375 98.75 95.5 91.375 87.875 87.1875 86.75 85.5 83.75 82.8125 81.5 80.375 80.375 81.8125 83.125 85.1875 88.0625 90.625 94 97.25 101.25 104.75 107.6875 109.75 111.5625 112 111.5 111.5 112.125 112.4375 106.625 105.625 104.0625 102.75 102.5 102.5625 102.375 113.875 112.5 110.5625
123.375 126.5 129.25 132.6875 137.75 139.3125 131.6875 124.9375 118.75 114 110.4375 107.625 105.25 103.1875 101 99.125 98.4375 99.5625 102.4375 106.5 111.25 115.875 119.3125 117.75 115.3125 112.9375 109.6875 106.5 104 100.4375 97.6875 94.5 92.125 89.625 88.5625 86.9375 85.4375 84.9375 83.5 81.5 80.875 81.4375 81.8125 83.375 85.0625 87.4375 90.1875 93.375 95.0625 100.3125 105.9375 109.125 111.625 112.5625 112 111.0625 110.0625 109.75 103.4375 103 103.625 103 101.8125 101.4375 102.125 103.4375 115.1875 113.1875 110.5625
121.375 124.375 127.25 132.125 134.375 135.875 131.75 127.25 121.875 117.375 114.125 109.6875 106.9375 105.3125 103.125 101.8125 101.1875 102.3125 104.25 107.0625 110.875 113.8125 115.125 115 113.5 109.6875 106.5625 104.5625 102.75 100.875 99.125 96.5 94.5625 92.0625 90.8125 88.5625 87.1875 86.5625 85.125 84.875 83.8125 83.25 83.0625 83.375 85.1875 87.5625 89.9375 92.875 95.125 100 105.3125 110.1875 113.5 114.1875 113.1875 110.75 108.6875 106.1875 98.3125 97.8125 98.25 99.875 101.3125 101.375 101.6875 103.8125 103.25 115.6875 113.625
