input_data/future_climate/BCC_CSM2_126/_bio13_a.asc
ncols  331
nrows  193
xllcorner  17.833372883333
yllcorner  37.9999896166667
cellsize 0.1666667
NODATA_value  -9999
[rows 155 to 185 of 193, columns 213 to 283 of 331]
16.6875 17.375 17.6875 17.875 18.0625 18.625 18.5625 18.125 18 18 18.25 18.875 19 19.0625 19.625 19.5 19.4375 18.625 19.0625 19.125 19.25 19.0625 18.75 18 17.375 16.875 16.1875 16.0625 15.5 15.625 20.375 23.5 19.6875 18.625 20.6875 18.125 15.75 15.8125 15.625 16 17.4375 19.9375 20.375 21.75 21.8125 17.125 13.625 13 13.5625 14.1875 14.8125 15.125 14.875 14.9375 14.125 14.0625 13.9375 15.0625 14.9375 15.1875 15.5625 15.5625 15.75 15.75 15.1875 15.25 15.75 16 16.1875 16.75 17.25
17.25 17.3125 17.25 17.9375 18.0625 18.125 18 18 18.25 18.25 18.4375 18.0625 18.875 18.9375 19 19 19 19 18.8125 18.3125 18.0625 17.8125 17.75 17.125 16.6875 16.5625 16.25 16.625 16.75 15.9375 17 17.1875 19.25 18.125 19.0625 20.3125 18.6875 16.5 17.125 18.0625 19.9375 20.5 22.125 21.5 17.3125 13.25 13.25 13.5625 13.625 14.0625 15 15.25 14.9375 14.4375 14.3125 14.6875 14.75 15.125 15.625 15.875 15.75 15.9375 15.8125 16 15 15 15.125 15 15.125 15.75 16.8125
16.6875 17.375 18.125 17.875 18 17.875 18 18 18.1875 18.125 18.875 18.0625 18.1875 18.8125 18.9375 18.625 18.4375 18.4375 18.375 18.0625 17.875 17.3125 17 16.4375 16.125 16.9375 17.5625 17.25 16.9375 16.125 17.375 16.75 16.9375 17.5 17 18.5625 16.75 15.9375 16.875 19.375 21.8125 21.875 19.75 16.125 14.0625 14.1875 14.375 14.4375 14.3125 14.1875 14.4375 14.8125 15 15.125 15.5 15.5625 15.25 15.3125 15.25 14.75 15 15.9375 16.4375 16 15.25 15.0625 15.5 15.4375 15.75 16.0625 16.3125
16.4375 16.5625 16.75 17 17.8125 17.6875 17.6875 17.875 18.0625 18.5625 18.6875 18.375 18.125 18.125 18.1875 18 17.9375 17.875 17.9375 17.9375 17.625 17.0625 16.3125 16.0625 15.0625 16.1875 17 17.3125 16.9375 16.5 15.9375 16.375 16.875 17.3125 16.9375 15.4375 14.75 15.1875 15.4375 15.3125 17.9375 18.9375 16.25 14.6875 15.3125 15.25 15 15.0625 15.25 15.8125 15.625 15.9375 16.3125 16.1875 16.25 15.8125 15.625 15.1875 15.3125 15.375 15.5 16.125 16.5625 16.125 15.5 15.5625 15.5625 15.375 15.8125 16.875 16.9375
16.625 16.25 16.875 16.125 17.125 17.5 17.125 17.4375 17.9375 18 18.5 18.75 18.25 18.1875 18 18 18.25 17.875 17.3125 17.5 17.6875 17.125 16.5625 15.875 15.9375 16.875 16.6875 17.125 17.3125 16.4375 19.625 21.8125 17 17.375 17.375 16.5 15.25 14.5625 14.875 15.3125 14.875 14.9375 14.125 14.4375 15.6875 14.75 15.3125 16.25 17.3125 16.5 16.3125 17.25 17.3125 16.6875 16.0625 15.5 15.6875 15.875 15.375 15.4375 16.125 16.625 17 16.3125 15.875 15.5 15.875 16 16.75 17 17.1875
17.125 16.0625 16.9375 16.6875 17.4375 16.625 16.25 16.6875 17.375 18 18.4375 18.375 18.375 18.5 18.3125 17.9375 17.8125 18.125 18.1875 17.9375 18.25 17.6875 17.0625 17.0625 17.3125 15.8125 15.1875 16.9375 17.8125 17.375 19.375 20.25 17.8125 17.4375 17 16.5 16.25 16.125 16.5 15.5 14.875 14.625 15.0625 15.4375 16.25 16.625 17.875 18.75 17.3125 17.1875 16.9375 17.6875 17.125 16.6875 15.9375 15.6875 15.9375 15.9375 16.0625 16.9375 17.1875 17.1875 17 16.5625 16 16.375 16.5625 16.5 17.0625 17.6875 18
16.75 16.6875 16 15.6875 15.875 16.75 16.125 16.375 16.75 17.875 18.1875 18.125 18.5 18.5625 18.4375 18.6875 19.1875 19.25 19.1875 19.0625 18.625 18.9375 19.1875 18.375 18.0625 16.9375 17.6875 18.1875 17.625 17.875 16.6875 18 17.6875 17.5 17.1875 17.375 16.875 18.0625 16.4375 16.6875 16.5625 16.5 17.0625 17.9375 17.1875 17.875 18.5625 17.6875 17.9375 18.1875 18.4375 18.25 16.875 16.625 16 15.75 16.625 16.8125 17.5625 17.75 17.75 17.125 17 16.9375 16.25 16.9375 17.125 17.125 17.4375 17.8125 18.125
17.4375 17.125 17.3125 17.1875 17.0625 16.5 15.1875 17.0625 16 17.5 17.8125 18.25 19 19.0625 19.25 19.8125 20.375 20.5625 20.5625 20.375 19.4375 19 18.625 18.9375 18.1875 17.125 16.1875 16.6875 16.5 16.9375 16.8125 18.25 17.625 17.25 17.5 16.8125 17.5625 18.125 17.75 17.375 17 17.75 17.3125 15.875 16.375 17.5 18 17.375 17.3125 18.5 19.5625 17.375 17.125 17.25 16.5 16.75 17.25 17.5625 17.625 17.5 17.875 17.5625 17.3125 17.3125 17 17.5625 17.625 17.8125 18.5 18.75 19.1875
16.5625 17.1875 18.125 17.5 17.5 16.25 17.25 17.1875 17.5 17.9375 17.9375 18.125 20.5625 20.6875 20.625 20 20.3125 20.375 20.1875 20.375 20.375 19.25 18.9375 19.1875 18.5625 18.125 17 16.75 16.6875 16.9375 17.125 17.8125 17 16.6875 16.125 16.25 16.5625 17.4375 18.375 17.3125 17.4375 17.875 17.875 17.4375 18.375 17.625 17.3125 17.375 17.0625 17.625 18.4375 18.25 17.375 17.625 17.125 17.625 17.875 17.6875 18.25 18.4375 18.1875 18.25 18.25 18.25 18.25 18.5 18.375 18.5625 19.0625 19.6875 20.125
16.25 16.875 17.1875 17.375 17.125 16.6875 17.125 17.75 18.9375 19.25 19.125 20.125 20.625 20.375 19.875 20.375 20.3125 20.25 19.625 19.6875 19.625 19.0625 19 18.3125 18.6875 18.625 17.4375 17.1875 17.0625 17.5625 17.6875 17.9375 17.375 16.5 16 16.1875 16.25 17.1875 17.3125 17.4375 18.375 18.4375 17.6875 18.25 17.625 17.9375 18.1875 17.875 17.3125 17.5625 18.25 17.625 17.3125 17 17.4375 17.4375 17.625 18.3125 18.875 19.125 19.3125 19.25 19.25 19.25 19.375 19.125 19 19 19.6875 20.1875 20.375
16.5625 16.875 16.9375 17.25 16.5 17.0625 18.5625 19.6875 20.125 20.6875 20.375 20.1875 20.75 20.5 20.0625 20.4375 20.6875 20.1875 19.9375 19.1875 19.0625 18.3125 18.75 18.5 18.3125 18.0625 17.6875 17.125 17.125 17.4375 18.0625 17.8125 17.4375 17 16.8125 16.375 16 17.375 17.9375 18.0625 17.5 17.5 17.5 18 18.25 19.5625 18.625 18 18.375 17.875 19.4375 18.25 17.4375 17.6875 17.5 17.3125 17.625 18.125 19.1875 19.8125 21.25 21.25 20.625 20.375 20 19.25 19.375 20 20.0625 20.4375 21
17.1875 16.8125 16.6875 16.625 17.5625 18.75 19.875 20.125 20 20.625 20.4375 20 19.75 20.6875 19.9375 20.125 20.125 19.1875 19.5625 19.5 18.4375 18.875 19.5 18.625 17.8125 17.8125 17.5625 16.9375 17.1875 17.1875 18.25 18.6875 18.1875 17.9375 17.625 17.3125 17.0625 17 17.75 17.75 16.125 16.5 17.4375 20.0625 20.0625 19.6875 19.75 19.375 19.5 18.3125 17.875 17.5 17.875 18.3125 18.8125 18.8125 18 17.4375 17.5625 18.5 19.5 20.5625 21.6875 21.625 21 20.375 20.25 20.1875 20.75 20.875 21.3125
17.25 17.25 17.5 18.3125 19.3125 19.1875 19.9375 20 20.1875 20.4375 20.5625 20.25 19.75 20.3125 20.6875 21.1875 20.0625 19.875 19.625 20 19.6875 19.3125 18.5 14.625 14.25 16.625 18.5 17.1875 18.25 18.875 18.0625 17.9375 18.1875 18 17.875 17.875 17.5625 17.5625 16.8125 17.875 17.1875 16.875 17.625 19.5 20.1875 20.625 19.625 19.375 19.625 18.5 18.1875 18.625 18.3125 18.0625 18.125 18.3125 17.9375 17.125 17.5 17.875 18.5 19.4375 20.25 20 20.9375 21.625 21.5625 21.4375 21.8125 21.9375 22.5625
16.1875 16.1875 17.1875 18.3125 19.0625 19.6875 20.25 20.375 20.0625 20.375 21.125 21.75 21.5625 21.625 21.6875 21.4375 20.6875 20.9375 20.375 20.5 20.4375 20.0625 17.8125 14.25 15.375 15.5 16.3125 18 18.5625 18.5625 17.1875 17.25 17.5625 17.1875 17.125 16.8125 17.375 17.375 18.125 18.125 18.5 17.1875 16.25 18.0625 18.75 20.3125 19.6875 19.125 18.25 19.25 19.75 18.9375 18.0625 18.375 18.6875 18.9375 17.6875 17.25 16.625 17.0625 17.5625 17.9375 17.625 17.8125 19.3125 20.1875 20.8125 21.25 22.25 22.9375 23.6875
16.5 16.625 17 18.125 19.0625 19.875 20.375 21.6875 21.9375 22 22 22.0625 22.25 22.3125 22.0625 21.875 21.25 20.625 20.6875 20.625 20.5625 20.0625 16.875 16 15.75 15.3125 15.625 16.375 17.5 17.375 17 16.5625 16.5 17.25 17.8125 15.8125 17.75 18.3125 19.5625 19.4375 19.1875 18.625 18.0625 19.125 18.6875 19.625 18.875 18.4375 18.1875 20 19.625 19.0625 18.25 18.5625 19.1875 18.0625 17.6875 17.375 17.125 17.0625 16.9375 17 17.25 18 18.1875 18.6875 19.6875 20.8125 21.625 22 23
16.4375 17 17 17.1875 20.125 20.4375 21.875 22.0625 22 22 22.125 22 22 22.125 22 21.75 22.125 20.875 20.625 20 20 19.4375 17.0625 16.1875 16 15 15.0625 16.25 17.125 17.375 18.1875 18 16.9375 16.3125 17.0625 17.5625 17 17.6875 18.6875 18.5625 18.4375 18.625 17.8125 18.6875 18.5 18.5 19.125 19 19.5625 19.9375 19.5625 19.625 19.25 19.25 19.4375 18.5 18 17.3125 16.9375 16.875 16.8125 16.9375 17.5 17.9375 18.4375 19.1875 20.3125 21.75 22.375 22.4375 23.375
17 17 17 17.375 20.8125 22 22.3125 22.5625 22.5 22.125 21.9375 22.5625 23.25 23.6875 23.0625 23 22.6875 22.125 21.6875 20.6875 20.5 19.625 18.9375 17.875 17.3125 16.875 17.875 17.625 17.4375 18.0625 18.875 18.625 18.875 19.5 19.9375 19.8125 20 19.9375 19.8125 20.3125 20.125 18.75 18.875 19 18.1875 18.4375 19.4375 20.1875 20.4375 20.375 20.1875 19.5 19.9375 19.5625 19.0625 18.625 18.125 17.375 16.75 16.875 17.0625 17.9375 18.625 18.8125 20.625 22.875 26.75 26.375 23.4375 23.4375 24.8125
17.0625 17.25 17.0625 17.875 18.3125 20.6875 22.25 22.8125 23.125 23 23.1875 23.6875 23.4375 23.375 23.0625 22.875 22.375 21.9375 22.25 21.25 21 20.125 19.4375 18.6875 18.5 18.25 18.625 19.1875 18.6875 18.8125 19.6875 20.5 20.25 20.125 20.375 20.375 20 20.125 20.1875 19.875 19.6875 19.8125 19.5 19.0625 18.875 19.375 19.9375 21.4375 21.8125 21.6875 21.5 20.4375 21.125 19.9375 19.5 19.625 18.75 18 17.3125 17.125 17.875 18.75 19.1875 19.5 21.6875 23.4375 23.375 24.125 24.5 25.75 27.75
17.8125 18.3125 18.4375 18.8125 19 19.4375 19.75 21.625 23.5625 23.1875 24.9375 24.375 23.6875 23.25 21.75 20.6875 24.4375 22.1875 22.5625 21.875 20.625 20.0625 19.25 19.0625 18.6875 18.875 19.9375 19.125 19.3125 19.25 20.4375 22.5625 20.5 20.25 20.25 20 20 20.25 20.6875 20.0625 20.1875 20.5625 20.375 20.375 20.1875 21.375 21.0625 21.0625 20.125 20.3125 22 22.5 21.375 20.5625 20.8125 20.4375 19.125 18.625 17.8125 17.875 18.4375 20.3125 20.75 21 22.5 22.4375 22.625 24 26.0625 26.875 29.0625
18.9375 19 19.0625 19.4375 19.375 20 20.0625 20 22.75 24.1875 25 24.875 24.375 23.125 21.875 20.75 21.0625 21.25 21.5625 20.5 20.625 19.8125 19.125 19 19.25 19.4375 19.9375 19.5625 19.3125 19.375 21.25 22.3125 20.625 20 20 20.3125 20.875 20.6875 20.75 20.375 20.6875 21 20.625 20.4375 20.8125 21.625 22 21.9375 20.3125 20.1875 21.375 22.0625 23.0625 21.6875 21.625 21.375 20.125 19 18.5 18.8125 19.125 20.5 21.0625 22 22.375 22.5 22.875 23.1875 24.6875 26.375 28.25
19 19 19.3125 19.75 20 20.5 21.125 21 23 25.6875 24.8125 24.0625 24.8125 24.25 22.4375 21.3125 21.125 19.875 19.5625 19.9375 20.3125 20.25 19.5 19.25 20 21.3125 20.625 20.375 19.9375 19.6875 21.75 21.0625 20.5625 20.375 20.125 20.75 20.5625 20.9375 20.625 20.875 20.9375 21 21 20.5 21.8125 22.0625 22.25 22.125 22.625 21.875 21.5625 23.3125 23.5 22.5 21.625 21.125 20.3125 19.8125 19.375 19.25 19.8125 21 22.25 22.1875 22.5625 23.125 23.375 24.125 26.25 27.75 29.5625
19.5625 20.375 19.9375 19.8125 20.25 21.125 21.9375 23.75 25.25 25.25 25.75 25.25 24.4375 24.75 23.5 22.75 22.3125 21.125 19.625 19.625 19.25 20.6875 19.8125 20.1875 21.5 21.4375 20.75 21.25 21.0625 20.9375 21.625 21.0625 20.3125 20 20 20.0625 20.1875 21 21 21 20.875 21 21 21.6875 22 22.0625 22.5 23 23 22.8125 22.75 24.0625 23 22.5 22.75 21.9375 20.5 19.875 19.6875 19.4375 19.25 21.5 23.375 24.5625 25 24.0625 24.5625 26.0625 28.125 30 31.75
21.25 21.6875 23.0625 23.875 24.875 25.1875 26.125 26.5 26.125 25.8125 26.375 26.0625 25.5 24.0625 24.3125 23.625 22.4375 21.0625 20.5625 20 19.875 20.125 20.1875 20.75 21.6875 22.375 21.9375 22.125 22.25 22.375 22.25 21.6875 20.5 19.9375 20 19.75 20.4375 20.6875 20.5625 20.4375 20.875 21 21 21.6875 21.75 22.125 22.8125 23 23 23 23.5625 23.8125 23.3125 23.3125 23.5625 23.125 21.0625 21 20.0625 20.0625 19.8125 21.25 22 22.75 23.75 23.8125 25 26.375 29.625 31.6875 34.3125
22.5 22.875 23.9375 24.3125 25.125 26.1875 25.5625 26.625 26.3125 26.0625 26 26.75 25.4375 24.5625 24.75 24.5 23.5625 21.8125 21.3125 20.75 20.625 21.125 20.3125 21.875 23.0625 23.125 23 23 23.125 22.875 22.9375 22 20.5625 20.0625 19.9375 19.875 20 19.9375 20 20.3125 20.875 21 21.125 21.875 22 22.0625 23 23 23 23.1875 22.8125 23.5625 24.0625 23.625 23.625 23.75 22.0625 21.5 20.875 20.5625 21.9375 22.1875 22 22.5 23.3125 24.5 26.4375 29 31.0625 32.8125 36.125
23.6875 24.0625 24.4375 24.9375 25.75 25.6875 25.5625 25 25.5625 24.5 24.125 25.0625 25.0625 24.875 25.5625 24.875 24.0625 23.1875 21.875 21.1875 21 21.375 21.375 22.0625 22.75 23.5 23.8125 23.3125 23.625 23.5 23.3125 22.5 20.875 20.8125 20.6875 20.625 20.4375 20 20.25 20.625 21 21.0625 21.5 22 22 22.3125 23 23.3125 23.125 23 23.0625 23.6875 24.25 24.75 24.3125 24.125 22.4375 22 22.0625 22 22 22.5 22.9375 23.375 24.375 25.5 26.875 29.8125 31.875 34.625 37.0625
22.75 23.75 24.5 25.375 25.6875 26.125 26 25.4375 25.1875 25.4375 25.0625 24.625 24.3125 24.0625 25 25.1875 23.9375 23 22.375 21.3125 20.875 20.9375 21.4375 21.5 21.8125 22.4375 22.5 22.8125 22.8125 22.5 22.1875 21.75 21 21 21 21.0625 21 20.4375 20.25 20.25 20.9375 21.25 21.75 22 22.0625 22.75 23 23.3125 23.1875 23.0625 23.4375 24 24.5625 24.625 24.25 23.6875 23.3125 23.6875 23 22.75 22.75 23 23.75 24.1875 25.625 26.8125 27.875 30.3125 32.125 35.125 38.375
20.75 22.125 23.375 24.0625 25.25 25.8125 26.625 25.3125 25.875 26.0625 26 25.5625 24.8125 23.6875 23.25 23.25 23.625 23.125 22.125 21.0625 20.8125 20.375 20 20.75 20.875 20.9375 20.6875 21 21.0625 21.0625 21.125 21 20.8125 20.9375 21.0625 21.375 21 21.125 21.3125 21.25 21.25 21.1875 21.4375 21.875 22.1875 23 23.125 23.5625 23.3125 23.75 24 24.0625 24.0625 24.25 24.4375 24.125 24 24.0625 23.625 23.3125 23.25 23.8125 24.0625 24.75 25.875 27.375 28.125 29.875 32.125 34.4375 38.375
21.3125 22.75 22.625 22.4375 23.375 23.6875 27.8125 27.9375 27.1875 26.75 26.125 25.1875 24.25 23.0625 22.5 22.0625 22.3125 22 21.3125 20.3125 20 20 20.3125 20.6875 21 20.8125 20.25 20.25 20.375 20.125 20.1875 20.1875 20.4375 20.625 21 21 21.3125 21.5625 21.9375 21.875 22 21.875 21.375 21.625 22.125 23.125 23.9375 23.3125 23.75 24 24 24.1875 24.75 24.9375 24.875 24.8125 24.625 24.1875 24.3125 24 24.125 24.625 24.4375 25.4375 26.875 28.0625 29.3125 30.875 32.125 34.0625 36.9375
21.125 21.375 21.625 22.5625 23.125 24.125 28.375 31.3125 29.1875 27.6875 25.25 24.625 24.1875 23.625 23.4375 22.8125 22.3125 21.0625 21 21 20.3125 20.5 21 21 21 21 20.6875 20.0625 20 20 20 20 20 20 20.125 20.9375 21.25 21.9375 21.9375 22.6875 22.9375 22.625 22.1875 22.5 22.875 23.125 23.75 23.3125 23.875 24.0625 24.4375 24.5625 24.9375 25.0625 25.375 24.6875 24.1875 25.3125 24.875 24.0625 24.125 25.125 25.875 26.5625 26.5625 27.0625 28.8125 30.75 33.0625 34.8125 36.625
22.125 22.4375 22.75 22.8125 22.75 23.375 24.125 24.5625 24.5625 24.75 25.3125 25.5 25.4375 25.25 24.6875 23.6875 22.375 21.4375 21.0625 21.125 21.0625 21.3125 21.5625 21.5625 21.375 21.125 21 20.5625 20.0625 20 19.8125 19.9375 20 20 20 20.4375 20.6875 21.125 21.6875 22.1875 22.125 22.875 22.625 23.25 23.125 23.8125 23.125 23.125 23.875 23.9375 24.5625 25 24.9375 25.25 25.9375 25.4375 24.75 25.375 26.0625 25.125 24.8125 25.5 26.875 27.1875 26.8125 27.3125 28.5 30.5 32.9375 34.6875 36.3125
22.75 23 23.1875 23.5625 22.9375 22.625 23.4375 24.5625 25.625 27.25 27.9375 28.0625 27 26.9375 27.125 25.875 24.8125 23.625 22.3125 22.25 22.375 22.5 22.625 22.1875 22.0625 21.9375 21.375 21.0625 20.75 20.25 20 20.0625 20 20 20 20.0625 20.75 20.6875 20.875 21.125 21.8125 22.1875 22.25 23 23.125 22.375 22.8125 22.875 23.625 23.875 24 24.6875 25.3125 25.625 25.75 25.1875 25.1875 25.0625 25.75 26.5625 26.75 26.25 26.125 27.0625 27.5625 28.0625 29 31 32.75 34.75 36.5
