input_data/future_climate/BCC_CSM2_126/_bio13_a.asc
ncols  331
nrows  193
xllcorner  17.833372883333
yllcorner  37.9999896166667
cellsize 0.1666667
NODATA_value  -9999
[rows 62 to 92 of 193, columns 142 to 212 of 331]
88.4375 88.8125 87.25 86.125 85.8125 84.9375 84.625 83.8125 84.375 84.9375 85.0625 84.4375 83.6875 83.6875 83.875 83.875 83.8125 84.625 84.5 84.375 84.0625 83.5 83 82.4375 82.5 81.3125 81.125 81.625 80.6875 80.3125 79.9375 80.6875 81.25 81.75 82.4375 82.4375 83.25 83.9375 84.1875 84.625 85.0625 85.5 86 85.8125 85.3125 84.875 84 83.5625 82.625 81.9375 82.0625 82.4375 82.375 80.8125 80.6875 80.6875 80.75 80.9375 81.4375 81.0625 80.9375 80.5625 79.625 79.5 79.5625 79.875 79.1875 77.3125 77.3125 77.25 77.0625
87.875 87.6875 86.3125 85.4375 85.1875 85.3125 84.9375 84.1875 84.4375 85.375 86.0625 85.875 85.75 85.5625 85.375 85.125 84.5625 86.125 85.875 85.6875 85.9375 85.6875 85.625 85.5625 85 84.5 83.75 83.5625 83 82.75 82.5 82.75 83.375 84.125 84.5625 85.1875 84.875 86.0625 86.375 87.375 87.625 87.8125 88.3125 88.3125 88.125 87.0625 85.625 84.5 84.375 83.8125 82.6875 82.1875 81.9375 80.75 80.625 80.9375 81.75 81.6875 81.4375 81.125 80.375 79.6875 79.75 80.4375 80.25 79.8125 78.4375 77.875 77.5 77.0625 77.5625
86.9375 87.25 86.375 85.875 85.0625 86.0625 85.75 85.75 85.625 85.625 86.25 86.375 85.5625 85.4375 85.125 85.625 85.8125 86.25 87.1875 87.625 88.1875 87.9375 87.875 87 86.625 86.25 85.9375 85.6875 85.125 84.5 84.125 84.5 85.0625 85.8125 86.0625 86.375 87.375 87.6875 88.375 89.375 90 90 90.375 90.4375 90.125 89.0625 87.875 86.5625 85.0625 84.4375 83.5625 82.75 82.25 81.375 81.25 80 80.3125 80.4375 80 79.75 79 78.75 80.1875 80.6875 80.9375 79.5625 78.875 77.5 77.1875 77.0625 77.3125
87.875 87.25 86.5625 86.8125 85.9375 86.1875 86.3125 85.875 85.875 86 86.25 86.125 85.8125 85.6875 86.0625 86.5625 86.625 87.125 87.3125 88.125 88.8125 89.3125 89 89 88.375 87.6875 88.125 88.125 87.3125 86.375 86 85.625 86.3125 87 87.875 88.0625 89.4375 89.9375 90.5625 91.5625 92.25 92.75 93.4375 92.4375 91.0625 90.25 89.4375 87.0625 85.6875 84.125 83.3125 82.75 82.125 81.375 80.3125 79.5625 79.4375 79.25 79.375 78.75 78.875 78.125 79.375 80 80.375 79.8125 78.875 77.875 76.625 76.3125 77.5625
87.375 87.375 87.1875 86.9375 86.125 86 85.625 85.6875 85.5 85.8125 86 86 86 86.3125 86.6875 87.375 87.5 88.6875 89 89.25 90.125 90.25 90.125 89.9375 88.8125 89.0625 89.25 89 88.75 88.1875 88 87.6875 87.625 88.0625 88.5 90.125 90.75 91.125 92.5625 93.3125 94.3125 95.5 96 94.8125 93.5 91.875 89.8125 87.4375 86 84.5625 82.8125 82.125 80.875 80.875 80.5625 80.125 79.5 78.875 78.6875 78.125 77.75 77 77.75 78.875 78.5625 78.6875 78.125 77.125 76.625 75.125 75.5
87.1875 87 86.9375 87.125 86.4375 85.6875 86 85.75 86.3125 86.25 86.625 87.4375 87.6875 87.625 87.5625 87.75 88.1875 89.5625 89.75 90.375 90.75 91.0625 91.1875 91.0625 90.0625 89.8125 89.4375 89.375 89.3125 89.3125 89.4375 89.4375 88.8125 89.4375 89.5 90.5 92.25 93.0625 94.25 95.5 96.25 97.25 98.1875 97.0625 95.1875 93.5 91.3125 89 86.8125 84.9375 83.625 82 80.3125 80.25 80 79.1875 79 79.4375 78.9375 78.75 78.0625 77.125 76.625 75.8125 75.4375 75.375 75.375 75.6875 75.3125 74.875 74.3125
86.875 86.875 86.5625 86.8125 86.8125 85.9375 85.6875 86.4375 86.4375 86.625 87.25 87.5625 88.25 88.625 88.8125 88.75 88.5 88.875 89.125 90.875 90.8125 91 91.1875 90.9375 89.9375 89.9375 89.6875 89.8125 89.9375 89.375 89.0625 89.1875 89.1875 89.625 90.375 90.9375 91.625 92.8125 94.5625 96 97.5 98.375 99.25 98.8125 97 94.375 91.25 88.0625 85.4375 83.875 83.375 82.4375 80.5625 80 79.9375 78.9375 79.375 79.5625 78.75 78.4375 78.4375 77.4375 76.5 75.4375 74.0625 73.5 74.0625 74.625 74.3125 74.25 73.5625
85.4375 85.3125 84.9375 84.875 84.625 85 85.8125 85.9375 86.375 86.8125 88.25 88.875 88.4375 88.9375 88.625 88.75 89.5 89.5625 89.625 90.5 90.9375 90.625 90.75 90.5 89.9375 90 90.375 90.6875 90.4375 89.625 89.375 88.5 88.8125 88.6875 88.875 89.5 91 92.375 93.6875 95.0625 97 97.875 98.5 98.375 97 93.625 90.5 87.8125 85.3125 83.1875 81.75 81.1875 80.3125 80 80.0625 79.375 79.1875 79.25 79.3125 78.875 78.1875 77.5 75.6875 74.5 73.375 72 72.25 73.0625 72.9375 73.625 72.9375
85.1875 84.625 84.6875 84.4375 83.3125 83.125 84.5 85.4375 86.0625 87.375 88.25 88.5625 88.5625 89.3125 89.5625 89.6875 89.5 89.875 90.0625 89.9375 90.1875 90.6875 90.875 90.625 90.0625 90.1875 90.4375 90.5 89.5625 89.25 88.8125 88.5625 87.75 87.5625 87.8125 88.875 89.5625 90.875 92.5625 94 95.625 97.375 96.1875 96.125 95.1875 93.3125 89.9375 87.25 84.8125 82.875 81.3125 80.5 79.5625 78.6875 79.0625 78.875 78.3125 78.5 78.4375 78.6875 78.0625 76 75.3125 73.375 72.375 71.4375 71.5 71.625 71.625 72.9375 72
85 84.8125 84.3125 84.25 84.0625 84 84 84.625 86 86.875 87.4375 88.25 89.125 89.5 90.0625 90.4375 90.1875 90.1875 89.625 89.875 91.125 91.4375 90.8125 90.1875 90.5 90.625 90.6875 90.4375 89.0625 88.6875 87.875 87.1875 86.9375 86.375 86.375 87.5 88.3125 89.375 90.8125 92.75 94.125 94.5625 94.3125 93.8125 93.3125 91.3125 88.5 86.125 84.4375 82.25 81.125 79.875 79.75 79.0625 78.8125 79 78.3125 78 78.1875 78.625 77.625 76.1875 73.875 71.5 69.4375 68.5625 68.4375 68.3125 69.125 70 70.75
84.5 84.5 84.0625 83.75 83.25 84.375 84.3125 85.4375 85.9375 86 86.3125 87.75 88.25 88.4375 89.8125 89.75 89.375 89.6875 89.875 90.5625 91.875 91.125 91.0625 91.1875 91.5625 92.1875 91.3125 90.6875 89.75 88.1875 87.5 86.9375 86.125 86 85.375 86 86.8125 87.9375 89.0625 89.875 91.375 91.4375 91.1875 90.9375 90.1875 89.25 87.5 85 83.5625 81.75 80.25 79.8125 79.875 79.0625 78.75 79.0625 78.75 78 77.5625 77.5625 76.4375 75.25 73.25 71.125 68.9375 66.875 67.125 68 68.4375 69.1875 69.4375
83.1875 83.5 83.625 83.5625 84.25 83.625 84.75 85.0625 85.1875 85 85.6875 87.125 87.9375 88.75 90.0625 90.625 91.125 91.6875 91.875 91.4375 91.0625 90.875 91.25 91 92.125 92.9375 91.1875 90.5625 89.375 88.3125 87.3125 86.375 86 85.0625 84.25 84.4375 84.4375 84.875 85.9375 87.25 87.6875 88.125 87.375 87.4375 87 86.4375 85.375 84.1875 82.3125 81 79.25 78.8125 78.5 77.1875 77.6875 78.0625 78.25 77.5 77.4375 77.1875 76.375 74.3125 72.5 70.1875 67.8125 67.4375 67.8125 67.4375 68.125 68.5625 68.4375
83.125 83.25 83.625 83.75 83.5 83.625 84.4375 84.625 84.8125 85.3125 86.3125 87.25 88.1875 88.875 89.8125 91.125 91.3125 91.5625 91.5625 91.4375 90.75 90.125 90.375 90.4375 90.875 90.9375 90.875 90.0625 88.875 87.375 86.5 85.75 84.8125 84.0625 83.25 83.0625 82.875 82.375 82.375 83.625 84.375 84.4375 84.0625 83.3125 83.5 82.9375 82.875 81.8125 80.0625 79.125 79.375 78.375 76.5 76.5 76.5625 76.5625 77.1875 76.9375 76.375 75.4375 75.0625 73.6875 71.6875 69.0625 68 68.1875 67.625 68.0625 68.0625 69.3125 69.125
82.625 82.75 82.625 83.3125 82.75 82.9375 82.8125 82.625 82.8125 83.875 84.25 85.25 86.625 88.3125 89.125 90.125 90.3125 90.3125 89.75 88.8125 88.25 88 88.9375 89.25 90.125 89.4375 88.125 87.375 86.5625 85.75 85 84.8125 83.5625 82.6875 81.75 81.125 80.75 80.875 80.1875 80.1875 81.1875 80.625 81.1875 80.875 80.125 80.6875 79.75 78.6875 77.625 77.375 76.9375 76.25 75.9375 75.6875 75.6875 75.1875 75.625 75.375 75.3125 74.0625 73.25 71.9375 70 68.3125 68.375 68.3125 69 69.375 69.0625 69.6875 70.0625
81.875 81.3125 81 81.6875 81.375 81.0625 81.0625 81 80.4375 81.1875 81.5 83.75 85.6875 87.0625 87.5625 88.125 88.375 88.0625 88.25 87.6875 86.625 85.4375 86.6875 86.75 86.25 86.6875 86.3125 85.125 84.1875 83.625 83.4375 82.4375 81.75 80.5 79.4375 79.1875 78.875 78.5625 78.3125 78.4375 78.5625 78.6875 78.125 77.75 77.75 78.0625 77.875 76.125 75.25 75.375 74.5625 74.6875 74.875 74.25 74.1875 74.4375 74.25 74.5625 74.0625 73 72 71 69.375 68.875 68.8125 68.625 69.9375 70.75 71 71.0625 71.25
81 80.8125 80.9375 81.125 80.875 80.4375 80.1875 79.8125 79.5 78.375 79.6875 82.25 84.3125 85.625 86.0625 86.375 86.8125 86.6875 86.5 86.375 84.875 83.875 84.125 83.125 83.8125 84.5 83.8125 83 82.5 81.6875 81.25 80.8125 79.8125 78.25 77.5 77.3125 77.0625 76.75 75.875 76.4375 76.5625 75.75 75.8125 75.25 75.0625 75.25 74.625 74.75 74.5 74 73.75 73.0625 73.5625 72.8125 73 72.9375 73.125 73.3125 72.6875 72.375 70.875 69.8125 70 70.6875 70.4375 70.75 71 71.9375 71.875 72.3125 72.375
79.75 80 79.8125 79.9375 79.25 79.25 79.375 79.5 78.9375 77.9375 79.25 80.9375 82.6875 83.125 84.125 85.25 85.625 85.375 84.5625 84.1875 83.25 81.6875 80.5625 80.6875 80.875 81.5 81.5625 80.9375 80.875 79.9375 79.8125 79.125 78.0625 76.6875 75.625 75.4375 75.0625 75.1875 74.8125 74.6875 74.375 73.9375 72.8125 72.1875 72.875 72.875 73 73.375 72.75 72.375 72.5625 72.4375 72 71.5 71.8125 71.9375 71.875 72.25 71.6875 71.25 70.5625 70.6875 71.8125 72.25 71.5625 71.75 72.1875 72.1875 72.25 72.375 72
78.5 78.5625 78.5625 78.1875 77.8125 78 78.4375 78.125 77.75 77.5625 77.25 79 80.375 81.1875 82.5625 83 83.5 83.875 83.5 82.375 81.3125 80.4375 79.5625 78.25 78.4375 78.625 78.4375 77.875 77.875 77.3125 77.4375 76.875 75.9375 74.9375 73.6875 73.875 73.25 72.9375 72.875 73.125 72 71.75 71.375 70.875 71.4375 72.1875 71.5 71.6875 72.25 72.25 71.5 71.8125 71.625 70.875 70.875 71.3125 71.125 71.0625 71.5 71 70.9375 71.375 71.875 71.4375 72.0625 72.4375 73.4375 73.4375 73.5 73.1875 73.8125
77.875 77.8125 77.6875 77.3125 76.9375 77.0625 77.125 77 76.75 76.875 75.875 77.1875 77.125 78.3125 79.3125 80.875 81.3125 82.3125 81.625 80.5625 79.6875 78.375 77.75 77.3125 76.5625 76.3125 76.125 75.9375 75.8125 75.5 75.375 75.125 74.25 73.625 72.8125 72.3125 72 71.6875 71 70.6875 71.125 70.4375 69.6875 69.9375 70.8125 71.25 70 70.5 70.9375 71.3125 70.5625 70.875 70.75 71.125 70.125 70.8125 71.625 71.875 72.25 72.875 73.5625 73 73.4375 73.9375 74.0625 73.75 74.0625 74.1875 74.5 74.375 74.875
77.3125 77.5 76.9375 77.0625 76.625 76.25 76.625 76.375 75.375 75.0625 74.625 73.875 73.5 74.75 76.75 78.1875 79.375 80.375 79.4375 78.5 77.8125 77.6875 77.125 76 75.5 74.875 74.125 73.375 73.1875 73.5 72.5 73.4375 73 72.625 72.1875 71.4375 70.8125 70.1875 69.8125 69.625 68.625 68.875 69.1875 69.25 69.125 68.75 68.625 69.875 69.9375 70.3125 70.5 70 70.5 70.5 70.8125 71.0625 71.1875 72.6875 72.5625 73.3125 73.8125 74.125 75.375 74.8125 74.25 75 74.5 74.4375 74.4375 74.1875 75.125
78.875 78.8125 77.25 77.25 77.5625 76.6875 76.4375 76.0625 75.4375 74.625 73.625 72.0625 70.125 72.125 74.5 76.375 77.625 78.5 78.8125 77.625 77.25 76.875 77 76.1875 75.1875 74.0625 73.375 72.3125 71 71.3125 71.9375 71.375 72.0625 72 71.0625 70.6875 71.1875 70.875 69.1875 69.1875 69.1875 68.625 68.5 68 68.8125 68.875 68.75 68.8125 69.8125 70.25 70.25 69.75 69.6875 70.5625 71.5 72.125 71.8125 71.8125 73 74.1875 73.4375 74.125 74.625 74.375 74 74.125 74.125 73.8125 72.9375 73.6875 74.3125
79.875 79.3125 78.5625 77.5 77 75.625 74.6875 74.25 73.8125 72.625 71.75 71.1875 70.75 71.625 75 76.125 75.75 77.125 77.125 76.875 76.1875 75.5625 75.25 75 74.5625 73.9375 72.5625 71.375 70.875 71.6875 72.25 70.875 70.375 71.1875 71.9375 71.8125 71.1875 70.875 70.0625 69.9375 69.75 68.875 68.5 69.125 69.3125 69.125 68.375 69.5 70.1875 70.75 70.5 70.6875 70.375 71.25 72.5 72.6875 72.5625 72.625 72.4375 72.625 73.5625 73.8125 74 74.3125 73.5625 73.4375 73.25 72.375 71.375 70.9375 70.9375
80.1875 79.9375 79 77.875 75.8125 75.125 74.5625 73.8125 73.3125 71.9375 70.875 70.75 70.875 71.8125 74.0625 75.125 75.4375 75.625 76.75 76.5625 75.1875 74.125 74 72.875 72.4375 72.3125 71.375 70.9375 71.4375 73.5625 74.6875 74.75 73.125 72 72 71.25 70.1875 70.0625 69.3125 68.9375 68.5 69.1875 69.0625 69.1875 69.1875 69.3125 69.4375 70.3125 70 69.5 70.625 70.6875 70.6875 71.5 72.9375 72.8125 72.8125 72.625 71.9375 71.4375 72.25 72.0625 72.6875 72.6875 72.0625 71.75 71.9375 70.5 69.125 68.8125 69.4375
80.9375 80.0625 79.125 77.3125 76.1875 74.9375 74.5625 74.1875 72.75 72.6875 71.9375 71.625 71.625 72.3125 73.1875 74 75.125 76.1875 76.1875 75.375 75.6875 75.125 74.5625 73.5625 72.75 71.4375 70.875 70.125 71.875 73.5625 74.1875 74.625 74.0625 74 72.9375 71.8125 71.6875 71.6875 70.3125 69.625 68.75 69.3125 69.875 69.625 70 70.8125 70 70.9375 70.625 70.1875 70.5625 70.6875 70 71.4375 72.9375 73.9375 73.25 72.8125 72.0625 70.6875 70.6875 71.6875 72.1875 71.875 70 68.8125 67.5625 65.8125 65.6875 66.125 66.375
81.25 80.4375 79.1875 77.625 76.0625 74.5625 74.625 74.25 73.125 72.0625 72.375 72.4375 72.5625 72.8125 73.3125 74.0625 74.5 75.3125 75.0625 75.3125 75.6875 75.4375 74.25 73.625 72.8125 72.0625 70.0625 72.3125 74.8125 75.125 75.5 75.375 74.5 73.875 73.1875 72.1875 72.75 72.1875 70.75 71.0625 70.3125 69.0625 67.875 68.75 69.8125 70.3125 71.5 70.5 70.0625 70.1875 69.9375 70.9375 70.875 72.1875 72.8125 72.9375 72.5625 72.125 71 68.6875 69.25 69.625 69.125 69.375 68.125 67.125 66.625 66 64.1875 62.5 62.8125
82.0625 81.3125 79.6875 77.75 75.5 74.9375 74.1875 73.4375 72.625 72.3125 72.25 72 71.8125 72.0625 72.375 73.125 73.625 73.25 74 74.25 74.5 74.1875 74.25 73.875 72.5 71.5625 71.6875 73.4375 75.3125 77.625 77.25 76.375 75 74.8125 73.25 73.1875 73.25 73.0625 71.8125 71.625 71.4375 69.625 70.8125 70.3125 70.8125 69.75 70.75 69.6875 70.625 70.9375 70.8125 71.5625 72.375 71.875 72.5625 73.0625 72.5 71.75 70.4375 69.375 67.8125 67.625 68.4375 67.75 67.125 67.0625 66 64.4375 64.125 64.4375 63.875
83.0625 82.125 79.8125 77.625 76.0625 74.8125 73.625 73.5625 72.875 72.5625 72.625 71.6875 71.5 71.75 72.6875 73.375 73.1875 73.0625 73.125 73 73.875 74.1875 73.625 73.0625 71.625 70.9375 73.125 75.0625 75.6875 77.125 77.4375 76.75 76.9375 76.4375 75.3125 74.625 73.625 73.25 72.8125 72.25 71.1875 70.5625 70.1875 71.4375 71.0625 68.6875 69.25 67.6875 68.3125 68.5625 69.5625 69.4375 69.8125 70.5625 71.125 72.3125 71.5625 70.9375 70.625 70.5 69.875 69 68.4375 67.4375 67.4375 66.5 65.875 65.25 64.5625 63.6875 64.6875
84.25 82.8125 80 78.8125 77.5 76.1875 74.625 74.125 73.625 72.75 73 72.5 72.0625 72.125 72.1875 72.5 73.1875 73.1875 72.875 72.875 72.625 72.375 72.8125 72.9375 71.8125 70.875 73.25 74.125 75.8125 76.125 76.5 76.125 76.4375 77.0625 75.8125 74.3125 73.875 72.6875 72.625 72.75 71.1875 70.75 70.0625 70.6875 70.875 70.625 68.5 66.625 65.9375 67.3125 69.375 71 72.5 73.6875 75.1875 74.25 73.3125 72.875 72.5 72.5625 72.875 71.75 69.6875 68.875 68.3125 68.125 66.5 65.9375 65.0625 64.1875 64.9375
84.5625 83.4375 82.875 80.8125 79.25 77.1875 75.875 74.25 74.125 73.125 73 72.9375 72.125 72.1875 71.75 72.5 72.1875 72.5625 72.3125 71.9375 71.625 71.5625 71 71.1875 70.6875 71.625 72.4375 73.875 75.0625 75.625 76.1875 77 76.875 76.9375 75.625 74.125 73.4375 72.25 71.375 71.25 69.9375 71.375 71.0625 71.1875 70 68.375 66.6875 66.75 68.3125 70.9375 73 74.9375 75.5 76.625 77.125 77.125 76.5 75.4375 74.375 74.0625 73.3125 72.5 71.8125 69.9375 69.625 69.5 68.75 68.375 66.625 66.0625 65.0625
85.125 84.5 83.8125 81.4375 79.4375 77.125 76 74.3125 73.6875 73.5 72.75 72.3125 71.875 71.1875 70.125 71.125 71.25 71.3125 71.1875 70.875 71.375 71.25 70.3125 69.6875 69.625 70.5625 72.1875 74.3125 75 75.8125 74.75 75.25 75.75 76.375 75.875 74.9375 73.0625 72 71 70.5 70.5625 69.375 70.125 70.3125 66.9375 67.8125 67.6875 68.625 70.8125 73.4375 74.9375 76.8125 77.5 78.875 79.4375 78.8125 77.9375 77.3125 76.5 74.375 73.3125 74.3125 72.875 71.125 70.4375 70.3125 69.625 69.625 68.5625 67.3125 66.0625
83.125 83.125 81.6875 80.0625 78.5 76.9375 75.3125 74.125 73.125 73 72.5625 72.625 70.8125 69.8125 68.75 69.375 70.125 69.9375 69.375 69.5625 69.6875 69.5625 68.6875 68.3125 68.5625 69.75 71.875 72.75 75.0625 75.0625 74.5 73.6875 75.625 75.1875 74.75 74.5625 72.9375 71.75 70.8125 69.9375 70.125 70.125 69.5 69.125 66.25 66.8125 69 70.9375 72.875 74.5625 75.8125 77.1875 79.1875 79.5625 80.25 79.125 78.9375 78.375 76.5 75.5625 74 73.6875 73.875 72.5625 72.625 70.875 70.6875 70.0625 70.0625 68.6875 67.3125
