input_data/future_climate/BCC_CSM2_126/_bio15_a.asc
ncols  331
nrows  193
xllcorner  17.833372883333
yllcorner  37.9999896166667
cellsize 0.1666667
NODATA_value  -9999
[rows 120 to 139 of 193, columns 138 to 183 of 331]
26.3117828369141 25.7121334075928 25.615795135498 25.7003345489502 25.8786811828613 25.8575630187988 25.7971706390381 25.703519821167 24.752628326416 24.1247501373291 24.3661613464355 24.1244010925293 24.0727386474609 24.2644996643066 24.3207397460938 24.922571182251 24.8687000274658 25.1271934509277 24.9122562408447 24.7762184143066 24.8244152069092 24.569616317749 24.5869235992432 24.640193939209 24.7853202819824 25.249942779541 25.5562438964844 24.7558212280273 24.2133827209473 24.7491970062256 24.5020408630371 23.8948593139648 23.2551670074463 22.7697772979736 23.2803211212158 22.7985286712646 22.2150268554688 21.9568653106689 22.4530143737793 22.5644092559814 23.0664768218994 23.3558692932129 23.0130424499512 22.7532730102539 22.7995491027832 22.397970199585
26.4385318756104 26.3630676269531 26.0631332397461 25.4458847045898 26.1483631134033 25.8499050140381 26.0210094451904 25.1407604217529 24.421085357666 24.0326137542725 24.2928485870361 25.0244178771973 24.5213680267334 24.1046543121338 24.6340522766113 25.37424659729 25.8241786956787 25.8887252807617 24.9728374481201 24.8326797485352 24.7764110565186 24.9604110717773 24.8759727478027 25.1943626403809 25.2429637908936 25.092866897583 24.9474105834961 25.0214061737061 24.7438411712646 24.9027996063232 24.6776275634766 24.5105266571045 23.5824508666992 23.1559238433838 23.1538505554199 22.6990394592285 22.1562023162842 22.0897445678711 22.154239654541 22.5316600799561 22.7278919219971 23.1566047668457 22.8820686340332 22.2958335876465 22.1661796569824 21.9023475646973
26.4810161590576 26.4182395935059 26.0101833343506 25.6058025360107 26.1144466400146 25.6111316680908 24.9651126861572 24.775411605835 24.4833660125732 24.4728450775146 25.1117095947266 24.5581912994385 24.0300254821777 24.7052822113037 24.983190536499 25.1975288391113 25.590763092041 25.4492321014404 25.3473968505859 25.5878772735596 25.5207138061523 25.4041500091553 25.2189960479736 25.7102737426758 25.8709163665771 25.9658660888672 25.1197719573975 25.3190059661865 25.760461807251 25.4589538574219 25.3482799530029 24.9787540435791 24.4095077514648 24.105827331543 23.2237014770508 22.728214263916 22.3576354980469 22.5144176483154 22.4970664978027 22.3922061920166 22.5368537902832 22.6962108612061 22.6666240692139 22.0479640960693 21.5528888702393 21.7555732727051
25.9297428131104 25.8959484100342 25.2466468811035 25.3957481384277 25.191858291626 25.4370040893555 25.518274307251 24.8910217285156 24.6387615203857 24.6726093292236 25.1923046112061 24.4539737701416 24.6406078338623 25.2677841186523 25.1191577911377 25.0332622528076 24.9309902191162 25.7103118896484 25.6142234802246 25.444522857666 25.1497402191162 25.7166919708252 25.6512107849121 25.9599189758301 26.5982513427734 25.7572002410889 26.0133972167969 26.0654888153076 25.887487411499 25.9556446075439 25.5860919952393 25.1320934295654 24.9209365844727 24.4017772674561 23.4946880340576 23.5595855712891 22.8998775482178 22.3239231109619 22.2456893920898 22.6330299377441 23.20339012146 22.4493598937988 22.084810256958 21.3376941680908 21.475133895874 21.2947196960449
25.8390140533447 25.6867160797119 25.3777084350586 25.3439750671387 25.5135440826416 25.2488822937012 25.3623752593994 24.6207504272461 24.6465816497803 24.9839324951172 25.398624420166 24.7497081756592 24.2925472259521 24.0138168334961 24.0599422454834 24.2235832214355 23.9252586364746 24.4608612060547 25.2893657684326 25.1905136108398 25.3534393310547 25.7102584838867 26.2329387664795 26.9731292724609 26.3342876434326 25.9078216552734 26.3753242492676 26.6098327636719 26.3843555450439 25.9501094818115 25.9032421112061 24.8236694335938 25.0863208770752 24.3805751800537 23.8969783782959 23.362434387207 22.595817565918 22.1448764801025 21.3512630462646 22.0332145690918 22.5916900634766 22.0116539001465 21.9064121246338 21.4004287719727 20.9932632446289 20.9017543792725
26.1733360290527 25.2266368865967 24.7588653564453 24.8245811462402 25.1092376708984 24.9463081359863 24.6788711547852 24.2580718994141 24.1337051391602 24.3077182769775 24.5554943084717 24.7560405731201 24.751314163208 23.8676624298096 23.5689029693604 24.0755519866943 23.9593200683594 23.8070697784424 24.1483745574951 25.1354465484619 25.2739162445068 25.6904411315918 26.3258380889893 26.8523349761963 26.7552642822266 26.834508895874 26.8641204833984 26.7631759643555 26.4354572296143 26.4625778198242 26.3687553405762 25.436185836792 25.5316181182861 24.9791965484619 24.5434970855713 23.9571971893311 23.8405895233154 22.391321182251 22.173978805542 21.298002243042 21.9038791656494 21.6541023254395 21.0156211853027 21.0400161743164 20.9216918945313 21.3662147521973
26.1633434295654 25.4100666046143 24.8630809783936 24.5588760375977 24.542200088501 24.9812259674072 24.6484966278076 23.7416648864746 23.764461517334 23.9821548461914 23.8061580657959 23.8916816711426 24.2514991760254 23.9608058929443 23.6636562347412 23.319055557251 23.0689945220947 22.750560760498 23.4661102294922 24.1066799163818 24.7792453765869 26.040599822998 26.9977989196777 27.2999629974365 27.3771648406982 27.0889358520508 26.8261108398438 26.687385559082 26.8515682220459 27.0391407012939 26.3473663330078 25.7313365936279 25.4587707519531 25.7358226776123 24.0278644561768 23.2186908721924 24.1074371337891 23.8735771179199 22.866060256958 22.1088562011719 22.4590663909912 22.2186336517334 21.8753242492676 21.7418975830078 21.0108585357666 20.5866603851318
25.7913646697998 25.2392444610596 24.9384784698486 24.4112300872803 24.1079444885254 24.205997467041 23.7952365875244 23.1784210205078 22.7203102111816 23.1763210296631 23.0732650756836 23.0478115081787 22.9045238494873 22.9774074554443 22.5677356719971 22.7352848052979 22.3037719726563 22.0596733093262 23.2818489074707 23.7665424346924 23.620662689209 24.7968902587891 25.6734981536865 26.6028461456299 27.1711444854736 26.9602375030518 27.2952690124512 27.4342174530029 27.1153335571289 26.9364566802979 26.4403476715088 26.479398727417 26.6121082305908 26.1317462921143 25.102165222168 24.0852909088135 24.2811431884766 23.606424331665 23.3431282043457 22.2190990447998 20.934642791748 21.3088073730469 21.4020652770996 21.7632007598877 21.0554046630859 20.7087917327881
25.4030361175537 24.8918361663818 23.999361038208 23.9618873596191 24.166540145874 23.6184177398682 22.9047718048096 22.6298408508301 22.2200794219971 22.1775054931641 22.1178016662598 22.2420387268066 21.7668857574463 21.6665992736816 21.8749599456787 22.1995239257813 22.4815368652344 23.0230903625488 23.2146301269531 23.3107967376709 23.5577297210693 23.5364646911621 24.0513591766357 24.6356315612793 25.1483497619629 26.1767673492432 27.171895980835 26.7989158630371 26.7553272247314 26.4810466766357 26.8511657714844 27.1353931427002 26.1683158874512 25.5630378723145 25.0717315673828 24.2256126403809 23.3871765136719 23.3413887023926 22.355396270752 21.1772556304932 21.3335704803467 21.6292037963867 21.5904521942139 20.89772605896 21.3054656982422 21.1564693450928
24.4248447418213 23.8617057800293 23.4047470092773 23.0299129486084 22.9542369842529 22.8188724517822 22.2751331329346 22.1986598968506 21.6256885528564 21.2984676361084 21.3864002227783 21.1092166900635 20.8497200012207 20.7785415649414 21.4978847503662 21.7528076171875 21.4264259338379 22.6890125274658 22.9668159484863 22.9230575561523 22.9031372070313 22.8778114318848 22.6169471740723 22.7900581359863 23.3825569152832 23.8547210693359 24.2884902954102 25.1189270019531 24.8611164093018 25.0944938659668 26.1238460540771 26.4005165100098 25.8559036254883 25.769006729126 24.625862121582 23.7176628112793 23.1142730712891 22.941312789917 22.1729202270508 21.2390213012695 21.029182434082 21.4801063537598 21.162971496582 21.0820655822754 20.7448024749756 20.705638885498
23.5876445770264 23.0881748199463 22.4948253631592 22.536937713623 22.3236408233643 21.6658267974854 21.528413772583 20.9051170349121 20.9730129241943 20.9464893341064 20.7613964080811 20.5795078277588 20.6213397979736 20.173828125 19.9234657287598 20.7004280090332 21.3785152435303 22.0028991699219 22.7531585693359 23.1992206573486 22.9816112518311 23.6354846954346 23.3096675872803 23.7331485748291 23.9966659545898 24.2451438903809 24.5055904388428 25.0052928924561 24.8061904907227 24.5863571166992 25.0200653076172 26.0421695709229 25.8190803527832 25.3536930084229 24.1462211608887 22.9957122802734 23.0147037506104 22.8849544525146 22.0326061248779 21.1561470031738 20.2165031433105 19.0669555664063 19.6290893554688 20.6691360473633 20.5550289154053 19.9747676849365
23.0400505065918 22.9807949066162 22.3776798248291 22.2199649810791 22.08371925354 21.1147594451904 20.8115882873535 20.4547348022461 20.2524223327637 20.2346515655518 20.1900100708008 19.5937309265137 19.5528774261475 19.705322265625 20.2046985626221 21.5373287200928 21.8677711486816 22.3007373809814 22.8133316040039 23.075798034668 23.8686065673828 23.8256969451904 24.0512161254883 23.5940055847168 25.1907215118408 25.2776679992676 26.003303527832 26.1838893890381 26.4666538238525 26.6648864746094 26.3528366088867 26.2165451049805 25.8708457946777 25.7437896728516 23.9937839508057 22.3454151153564 22.265754699707 21.9954109191895 20.8212032318115 20.8193683624268 20.0927619934082 19.7224140167236 20.0297718048096 20.7301349639893 20.1402931213379 20.6367492675781
22.4068031311035 22.3315773010254 22.2096633911133 22.148473739624 21.6068592071533 21.4445133209229 20.9148025512695 20.3769149780273 19.9296684265137 19.6557884216309 20.0365104675293 20.1087741851807 19.3198013305664 19.2476577758789 20.6424198150635 22.1798191070557 22.661262512207 22.2787437438965 22.6494998931885 23.421516418457 23.9575634002686 24.1066284179688 24.8762989044189 24.9373111724854 24.5801448822021 24.9620838165283 25.8275318145752 26.8903408050537 27.121898651123 27.4156055450439 27.9547843933105 28.0889682769775 26.14577293396 24.4828777313232 23.100456237793 21.9552001953125 21.4727382659912 20.9419441223145 20.6275577545166 19.9872245788574 19.5926475524902 19.934362411499 21.0591373443604 20.8055782318115 20.5019760131836 19.646053314209
22.5971946716309 22.0525398254395 22.1536808013916 21.8171634674072 21.8046817779541 21.5500926971436 20.6031188964844 20.8510608673096 20.4875240325928 19.2883415222168 19.7079257965088 19.8765316009521 19.3316669464111 19.8906192779541 20.9486675262451 21.7968616485596 22.5682220458984 23.1377296447754 23.3187255859375 24.0772171020508 24.5239906311035 25.3647289276123 25.6968650817871 25.2829933166504 25.2029666900635 25.5733985900879 25.5946559906006 25.4214057922363 25.9232578277588 26.8638343811035 27.8707103729248 27.8060989379883 25.2751808166504 23.3785438537598 23.0528602600098 22.3142681121826 21.8783264160156 20.9973220825195 20.0608005523682 19.4074230194092 18.9019775390625 19.9503440856934 20.2436943054199 19.9104652404785 19.6261253356934 19.746280670166
22.325309753418 22.0151062011719 22.4433364868164 21.5653667449951 21.3491897583008 21.1743450164795 20.7909374237061 20.9800567626953 19.9143676757813 19.0267314910889 19.3477573394775 19.8510723114014 20.7970485687256 20.763599395752 22.6720905303955 23.2537307739258 23.5344829559326 24.4312133789063 25.5514698028564 25.2595405578613 25.6533679962158 25.956521987915 25.7842330932617 25.0748844146729 25.711368560791 25.9578075408936 26.4017143249512 25.6281318664551 26.1960048675537 26.681058883667 26.7368927001953 26.7113227844238 25.8797073364258 23.6522483825684 22.7289447784424 21.8925914764404 21.439489364624 20.5408592224121 19.4887599945068 19.2254600524902 19.5865650177002 19.9110794067383 20.2639026641846 19.9530982971191 18.8558712005615 18.2235679626465
21.8629608154297 21.7783603668213 21.1277465820313 20.3811645507813 20.4255752563477 20.5806617736816 20.2354888916016 20.0666561126709 19.9315814971924 19.9446964263916 20.7045421600342 20.9492816925049 22.0187358856201 23.0825576782227 24.4356536865234 24.3608322143555 25.0208721160889 26.2080173492432 26.4346561431885 26.3815727233887 26.6280307769775 26.728443145752 26.135929107666 25.9813747406006 26.4510803222656 26.7141513824463 26.2654819488525 25.9099540710449 26.9206390380859 27.4202747344971 26.7278938293457 26.5430660247803 26.2059650421143 25.1837558746338 23.5523738861084 21.7168769836426 20.6040458679199 20.5891094207764 19.911808013916 19.615629196167 19.8879699707031 19.8665828704834 19.6801776885986 19.4351844787598 18.2015914916992 17.3639049530029
21.5850467681885 21.8368358612061 21.7594795227051 21.1915969848633 21.1026153564453 20.9997444152832 20.5980186462402 20.4745864868164 20.6605014801025 21.3486156463623 21.9078521728516 22.6260509490967 23.8339385986328 25.3072662353516 25.884822845459 26.352237701416 26.2680282592773 27.080171585083 27.7237319946289 27.6209144592285 27.6336212158203 28.2070121765137 27.5126667022705 26.867748260498 26.9697132110596 27.1250133514404 27.417366027832 27.3368549346924 27.5717468261719 27.7875385284424 26.7733192443848 26.8348121643066 25.7128391265869 24.5161972045898 23.8526802062988 22.7984752655029 21.2807025909424 20.5089302062988 20.0771064758301 20.3831176757813 20.9231739044189 21.3541088104248 20.2423114776611 19.3097820281982 18.2846012115479 17.7382926940918
21.2056655883789 21.3429698944092 21.5351428985596 21.3174819946289 21.4350872039795 21.6665992736816 21.8945140838623 21.6893634796143 22.0868892669678 22.527286529541 23.7416706085205 24.3569717407227 25.7226448059082 26.7946586608887 27.0898056030273 27.2819786071777 28.0181198120117 28.6006622314453 29.2667827606201 28.1616039276123 28.2295684814453 28.6525707244873 28.370210647583 28.6813468933105 28.3710060119629 28.7866764068604 28.9638137817383 28.6150074005127 28.4756183624268 28.0167179107666 27.8432159423828 27.6236400604248 26.1044654846191 25.7762432098389 24.467887878418 23.6183433532715 22.9916076660156 20.6473026275635 18.7457809448242 19.8856563568115 20.9917793273926 20.524076461792 19.7822265625 18.735034942627 18.1611328125 17.6374187469482
21.8195266723633 21.4350757598877 21.4056415557861 21.5967712402344 22.1734714508057 23.080379486084 23.0829448699951 22.9580955505371 23.7248344421387 24.6994876861572 25.5146980285645 26.6731586456299 27.3871555328369 27.2624053955078 28.4484405517578 28.9553165435791 29.0000743865967 29.4915828704834 29.931396484375 29.9570960998535 29.8395195007324 29.2990074157715 29.5167694091797 29.979248046875 30.4956607818604 30.9315872192383 30.9942111968994 30.5370826721191 29.3763599395752 28.9545001983643 28.4221935272217 27.7221908569336 26.7480926513672 26.1315422058105 25.4691257476807 23.9705505371094 23.1593532562256 21.0553150177002 19.4757747650146 18.7773914337158 18.6070880889893 19.3361949920654 19.3089160919189 17.7739105224609 18.6590156555176 18.6903285980225
22.6038360595703 22.6908168792725 22.2338924407959 22.2216472625732 22.400915145874 23.6076145172119 24.4481143951416 24.9750499725342 25.4007873535156 27.1842918395996 28.0900802612305 28.9956016540527 28.958517074585 29.7383136749268 30.0069618225098 29.9340190887451 30.3173847198486 30.5041561126709 30.6334228515625 30.2576217651367 30.3534069061279 29.9328289031982 30.0817642211914 31.0284271240234 31.1577186584473 31.481164932251 31.39404296875 31.1069965362549 30.7458972930908 30.3595085144043 29.4955158233643 28.9507923126221 28.2129650115967 27.1395664215088 26.0518264770508 24.7134990692139 24.4336566925049 23.2678031921387 22.1018867492676 20.926815032959 19.3431816101074 18.9549808502197 18.5131053924561 18.0321655273438 18.9214038848877 18.4090309143066
