input_data/future_climate/BCC_CSM2_126/_bio19_a.asc
ncols  331
nrows  193
xllcorner  17.833372883333
yllcorner  37.9999896166667
cellsize 0.1666667
NODATA_value  -9999
[rows 62 to 92 of 193, columns 207 to 275 of 331]
120.9375 120.3125 119.875 118.5625 116.75 115.875 114.5 112.625 111.0625 109.0625 107.9375 107.6875 107.75 108.125 109.4375 111.75 114.3125 118.25 122.25 125.375 129.875 135.75 139.375 143.625 147.5 149.875 151.125 151.9375 152 151.6875 151.0625 151.125 150 148.8125 147.3125 145.375 142.875 139.8125 130.6875 126.6875 118.375 109.375 97.0625 86.625 78.5625 70.9375 66.625 66.375 64.125 64.25 64 64.6875 66.375 67.0625 68.5625 68.6875 69.5 70.3125 71.1875 72.625 74.875 74.1875 75.3125 75 75.1875 75.9375 76.25 77.0625 78.375
121.6875 121.0625 120.0625 119.625 117.25 116 114.25 111.3125 109.75 107.6875 106.6875 105.75 105.5 105.125 106.625 108.5 111.5 115.6875 119.6875 123.0625 128.4375 132.75 135.4375 139.3125 143.625 146.4375 149.8125 150.6875 150.5625 150.8125 150.25 151.8125 151.5625 150.6875 149.9375 147.1875 144.5625 141.125 131.875 128.25 128.875 117.4375 101.4375 88.5625 80.25 73.5625 69.8125 66.6875 65.6875 65.9375 65.0625 66.5 67.9375 68 68.8125 69.5 69.8125 70.6875 72.5 73.375 73.875 74.3125 74.5 75.5 75.8125 76.75 76.25 76.6875 78.375
121.3125 122.5 122.0625 119.375 119 116.8125 115.125 112.25 108.875 107.3125 105.125 104.125 103.6875 103.8125 104.3125 106 109 112.4375 116.5 120.625 124.5 128.5625 133 136.4375 140.5625 143.25 147.25 148.4375 148.5625 150.4375 151.1875 151.875 152.375 153.1875 151.875 150.625 146.875 144.375 136.4375 130.75 124.8125 117.6875 105.4375 92.25 82.8125 76.9375 72.9375 70.125 68.125 66.625 67 68.0625 68.125 68.0625 69.1875 70.8125 70.9375 71.75 72.3125 74.0625 73.375 73.9375 74.4375 75.0625 75.3125 76.5 76.75 76.625 78.75
122.8125 122.25 122.0625 121.5625 119.75 118.375 115.75 112.9375 110.25 107.0625 105.1875 103.1875 101.4375 100.625 101.8125 103.8125 106.625 110 113.875 118.3125 121.5625 125.125 129.8125 135 138.25 139.6875 142.375 145.8125 147.125 149.1875 150.5 152.3125 154.5 155.0625 155.5 154.5 149.5 149.625 143.9375 137.0625 128.9375 116.5 104.25 95.6875 87.125 80.5625 75.875 72.875 70.875 69.1875 69.1875 68.8125 69.875 71.5 70.9375 70.375 71.8125 72 73.125 72.5625 72.1875 74.375 75 74.75 75.375 76.75 77.625 77.6875 78.25
124.875 125.3125 125 123.625 121.3125 119.1875 115.9375 113.125 110.25 106.4375 104 101.875 99.6875 98.1875 99.5625 102.5625 105.125 108.0625 112.1875 115.375 119.1875 123 126.75 133.375 133.3125 136.6875 138.9375 142.6875 145.3125 147 149.6875 152.125 155.6875 156.6875 154.75 154.75 155 155.75 147.875 140.1875 133.0625 120.625 110.4375 99.375 90.5 84.25 79.9375 76.0625 74.1875 72.9375 72.625 72.4375 71.875 71.625 71.8125 71.75 72 72.0625 72.1875 72.125 72.5625 73.8125 75.0625 75.6875 76.0625 76.8125 77.6875 78.8125 79
127.125 127.875 127.3125 126.0625 123.5 120.5 116.375 113.25 110.3125 106.125 103.5625 101.4375 99.25 97.9375 97.25 100.0625 103.0625 106.375 111.1875 113.9375 116.875 120.375 125.25 129.9375 131.5 134 137.1875 140.25 143.5625 146.5 150.25 154.5625 155.5 155.4375 156.5 158 160.6875 158.625 156.5 147.8125 138.8125 126 112.6875 103.5 95.125 87.25 82.5 78.6875 76.9375 76.5 76.4375 75.125 72.75 72.125 72 71.6875 71.9375 72 72.125 72.625 72.875 73.1875 74.75 75.625 76.3125 77.125 77.8125 78.8125 79.8125
130.5 131.8125 131.0625 129.8125 126.375 121.25 117.75 114.1875 110.8125 106.375 102.75 101.625 99.5625 98.125 98.25 99.9375 103.6875 106.1875 109.625 112.125 115.125 118.1875 121.625 125.375 126.125 129.625 134.5 138.0625 141.3125 144.5625 148.5 152.3125 154.375 155.6875 158.375 160.875 162.75 161.875 160.4375 154.625 142.25 127 118.375 105.875 97.1875 89.5 84.75 79.8125 77.8125 77 76.625 74.5 73.5 72.625 71.8125 71.8125 72.0625 72.0625 72 72.6875 72.25 73.3125 74 75.25 76.125 77.8125 78.6875 79.9375 80.375
134.25 135.625 134.625 131.6875 127.6875 123.0625 118.125 114 110.375 106.5625 103.25 101.375 99.25 98.5625 99.875 101.75 103.25 105.9375 108.3125 111.125 113.625 116.625 119.8125 121.5 123.75 127.75 132.5625 134.8125 138.375 142.5625 144.8125 149.5 154.4375 155.5 157.75 160.625 163.625 164.6875 164.5 159.25 144.875 131.8125 117.9375 106.375 96.875 90 84 79.8125 77.75 76.9375 75.5 74.3125 73.375 72.625 72.375 71.5 71.625 71.25 71.3125 71.8125 73.625 74.8125 74.3125 74.6875 76.875 78.25 79.6875 80.1875 80.6875
138.3125 139.5625 138.1875 134.5625 130.125 124.5 118.25 114.0625 109.6875 106.0625 102.25 100.375 99.8125 99.25 99.75 102.4375 103.5625 105.1875 107.5 109.75 112.5625 114.75 116.25 119.5 122.625 125.1875 127.5 130.375 134.3125 138.4375 142.125 145.5625 151.25 155.4375 158.4375 160.5625 161.625 162.3125 160.25 154.3125 144 132.8125 119.5625 107.125 96.75 88.8125 83.625 79.3125 76.3125 75.4375 75.375 74.375 72.875 72.625 72.25 72.0625 72.3125 70.875 71.1875 71.5625 71.625 73.625 75.9375 77.125 78.25 78.5 80.375 81.5 82.5
140.625 143.9375 143.375 138.5 131.5625 124.5625 118.5 112.75 108.1875 104.375 102.4375 101.375 100.1875 100.3125 101.1875 102.125 104.125 105 106.8125 108.25 110.875 112.3125 114.125 116.8125 119.3125 121.3125 122.625 124.625 128.5625 133.125 138.6875 144.4375 150 155.4375 158.5625 159.0625 159.375 158.375 157.625 152.25 142.25 130.875 118.6875 105.875 96.5 87.6875 82.0625 76.8125 75 74.25 74.4375 73.875 73.4375 71.25 71 71.25 72 70.9375 71.3125 71.0625 72 74.125 75.375 77.5 78.375 78.875 79.875 82.375 83
143.3125 148.1875 147.9375 140.1875 130.625 122.5625 115.375 110.0625 106.25 102.9375 100.5625 99.9375 99.625 100 101.3125 101.1875 103.125 104.875 106.125 107.5625 108.75 110.625 112 113.875 115.6875 116.5625 117.3125 119.625 122.75 128.0625 135.3125 142.25 149.375 154.8125 158.8125 158.375 156.875 155 151.625 146.25 138.25 126.9375 117.5625 106.75 94.3125 85.875 78.125 74.4375 73.625 73.3125 72.5 72.625 72.5 72.4375 72.0625 70.5 70.25 71.1875 71.625 72.4375 72.5 73.25 74.1875 76.1875 78.1875 80.0625 82 84.125 84.3125
142.5625 147.375 146.25 137.3125 127.75 119.6875 112.9375 108 103.8125 101 100.6875 99.875 98.9375 99.3125 101 101.375 102.8125 103.125 103.75 105.125 107.875 110.375 111.75 112.5 111.0625 110.8125 112.125 114 117.875 123.25 130.4375 137.625 145.125 151.6875 157.3125 158.1875 157.4375 153.375 147 141.5 134.1875 124.875 115.875 104.25 92.4375 84.1875 78.1875 74.375 73.4375 72.5 73.0625 73.75 73.8125 72.6875 72.3125 71.75 71.3125 71.125 72.5 71.6875 72.75 72.8125 73.375 74.4375 75.5 77.75 79.6875 81.75 82.5625
137.6875 139 137.3125 131.4375 124.25 117.4375 110.3125 104.3125 100.3125 98.5625 99.5 100.5625 101.6875 102.4375 102.8125 103.5 104.1875 104.6875 104.125 105 105.8125 106.25 106.75 106.9375 105.75 104.9375 104.4375 107.375 112.6875 119.125 125.875 132.875 140.3125 147.9375 154.5 157.75 155.9375 151 144.5 136.625 129.6875 120.875 113.125 103.4375 93.0625 84.625 78.375 74.75 74.75 73.8125 74.125 73.8125 73 72 71.1875 71.25 70.875 70.625 71.1875 71.3125 71.375 71.9375 72.75 74.5625 75.9375 77.5625 78.625 80.5 81.25
131.25 131.6875 130 125.875 120.0625 114.375 108.375 103.125 99.5 98.3125 99.875 100.5 101.875 103.125 103.6875 105.4375 105.75 105.4375 104.3125 104.75 104.75 105.125 103.75 102.6875 100.375 99.0625 98.375 99.9375 106.375 113.9375 122.1875 128.8125 136.9375 145.25 152.9375 155.125 152.625 149.3125 141.5625 133.8125 126.125 118.6875 111.6875 104.1875 97.125 86.5625 81.1875 77.75 75.625 75.375 75.125 75 73.6875 73.9375 72.6875 72.625 71.0625 70.3125 70 70 69.9375 69.875 71.4375 73.5 74.9375 76.5 77.4375 78 79.4375
126.5625 126.75 124.1875 119.625 114.875 109.3125 104.5 101.5 99.875 99.625 99.9375 100.75 103.6875 104.3125 106.0625 106.5625 106.5 104.5 103.9375 103.0625 103.1875 103.5 102 100.625 97.25 95.0625 93.25 93.8125 100 107.8125 116.5 123.125 132 140.25 149.4375 153 148.4375 143 137.5625 130.6875 123.3125 116.5625 111.75 102.8125 97 88.5 84.1875 79.5625 76.625 75.9375 74.0625 74.5625 73.625 73.5 71.625 71.1875 71.875 71.25 69.8125 68.6875 68.9375 69.375 70.4375 72.875 73.875 74.9375 75.6875 77.3125 78
122.3125 120.75 118 113.875 108.9375 104.4375 101.6875 100.125 100 99.9375 100.5 102.4375 104.5625 105.875 107 108.8125 106.8125 106.125 104.75 103.75 101.75 102.0625 100.25 98 95.5625 93.75 92.75 92.6875 98.875 103.9375 111.625 119.5625 126.5 133.9375 141 143.75 142.4375 138.8125 133.4375 127.6875 121 113.5 108.5 101.5625 94.9375 90.125 85.6875 78.875 76.375 76.125 75.3125 73.875 73.5 73.6875 72.875 71.25 70.4375 68.3125 67 66.625 66.6875 66.875 70 71.9375 72.75 73.6875 75.5 76.75 77.6875
117.6875 115.3125 112.5 107.875 103.3125 99.375 98.4375 99.4375 100.4375 101.1875 102.9375 103.9375 105.1875 107.3125 108.75 109.75 108.1875 107.125 105.0625 103.6875 101.8125 100.9375 100.125 96.625 94.25 93.625 92.375 94.75 98.8125 103.6875 108.0625 115.5 120.5625 126.375 133.25 135.8125 134.8125 131.625 127.875 122.5 117.4375 111.875 105.5625 100.125 94.4375 90.25 85.25 80.1875 77.625 76.4375 76.875 76.625 76.4375 74.8125 73.3125 71.8125 70.3125 67.6875 68.875 67.1875 66.125 66.0625 67.3125 68.3125 70.8125 71.75 73.1875 74.8125 74.8125
113.875 112.5 109.5625 105.0625 101.25 97.875 98.125 100.625 102 104 104.25 105.3125 106.75 107.625 108.75 109.4375 108.75 107.5625 104.875 103.8125 102.25 100.5625 99.875 95.9375 94.25 93.75 94.125 97.25 99.6875 103.5625 105.3125 112.5625 115.3125 120.6875 124.875 126.5 125.8125 124.75 121.875 118.5625 114.3125 110.6875 104.8125 99.1875 94.8125 91.4375 86.875 81 79.375 78 76.25 77.125 77.4375 76.9375 74.0625 71.5625 69.8125 69.25 67.6875 65.125 65.5 65.1875 64.625 66.1875 68.125 69.5625 70.625 72.625 72.875
112.5625 110.6875 107.9375 104.0625 101.625 99.0625 99.6875 101.4375 103.125 104.0625 104.625 106 106.875 108.125 108.125 107.875 107.75 106.5 105.375 103.375 102.375 100.75 99.9375 97.25 96 94.625 95.625 98.25 100.3125 101.9375 103.8125 107.4375 112.5 114.4375 118.0625 119.375 120.875 120.4375 118.25 115.6875 111.9375 107.75 103.375 99.75 95.4375 91.125 88.3125 83 80.1875 78.6875 78.375 79.3125 80 78.125 74.4375 72.75 70.9375 68.5625 67.9375 65.6875 64.625 64 64.125 65.6875 67.5625 70.375 71.75 73.8125 73.75
111 109.0625 105.625 102.8125 100.5625 100.1875 101.6875 104.625 106.3125 106.1875 106.4375 107.125 107.5625 108 108.0625 108.375 107.875 107.375 106.375 104.8125 103.75 102.5 99.875 97.6875 98.375 96.75 96.375 98.0625 99.1875 100.75 102.0625 103.125 104.6875 108.125 111.25 113.0625 113.375 113.25 113.5625 112 108 104.625 102.0625 98.375 95.4375 91.8125 89.4375 84.75 80.875 79 78.1875 78.3125 77.875 75.9375 75.875 73.875 72.0625 69 67.6875 65.75 65.0625 65.25 65.625 66.375 67.9375 70.625 73.125 74.5 74.5
109.0625 106.5625 104.125 102.375 101.1875 101.6875 103.6875 105.75 107.1875 107.125 106.8125 107 107.3125 107.5625 108.25 108.4375 110.5 108.75 108.0625 106.8125 104.5625 103.25 101.625 100.625 98.5625 97.9375 98 98.3125 98.375 100.0625 100.375 100.1875 100 104.375 106.9375 108.125 109.6875 107.3125 106.6875 106.375 105.625 102.375 102.5625 98.6875 97 92.75 89 85 81.375 79.0625 78.1875 78.25 78 75.625 72.6875 71.375 68.8125 67.3125 66.6875 65 65.125 65.0625 66.0625 66.875 68.375 71 72.5 73.3125 74
108.5625 106 103.25 101.5625 100.875 100.8125 102.125 104.125 106.9375 108.0625 106.6875 105.5625 107.25 109 108.9375 109.1875 109.875 109.75 108.1875 107.1875 106.0625 105 102.4375 102.4375 101.5 101.4375 100.6875 100.25 98.875 98.4375 98.9375 97.9375 97.125 99.25 102.25 104.25 105.6875 106.3125 106.375 105.6875 105.5 101.375 102.3125 98.25 96.125 95.1875 90.625 86.3125 83.6875 80.375 79.5625 77.875 76.5625 75.0625 71.875 70.9375 68.5 67.25 66.25 65.5625 65.3125 65.125 66.4375 67.125 68.5625 70.5625 71.9375 73 73.3125
107.25 104.3125 102.125 99.125 97.1875 98.75 100.3125 102.875 104.25 105.0625 103.4375 105 107.3125 108.1875 108.1875 109.125 109.625 110.0625 109.75 109.5 107.6875 107.5 106.125 104.375 104.5 104.25 102.8125 101.75 99.4375 98.5625 96.9375 94.3125 92.9375 94.6875 96.9375 98.3125 100.9375 102.875 102.3125 104.8125 105.125 102.375 100 96.4375 97.375 97.1875 92.9375 86.125 85 80.9375 78.9375 78.3125 76.5 73.625 72.375 69.25 67.25 67.4375 66.25 66.125 66.5 66.875 66.3125 67.875 68.6875 70.5625 71.3125 72 73.0625
106.8125 103.375 100 97.1875 96.6875 96.75 98.125 98.75 100.125 101.5625 102.8125 104.6875 105.875 106.8125 106.8125 108 108.8125 110.375 110.625 111 110.9375 110.4375 109.8125 108.4375 107.9375 107.0625 105.6875 103.3125 101.0625 99.5625 97.25 96.25 92.9375 91.375 93.25 94.6875 98.25 100.5625 101.6875 105.125 105.875 101.375 100.5 99.1875 98.3125 94.3125 90.75 90.1875 86.5 81.3125 78.0625 78.125 75 72.9375 70.5 68.5625 68.3125 67.5625 66.8125 67 66.5625 66.75 66.875 67.875 68.875 70.125 71.75 72.5 72.5625
105.9375 103.5625 99.75 96.1875 94.4375 94.5 96.0625 97.75 98.75 99.8125 101.4375 103.5625 104.625 105.9375 106 107.625 110.625 111.8125 112.3125 113.5625 113.4375 113.75 113.375 113.4375 111.875 110.5 108.375 104.4375 103.4375 101.875 99.4375 96.0625 92.4375 89.4375 92.5625 93.875 95.875 98.5625 100.1875 102.0625 102.0625 103.375 105.4375 103.5 100.625 98.8125 92.375 88.5625 83.25 79.25 77.6875 76.25 73.1875 70.75 69 67.125 66.25 66.375 65.8125 65.9375 66.8125 67 66.625 67.25 68.8125 69.875 70.8125 70.75 70.5
107.4375 103.25 99.3125 95.875 93.8125 93.4375 94.375 96.25 98.25 98.4375 99.3125 103.0625 104.25 104.5625 105.9375 107.875 110.125 112.375 114.25 116.375 117.6875 118.4375 118.4375 118.4375 116.3125 114.0625 111.8125 110.4375 107.0625 104.25 99.375 97 94.75 92.5625 93.5625 94 95.875 97.25 100.5625 102 102.9375 105.1875 105.75 103.375 103.3125 99.3125 93.625 89.875 82.9375 78.6875 77.5625 75.0625 72.0625 69.375 66.8125 66.0625 65.6875 65.125 64.5625 65 65.375 66.4375 66.375 66.375 67.25 68.1875 68.9375 68.625 68
107.0625 102.625 99.5625 96.5 94.3125 93.1875 94.4375 95.3125 96.8125 98 99.0625 101.625 102.875 103.75 106 107.375 110.9375 113.25 115.375 118.3125 120.4375 121.5 123 122.4375 120.1875 117.3125 116.25 114.1875 112.1875 108.6875 104.75 100.6875 97.3125 96.375 96.0625 95.1875 96.6875 97.4375 99.5625 101.3125 101.875 102.375 101.5625 103.1875 102.5625 101.25 92.9375 86.5 82.375 79.9375 77.1875 74.0625 70.0625 68.125 65.5 64.1875 63.6875 63.4375 64.125 64.25 64.8125 65.125 65.8125 66 66.375 66.75 66.375 67.125 65.9375
107 103.5625 100.6875 98.0625 95.25 94.375 95.25 95.75 96.375 97.5625 99.5625 100.1875 102 103.375 104.9375 108.375 112 114.75 117.125 119.6875 122.8125 126.4375 127.4375 125.6875 123.625 121.3125 118.5625 115.8125 115.1875 113.125 108.8125 105.375 103.3125 100.9375 98.8125 97.5625 96.125 96.0625 97.375 97.375 100.875 103.375 101.6875 104.5625 105.1875 101 90.6875 84.375 81.625 78.75 76.0625 73.5 69.625 66.875 65.375 63.125 63 62.9375 63 64.375 63.9375 64.375 64.25 65.1875 65.375 65.0625 65.5 66.5625 66.8125
107.5 105.25 102.375 99.4375 96.625 95.125 95.25 95.9375 96.875 97.5 98.875 99.4375 100.0625 102.5625 105.25 108 111.1875 114.75 117.8125 122.125 125.5 130.1875 131.5625 130.4375 127.75 124.9375 122.4375 119.875 116.5 114.8125 112.5 108.0625 106.8125 105.3125 101.1875 98 99.0625 96.9375 98.25 99.25 97.25 99.625 102.75 103.4375 101.75 94.1875 86.4375 81.75 79.875 78.1875 74.9375 72 69.1875 66.625 64.0625 62.6875 62.875 62.875 62.8125 63.0625 63.75 63.75 63.6875 64.4375 65 65 65.1875 65.5 65.4375
108.5625 106.0625 103.875 101.875 99.3125 97.375 96.3125 96.4375 96.8125 97.1875 98.0625 97.75 98.9375 101.25 103.0625 105.75 110.3125 114.625 120.125 124.4375 129.75 133.8125 137.5 134.4375 131 128.875 126.25 122.875 118.5625 116.125 117.375 113.75 109.8125 108.25 103.3125 99.0625 97.125 100 98.6875 96.8125 96.5 99.6875 99.625 98.4375 95 89.6875 84.25 80.1875 78.9375 75.875 73.875 70.25 68.125 65.9375 64.25 63.3125 63 63.1875 63.1875 62.5625 63.375 63.8125 64 64.25 64.3125 64.5625 64.625 64.5625 64.375
110.375 108.0625 106.125 104.0625 101.1875 99.5 98.0625 96.125 96.6875 96.125 96.125 96.6875 97.8125 98.875 100.5 103.125 107.4375 113.1875 118.9375 124.75 131.375 137.1875 139.1875 137.25 134.5 131.6875 127.125 125.875 124 122.0625 121.75 120.5 116.375 110.9375 105 101.9375 98.4375 94.875 94.625 96.6875 97.25 95.6875 93.8125 93.875 87.6875 85.6875 83.1875 80 76.8125 73.375 69.5625 68.375 67.75 65.9375 65.5625 63 62.625 62.4375 62.5 62.8125 63.25 63.3125 63.125 62.4375 62.875 62.625 63.1875 63.0625 63
