input_data/future_climate/BCC_CSM2_126/_bio10_a.asc
ncols  331
nrows  193
xllcorner  17.833372883333
yllcorner  37.9999896166667
cellsize 0.1666667
NODATA_value  -9999
[rows 63 to 83 of 193, columns 276 to 321 of 331]
17.8385410308838 17.7916660308838 17.8052082061768 17.8177070617676 17.7906246185303 17.763542175293 17.7770824432373 17.7708339691162 17.6656246185303 17.6395835876465 17.673957824707 17.6468753814697 17.6124992370605 17.6218757629395 17.6791667938232 17.7416667938232 17.732292175293 17.78125 17.7427082061768 17.8343753814697 17.9281253814697 17.953125 17.9375 17.9750003814697 18.0145835876465 17.970832824707 17.9114589691162 17.9187507629395 17.919792175293 17.9177074432373 17.8833332061768 17.8010406494141 17.752082824707 17.5677089691162 17.4187507629395 17.2531242370605 17.1062507629395 17.0031242370605 16.8489589691162 16.6687507629395 16.7177085876465 16.763542175293 16.7885417938232 16.7999992370605 16.8218746185303 16.859375
17.8791675567627 17.890625 17.9208335876465 17.8624992370605 17.9281253814697 17.84375 17.7916660308838 17.7739582061768 17.6906242370605 17.6218757629395 17.5625 17.455207824707 17.4229164123535 17.4427089691162 17.5708332061768 17.6572914123535 17.6677093505859 17.8114585876465 17.8479175567627 17.8739585876465 17.9416656494141 17.9854164123535 18.013542175293 18.0187492370605 18.0270824432373 17.9958343505859 17.9583339691162 17.9906253814697 17.9833335876465 17.9437503814697 17.796875 17.7666664123535 17.6625003814697 17.564582824707 17.4458332061768 17.2572917938232 17.138542175293 16.955207824707 16.7958335876465 16.6333332061768 16.716667175293 16.796875 16.892707824707 16.8156242370605 16.845832824707 16.8666667938232
17.9604167938232 17.9739570617676 18.0281257629395 18.046875 18.03125 17.9802093505859 17.9322910308838 17.8968753814697 17.8479156494141 17.7927074432373 17.732292175293 17.6927089691162 17.5104179382324 17.4895839691162 17.5833339691162 17.6437492370605 17.6968746185303 17.7822914123535 17.8812503814697 17.8833332061768 17.939582824707 18.0427074432373 18.0770835876465 18.0749988555908 18.0833339691162 18.060417175293 18.0541667938232 18.0739574432373 18.0812511444092 17.9541664123535 17.7583332061768 17.6052074432373 17.4447917938232 17.3833332061768 17.2625007629395 17.1302089691162 17.048957824707 16.9187507629395 16.8979167938232 16.8500003814697 16.8427085876465 16.857292175293 16.966667175293 17.0208320617676 16.984375 16.8968753814697
18.0166664123535 18.1197910308838 18.1802082061768 18.1812496185303 18.1499996185303 18.1520843505859 18.1552085876465 18.1447906494141 18.0812492370605 18.0041675567627 17.8666667938232 17.7749996185303 17.59375 17.3854160308838 17.4989585876465 17.6343746185303 17.7437496185303 17.7562503814697 17.8656253814697 17.9385414123535 17.984375 18.0104160308838 18.0729160308838 18.0854167938232 18.0697917938232 18.048957824707 18.0989589691162 18.0989589691162 18.0812492370605 17.9437503814697 17.8895835876465 17.7270832061768 17.5249996185303 17.4635410308838 17.3802089691162 17.3010425567627 17.2916660308838 17.1135425567627 17.044792175293 16.986457824707 16.9291667938232 16.9260406494141 17.0229167938232 17.0666675567627 17.0427093505859 16.9541664123535
18.1322917938232 18.2020835876465 18.171875 18.1885414123535 18.232292175293 18.2718753814697 18.2572917938232 18.3041667938232 18.2427082061768 18.1177082061768 17.9177093505859 17.7072925567627 17.5541667938232 17.3708324432373 17.3385410308838 17.5322914123535 17.654167175293 17.7885417938232 17.9145832061768 17.9291667938232 17.9937496185303 18.0385417938232 18.0520839691162 18.0677070617676 18.0281257629395 18.158332824707 18.0812492370605 18.111457824707 18.013542175293 17.9343738555908 17.9302082061768 17.8760414123535 17.7604160308838 17.5458335876465 17.5 17.3708324432373 17.3062496185303 17.3114585876465 17.15625 17.1312503814697 17.0593757629395 17.109375 17.0947914123535 17.1687507629395 17.0895843505859 17.0979156494141
18.1687507629395 18.2239589691162 18.3218746185303 18.3656253814697 18.3697910308838 18.453125 18.390625 18.3718757629395 18.3083324432373 18.2552089691162 18.1302089691162 17.9343757629395 17.6010417938232 17.4020843505859 17.3916664123535 17.5520839691162 17.6916656494141 17.8166675567627 17.8083324432373 17.9031257629395 17.9291667938232 18.044792175293 18.0687503814697 18.0697917938232 18.1135406494141 18.1916656494141 18.1677093505859 18.0541667938232 17.951042175293 17.8333339691162 17.7385406494141 17.705207824707 17.7281246185303 17.7104167938232 17.5843753814697 17.4958324432373 17.3947906494141 17.3312492370605 17.3041667938232 17.2875003814697 17.2552089691162 17.203125 17.2156257629395 17.220832824707 17.2562503814697 17.2447910308838
18.1020832061768 18.1989574432373 18.3635406494141 18.5281257629395 18.5770835876465 18.6499996185303 18.7104167938232 18.6812496185303 18.5510406494141 18.4166660308838 18.3093757629395 18.0770835876465 17.872917175293 17.720832824707 17.5729179382324 17.622917175293 17.7447910308838 17.9052085876465 17.9291667938232 17.9260425567627 18.0343742370605 18.0666656494141 18.0989589691162 18.1531257629395 18.1166667938232 18.1322917938232 18.158332824707 18.080207824707 17.9437503814697 17.7718753814697 17.765625 17.7958335876465 17.7687492370605 17.6885414123535 17.6145839691162 17.5708332061768 17.5010414123535 17.4249992370605 17.377082824707 17.3187503814697 17.3666667938232 17.3322906494141 17.2927074432373 17.34375 17.3656253814697 17.3802089691162
18.0562496185303 18.2302074432373 18.404167175293 18.5687503814697 18.7302074432373 18.9072914123535 18.9656257629395 19.060417175293 19.0062503814697 18.7781257629395 18.4927082061768 18.2427082061768 18.0499992370605 17.8510417938232 17.8166675567627 17.810417175293 17.8656253814697 17.9104175567627 17.9624996185303 17.986457824707 18.0385417938232 18.0718746185303 18.1135406494141 18.1927089691162 18.1375007629395 18.1760425567627 18.1572914123535 18.1156253814697 17.8843746185303 17.8156242370605 17.9375 17.8958339691162 17.9072914123535 17.8489589691162 17.705207824707 17.6020832061768 17.6187496185303 17.5093746185303 17.4927082061768 17.4770832061768 17.4760417938232 17.4791660308838 17.484375 17.455207824707 17.4093742370605 17.4312496185303
18.0208339691162 18.1531257629395 18.3187503814697 18.4750003814697 18.6302089691162 18.8291664123535 19.0437507629395 19.2645835876465 19.296875 19.1104164123535 18.7802085876465 18.4812488555908 18.247917175293 18.1052074432373 18.0208339691162 17.9906253814697 17.9802093505859 17.984375 18.0208339691162 18.1052093505859 18.1614589691162 18.09375 18.1666660308838 18.1875 18.1531257629395 18.2072925567627 18.2114582061768 18.0197925567627 17.8718757629395 17.8406257629395 17.966667175293 17.951042175293 17.8791656494141 17.8958339691162 17.8031253814697 17.7197914123535 17.7250003814697 17.765625 17.5708332061768 17.5031242370605 17.5354175567627 17.5270843505859 17.5635414123535 17.5635414123535 17.5375003814697 17.4937496185303
18.171875 18.2552089691162 18.3510417938232 18.4885406494141 18.6625003814697 18.826042175293 19.0718746185303 19.388542175293 19.6906242370605 19.421875 19.0572910308838 18.7114582061768 18.4562492370605 18.2937488555908 18.1822910308838 18.091667175293 18.0750007629395 18.0989589691162 18.091667175293 18.1468753814697 18.142707824707 18.1312503814697 18.2083339691162 18.1989593505859 18.158332824707 18.2416667938232 18.2645835876465 18.1885414123535 18.2020835876465 18.1635417938232 18.0562496185303 17.9812507629395 18.0343742370605 17.9729175567627 17.9010410308838 17.8062496185303 17.716667175293 17.845832824707 17.7760410308838 17.7729167938232 17.7114582061768 17.7604160308838 17.6302089691162 17.5979156494141 17.5531253814697 17.5791664123535
18.451042175293 18.421875 18.4645843505859 18.548957824707 18.6843757629395 18.872917175293 19.0322914123535 19.1822910308838 19.294792175293 19.1906242370605 19.0979175567627 18.904167175293 18.6062507629395 18.4052085876465 18.330207824707 18.2302093505859 18.2104167938232 18.1760406494141 18.1572914123535 18.1645832061768 18.1989574432373 18.1447906494141 18.1760406494141 18.2020835876465 18.2374992370605 18.2489585876465 18.1843757629395 18.2510414123535 18.2145824432373 18.2197914123535 18.2593746185303 18.2760410308838 18.1968746185303 18.1822910308838 18.1354160308838 18.1156253814697 18.029167175293 17.9781246185303 17.9958324432373 17.9468746185303 17.857292175293 17.7000007629395 17.6135406494141 17.5666656494141 17.515625 17.5843753814697
18.3135414123535 18.5281257629395 18.7385425567627 18.732292175293 18.7697925567627 18.8677082061768 18.9177093505859 18.9895839691162 18.997917175293 18.9333343505859 18.861457824707 18.830207824707 18.7562503814697 18.6489582061768 18.5239582061768 18.4437503814697 18.3479175567627 18.3031253814697 18.2854175567627 18.3114585876465 18.3187503814697 18.2552089691162 18.2822914123535 18.232292175293 18.2281246185303 18.2385425567627 18.2625007629395 18.3531246185303 18.2510414123535 18.2229175567627 18.2385425567627 18.2458343505859 18.2218742370605 18.1833343505859 18.189582824707 18.15625 18.1687507629395 18.1333332061768 18.0833339691162 18.0510425567627 18.0208339691162 18.044792175293 17.953125 17.8635406494141 17.8218746185303 17.7489585876465
18.701042175293 18.720832824707 18.8781242370605 19.048957824707 18.9583339691162 18.923957824707 18.9020843505859 18.8958339691162 18.8468742370605 18.7666664123535 18.8604164123535 18.8791656494141 18.6343746185303 18.5093746185303 18.5166664123535 18.4645824432373 18.3833332061768 18.3562507629395 18.3093757629395 18.3958339691162 18.3250007629395 18.2729167938232 18.3052082061768 18.2645835876465 18.2406253814697 18.2177085876465 18.2291660308838 18.2583332061768 18.2427082061768 18.2666664123535 18.2281246185303 18.2385406494141 18.2770824432373 18.267707824707 18.2083320617676 18.203125 18.158332824707 18.1145839691162 18.1843757629395 18.2156257629395 18.1906261444092 18.127082824707 18.0895843505859 18.0677070617676 18.0562496185303 18.0104160308838
18.6166667938232 18.6395835876465 18.7041664123535 18.826042175293 18.9187507629395 18.9854164123535 18.939582824707 18.9229164123535 18.8489589691162 18.7093753814697 18.638542175293 18.685417175293 18.595832824707 18.5302085876465 18.5010414123535 18.4458332061768 18.4177074432373 18.3760414123535 18.3520832061768 18.4302082061768 18.3385410308838 18.341667175293 18.1937503814697 18.1083335876465 18.1447906494141 18.1499996185303 18.2260417938232 18.296875 18.3177089691162 18.3062496185303 18.2770843505859 18.3177089691162 18.2802085876465 18.2354164123535 18.2093753814697 18.2124996185303 18.1479167938232 18.1343746185303 18.1625003814697 18.216667175293 18.2250003814697 18.1708335876465 18.1416664123535 18.0552082061768 18.0531253814697 18.0281257629395
18.4375 18.529167175293 18.5229167938232 18.6572914123535 18.7020835876465 18.7437496185303 18.8218746185303 18.890625 18.8958320617676 18.8697910308838 18.8218746185303 18.7000007629395 18.7604179382324 18.6343746185303 18.5677089691162 18.5281238555908 18.5718746185303 18.5729179382324 18.5531253814697 18.4718761444092 18.3958339691162 18.3229160308838 18.2562503814697 18.2447910308838 18.2718753814697 18.2937507629395 18.3645820617676 18.3999996185303 18.3916664123535 18.3489589691162 18.3531246185303 18.3447914123535 18.236457824707 18.1843757629395 18.1291675567627 18.1489582061768 18.1218757629395 18.1145839691162 18.1333332061768 18.2395839691162 18.3187503814697 18.3072910308838 18.1749992370605 18.0697917938232 18.0531234741211 18.0302085876465
18.8125 18.861457824707 18.7270832061768 18.6791667938232 18.8760414123535 18.982292175293 18.9895839691162 18.8916664123535 18.7229156494141 18.7124996185303 19.0104179382324 18.984375 18.8531246185303 18.8385410308838 18.75 18.6979179382324 18.6416664123535 18.6354160308838 18.5750007629395 18.4145832061768 18.3239593505859 18.2354164123535 18.2374992370605 18.265625 18.2593746185303 18.2895832061768 18.298957824707 18.2354164123535 18.2604179382324 18.3010406494141 18.40625 18.3156242370605 18.236457824707 18.1979160308838 18.1124992370605 18.1520843505859 18.1833343505859 18.1843757629395 18.1677093505859 18.2437496185303 18.3583335876465 18.4760417938232 18.189582824707 18.122917175293 18.1041660308838 18.1260414123535
18.6447906494141 18.7718753814697 18.9697914123535 18.8604164123535 18.8916664123535 18.845832824707 18.8354167938232 18.8031253814697 18.671875 18.7875003814697 18.6968746185303 18.7843742370605 18.8125 18.7114582061768 18.689582824707 18.7124996185303 18.7843742370605 18.595832824707 18.4364585876465 18.3114585876465 18.2666664123535 18.1749992370605 18.1687507629395 18.2583332061768 18.3218746185303 18.2333335876465 18.2239589691162 18.2156257629395 18.388542175293 18.4895839691162 18.4166660308838 18.2583332061768 18.2250003814697 18.1875 18.1322917938232 18.1687507629395 18.1968746185303 18.2218742370605 18.247917175293 18.4229164123535 18.6124992370605 18.4427089691162 18.2604160308838 18.142707824707 18.1124992370605 18.0791664123535
18.7979164123535 18.8479156494141 18.8354167938232 18.75 18.7979164123535 18.8364582061768 18.7875003814697 18.7437496185303 18.6875 18.6760406494141 18.6145839691162 18.7124996185303 18.8541660308838 18.8875007629395 18.9656257629395 19.033332824707 18.8062496185303 18.5687503814697 18.4187507629395 18.25 18.1010417938232 18.2958335876465 18.1291675567627 18.109375 18.2687511444092 18.2729167938232 18.3239574432373 18.4760417938232 18.6531257629395 18.4958343505859 18.1447906494141 18.2229175567627 18.1239585876465 18.125 18.1729164123535 18.3333339691162 18.3385410308838 18.3989582061768 18.4645843505859 18.5770835876465 18.7468757629395 18.5531253814697 18.419792175293 18.314582824707 18.2333335876465 18.0864582061768
18.8083343505859 18.8687496185303 18.7395839691162 18.7302074432373 18.9333343505859 19.0041656494141 19.2020835876465 19.2354164123535 19.2447910308838 19.2333335876465 19.2302074432373 19.1750011444092 19.0260410308838 18.9947910308838 19.064582824707 18.9583339691162 18.7104167938232 18.5812492370605 18.5635414123535 18.3031253814697 18.1208324432373 18.2729167938232 18.314582824707 18.4093742370605 18.408332824707 18.5260429382324 18.6052093505859 18.7802085876465 18.7489585876465 18.5406246185303 18.232292175293 18.1885414123535 18.1916656494141 18.2020835876465 18.252082824707 18.359375 18.4125003814697 18.3791675567627 18.470832824707 18.6062507629395 18.7000007629395 18.716667175293 18.3322906494141 18.1781253814697 18.154167175293 18.1000003814697
18.7781257629395 18.7749996185303 18.8385410308838 18.9177093505859 19.0302085876465 19.3520832061768 19.4916667938232 19.3250007629395 19.3020839691162 19.2979164123535 19.3177089691162 19.2552089691162 19.1531257629395 19.1000003814697 19.0822906494141 18.9281253814697 18.875 18.7875003814697 18.53125 18.1875 18.2093753814697 18.466667175293 18.5989589691162 18.625 18.7072925567627 18.6677074432373 18.6312503814697 18.8520832061768 18.8270835876465 18.6083335876465 18.423957824707 18.3833332061768 18.3260402679443 18.2302074432373 18.2906246185303 18.3489589691162 18.3708343505859 18.3875007629395 18.4187488555908 18.5989589691162 18.7729167938232 18.7604160308838 18.497917175293 18.3937492370605 18.3427085876465 18.2250003814697
19.1635417938232 19.0593757629395 19.0072917938232 19.3020839691162 19.4874992370605 19.4739589691162 19.109375 18.9645824432373 18.9958324432373 19.046875 19.0197906494141 18.96875 19.0218753814697 19.1260414123535 19.015625 18.9260406494141 18.6812496185303 18.6364593505859 18.4645843505859 18.2468757629395 18.1979160308838 18.2312507629395 18.3291664123535 18.5218753814697 18.5031242370605 18.5927085876465 18.591667175293 18.8979167938232 18.6770839691162 18.5874996185303 18.8156242370605 18.6916656494141 18.5437507629395 18.5833339691162 18.5833339691162 18.7374992370605 18.6812496185303 18.7385425567627 18.7979164123535 18.8937492370605 18.7885417938232 18.6875 18.654167175293 18.5416660308838 18.361457824707 18.408332824707
