input_data/future_climate/BCC_CSM2_126/_bio15_a.asc
ncols  331
nrows  193
xllcorner  17.833372883333
yllcorner  37.9999896166667
cellsize 0.1666667
NODATA_value  -9999
[rows 60 to 79 of 193, columns 46 to 91 of 331]
-9999 -9999 -9999 -9999 -9999 -9999 -9999 -9999 31.7400302886963 31.9832286834717 -9999 -9999 -9999 31.976095199585 31.8647212982178 31.3161602020264 -9999 30.5376052856445 -9999 -9999 -9999 27.6715106964111 28.0179786682129 28.1157283782959 28.7622089385986 28.9701156616211 29.1366271972656 29.7247142791748 29.9087505340576 29.4873924255371 28.8629169464111 28.6635684967041 28.4224548339844 27.9981155395508 27.7619552612305 27.572473526001 28.1235046386719 28.4010486602783 28.7557487487793 28.8121643066406 28.8787879943848 28.8049640655518 29.0162658691406 28.6791687011719 28.1201705932617 27.7899341583252
-9999 -9999 -9999 -9999 -9999 -9999 -9999 -9999 33.5708923339844 -9999 33.4111557006836 -9999 -9999 32.2821083068848 32.1725273132324 -9999 -9999 -9999 30.2116603851318 -9999 29.2327632904053 29.4725475311279 29.673038482666 29.7514877319336 29.5613346099854 29.3121948242188 29.8750953674316 30.0583591461182 29.4181995391846 28.969066619873 28.9728393554688 28.551815032959 28.1966590881348 27.3040142059326 27.4522857666016 27.0166988372803 27.4822368621826 27.7879867553711 27.9261665344238 28.0931587219238 28.0207595825195 27.9242706298828 27.8269710540771 27.5431537628174 27.3766613006592 27.0487251281738
-9999 -9999 -9999 -9999 -9999 -9999 -9999 -9999 33.3774299621582 -9999 -9999 -9999 -9999 -9999 -9999 32.268310546875 31.7118148803711 30.5555057525635 30.2855758666992 29.9887790679932 30.0510311126709 29.2024040222168 29.3982524871826 29.4619731903076 29.1087989807129 28.9817771911621 29.3732891082764 29.3840408325195 29.1679134368896 29.2008399963379 28.5936260223389 28.4022617340088 28.1964492797852 27.7854347229004 27.3587493896484 27.5652103424072 27.2408885955811 27.5833759307861 27.4769706726074 27.1918296813965 27.3964557647705 27.3642063140869 27.2044239044189 26.893367767334 26.9441528320313 26.6246776580811
30.0334186553955 30.1221656799316 30.5506496429443 30.7418022155762 31.4677772521973 32.5133972167969 33.6357307434082 34.3518562316895 -9999 -9999 -9999 -9999 -9999 -9999 32.9913787841797 31.9574012756348 31.5122947692871 30.9973964691162 30.3848037719727 29.2677803039551 29.0368041992188 29.0424900054932 28.6890468597412 28.843864440918 29.0232162475586 29.0877685546875 29.260440826416 29.1920604705811 29.0208492279053 29.3452892303467 29.1862926483154 28.742338180542 28.2853412628174 28.0629787445068 27.8818454742432 27.3912220001221 27.3860416412354 27.8682632446289 27.3692626953125 27.6667327880859 27.7330760955811 27.3573188781738 27.2790641784668 26.9455375671387 26.8945846557617 26.2558040618896
29.4891529083252 30.0152473449707 30.6701164245605 31.1624336242676 31.7895469665527 32.4833221435547 33.6432113647461 34.7731742858887 35.422191619873 36.7157669067383 37.0457077026367 35.9767990112305 34.8788528442383 33.154296875 32.465087890625 32.080696105957 31.3676643371582 30.2803726196289 29.7986488342285 29.3565006256104 29.0613784790039 28.4604110717773 28.5155963897705 28.7480411529541 28.6813697814941 28.5513401031494 28.7855987548828 29.2006435394287 29.5394668579102 29.4169616699219 29.4351215362549 28.8988494873047 27.9405364990234 28.1234836578369 27.5424976348877 27.3609790802002 27.3476219177246 27.7097549438477 27.8006858825684 27.9802646636963 27.788143157959 27.4623432159424 27.092191696167 27.1363201141357 26.2880535125732 26.1786231994629
30.0307331085205 30.2467632293701 30.8821544647217 31.9012641906738 33.0098648071289 33.3511657714844 33.990795135498 34.571834564209 35.4634971618652 36.315258026123 36.6932373046875 35.4353675842285 34.3671607971191 33.4367713928223 32.7031478881836 31.7602348327637 30.7697849273682 30.3677635192871 29.9306888580322 29.6172981262207 29.2118091583252 28.5829849243164 28.7932548522949 28.4629707336426 28.7526264190674 28.537576675415 28.8004970550537 29.0947151184082 29.7228145599365 29.4937419891357 28.9514427185059 28.8249435424805 28.327075958252 28.2464962005615 27.9284248352051 27.938570022583 27.77512550354 27.5705871582031 27.0609645843506 27.6974315643311 27.4588394165039 27.3513088226318 26.9011764526367 27.023286819458 26.7001132965088 26.5976219177246
29.8893623352051 30.5501079559326 31.2088394165039 32.4499816894531 33.1416931152344 33.1341590881348 33.2118797302246 33.8359565734863 34.1581497192383 34.823112487793 35.3920745849609 34.6583633422852 33.6983604431152 33.0248718261719 32.0933380126953 31.0030269622803 30.0504493713379 29.5213356018066 29.054069519043 28.2042388916016 27.8614521026611 27.9639854431152 28.0533103942871 27.9694728851318 28.0939636230469 28.2858963012695 28.8666324615479 29.0282649993896 29.4996242523193 29.4803409576416 29.3951759338379 28.9430961608887 28.4844207763672 28.5966720581055 28.5217323303223 28.2508716583252 27.7862434387207 27.6623058319092 27.2656078338623 27.7045383453369 27.4460391998291 27.0269184112549 26.9702434539795 27.0711975097656 27.0612392425537 26.5733451843262
29.9060554504395 30.0523796081543 30.8228244781494 31.8441505432129 32.43017578125 32.4213829040527 32.5839881896973 32.7531433105469 33.0461273193359 33.294002532959 33.1487579345703 32.9404640197754 32.347728729248 31.43092918396 31.1674671173096 30.2123413085938 29.252405166626 28.2209091186523 27.4408168792725 27.0053215026855 26.6310653686523 26.8339080810547 27.0118274688721 27.3890419006348 27.5427742004395 28.1646595001221 28.9306030273438 29.260103225708 29.0873889923096 29.1382617950439 28.8871574401855 28.8058643341064 28.6369037628174 29.1188278198242 29.5310382843018 28.7594718933105 28.0662937164307 27.5352611541748 27.8533229827881 27.6954326629639 27.5120697021484 27.1520538330078 27.442211151123 27.5091934204102 27.2682933807373 27.3269309997559
29.514612197876 29.6802196502686 29.6907348632813 30.6874313354492 31.1711559295654 31.1032333374023 31.1607131958008 31.6868648529053 32.3954277038574 32.7626914978027 32.9170684814453 32.3176918029785 31.7860622406006 30.8746280670166 30.5641288757324 29.7453861236572 29.1584548950195 28.5267181396484 26.9059009552002 26.3336315155029 26.4471263885498 26.3031711578369 26.1166362762451 26.8457889556885 27.0160713195801 27.9985866546631 28.6483688354492 28.8026161193848 28.6747341156006 29.0527954101563 28.9959335327148 28.9760570526123 29.173059463501 29.5933361053467 29.682445526123 28.9173946380615 28.36376953125 28.1182384490967 28.4087867736816 28.0333976745605 27.8059101104736 27.8312683105469 27.6031379699707 27.5012130737305 27.2382469177246 27.1903381347656
29.375171661377 29.2497138977051 29.4828777313232 29.8996658325195 30.2856101989746 30.4723873138428 30.8482246398926 31.3358764648438 32.058235168457 32.1661758422852 31.7172603607178 31.1905918121338 31.1640129089355 30.6896018981934 29.9258155822754 29.7124786376953 29.1815357208252 27.985372543335 26.9277801513672 25.5662822723389 25.0735626220703 24.5263557434082 25.0781211853027 26.2300033569336 26.5866756439209 27.6745281219482 27.9312744140625 27.8927574157715 27.9820137023926 28.8665370941162 28.706859588623 29.3275833129883 29.4635963439941 29.9058456420898 29.8583164215088 29.4093761444092 29.4403762817383 28.6686058044434 28.2618045806885 28.3073329925537 28.1413021087646 27.8605041503906 27.8657360076904 27.4832763671875 27.0338497161865 27.1720676422119
28.6674613952637 28.7101058959961 28.598180770874 28.3911285400391 29.0641307830811 29.6869087219238 30.7814636230469 31.2172470092773 31.3888359069824 31.2334270477295 30.9539985656738 31.2433967590332 30.713680267334 30.78489112854 30.6299476623535 29.8254585266113 28.7287425994873 27.5025959014893 26.2504329681396 24.8371028900146 23.9678363800049 23.1510429382324 24.3056163787842 25.2675609588623 25.8299179077148 27.0009803771973 28.0613327026367 27.8838119506836 27.396671295166 27.9464092254639 28.6059284210205 29.0226821899414 29.5796699523926 29.3868942260742 29.8480319976807 28.8394813537598 28.2290554046631 28.6035785675049 28.742395401001 28.2719440460205 28.2364406585693 27.9195213317871 28.0144844055176 27.9156742095947 27.3648986816406 27.4082298278809
28.6558799743652 27.8434715270996 27.46022605896 27.3404273986816 27.9846153259277 28.7416553497314 29.7019691467285 30.6666889190674 30.8641605377197 30.7706489562988 31.067211151123 31.1045608520508 30.8667964935303 30.6601905822754 30.5359401702881 29.9393863677979 28.780387878418 27.6397514343262 25.9097328186035 24.639045715332 23.3109016418457 22.5465354919434 23.4104328155518 24.9190063476563 25.6104888916016 26.3261966705322 27.0440578460693 27.3373470306396 27.4367332458496 27.662281036377 28.1297836303711 28.8319244384766 28.8328590393066 29.1726627349854 29.3440532684326 29.1015605926514 28.7169284820557 28.4980983734131 28.8399696350098 28.4665794372559 28.5611457824707 27.9175071716309 27.6578178405762 27.7131404876709 27.2857818603516 27.769739151001
28.4313869476318 27.6119289398193 27.2550830841064 27.4621639251709 27.4176826477051 28.2595310211182 28.9116668701172 29.3981666564941 29.6928100585938 30.1344470977783 30.3850059509277 30.5383205413818 30.181245803833 29.9613075256348 29.6555786132813 29.210090637207 28.7890243530273 27.1831207275391 25.7650775909424 24.7382106781006 23.5396175384521 23.2348194122314 23.4566440582275 23.8632831573486 24.5717830657959 25.2467994689941 25.9534168243408 26.4990158081055 27.1632556915283 27.6254692077637 27.8631725311279 27.9191875457764 28.0947380065918 28.5746650695801 28.7219200134277 28.0278873443604 27.9369831085205 29.0965843200684 29.1286735534668 28.9386787414551 29.0398635864258 27.8570804595947 27.4677429199219 27.5292453765869 27.8439598083496 28.122106552124
28.3995666503906 27.2858238220215 26.3639945983887 26.516622543335 27.3058204650879 27.670238494873 28.0597896575928 28.7241725921631 28.7350749969482 28.6824970245361 29.4172039031982 30.0535774230957 30.3772525787354 30.5672569274902 30.0489521026611 29.3000926971436 28.8558139801025 27.9480648040771 27.4344120025635 26.1806964874268 24.7690048217773 24.0132007598877 23.8486480712891 23.7493705749512 24.1869964599609 24.6840229034424 25.6552124023438 26.0410499572754 26.5902576446533 27.0309009552002 27.4533939361572 27.6481132507324 27.8612461090088 28.0701847076416 28.1153678894043 28.7244529724121 29.5703601837158 30.2565402984619 29.3594741821289 29.3356075286865 28.8081893920898 27.8571453094482 26.9730033874512 27.3782577514648 28.6138362884521 28.8795394897461
28.6210021972656 26.9213905334473 26.1873512268066 26.3820953369141 27.4967823028564 28.1460571289063 27.9504852294922 28.0176029205322 27.4320201873779 27.3008842468262 28.0988101959229 28.6742305755615 29.1698951721191 29.8380584716797 29.5774993896484 29.5050659179688 29.5682258605957 28.8071880340576 27.331657409668 25.6004085540771 24.939640045166 24.4974956512451 24.8047351837158 24.8576755523682 25.1749324798584 25.1990089416504 25.7124404907227 25.9030570983887 26.7420845031738 27.534646987915 27.9971542358398 28.2281036376953 27.8874130249023 28.4967155456543 28.6358222961426 29.1402702331543 29.5625514984131 29.8864002227783 30.3264255523682 30.6561222076416 30.1739635467529 29.0808963775635 27.9164295196533 27.6272525787354 28.527099609375 29.0487842559814
28.808967590332 27.5863056182861 27.0907154083252 27.9096641540527 29.1671943664551 29.0987892150879 27.8338489532471 26.9792194366455 26.0784111022949 26.3941516876221 27.1019096374512 27.9228096008301 29.0538787841797 30.0580024719238 29.4139308929443 29.549877166748 29.0052928924561 27.7790660858154 26.9885501861572 26.097972869873 25.1106071472168 24.6280536651611 24.7309513092041 24.5705471038818 24.798713684082 25.2997074127197 26.2572116851807 26.7841281890869 27.2798385620117 27.7650680541992 28.6519622802734 28.9087200164795 28.7569408416748 29.0679016113281 29.2955741882324 29.7839183807373 30.9679317474365 31.2034015655518 32.0931777954102 32.0635719299316 31.3747138977051 29.8283786773682 28.9166431427002 28.5457611083984 28.8713226318359 29.5726642608643
28.8550891876221 27.5864791870117 27.3497467041016 27.7259826660156 28.5891551971436 28.0660438537598 26.9374809265137 26.5634174346924 25.5942993164063 25.6763973236084 26.3479537963867 27.8748779296875 29.0950164794922 29.9710865020752 29.6912994384766 29.049503326416 28.5691928863525 27.6165447235107 26.9252376556396 26.2352828979492 25.6296424865723 24.6335964202881 24.961986541748 24.8614845275879 24.9797058105469 25.6523284912109 26.6323204040527 27.3296756744385 28.1748504638672 28.5815505981445 29.0297870635986 29.4349613189697 29.6478404998779 29.422176361084 29.8998775482178 30.455982208252 31.4385433197021 32.1349067687988 33.3044700622559 33.6273880004883 31.9760437011719 30.8091373443604 30.159252166748 30.3217868804932 30.1862373352051 29.7385215759277
28.1922225952148 27.2345447540283 26.5750617980957 26.0404148101807 25.9611988067627 26.0115299224854 26.6676712036133 26.7503604888916 26.1571311950684 26.07493019104 26.9148044586182 27.9760704040527 29.345703125 30.3578472137451 29.6386165618896 28.8671188354492 28.4877586364746 27.7737903594971 27.0684394836426 26.5888290405273 25.9722557067871 25.7403354644775 25.6641445159912 25.8127059936523 26.0338478088379 26.7896595001221 27.3780632019043 27.9475288391113 29.1218757629395 29.10227394104 29.4347667694092 29.9227828979492 30.3388137817383 30.1466255187988 30.2187671661377 30.6769847869873 31.2228775024414 32.0649185180664 32.8488655090332 32.8424606323242 32.0779647827148 31.6366786956787 31.0345859527588 30.6467609405518 30.3424625396729 30.3439083099365
27.1250438690186 26.2350807189941 25.3170471191406 24.4592952728271 24.3378772735596 25.1250915527344 26.1212310791016 27.121410369873 26.5002918243408 25.8607177734375 26.4276943206787 28.0016441345215 29.0741291046143 29.7789173126221 29.4498672485352 29.0908393859863 28.6792316436768 28.0322093963623 27.5102119445801 26.8488330841064 26.3142166137695 26.8207187652588 26.9573783874512 26.8009738922119 27.0116882324219 27.5860595703125 27.8422794342041 28.5624771118164 29.5702037811279 30.0252590179443 30.2630805969238 30.5280151367188 30.6184043884277 30.5368747711182 30.2804126739502 30.835111618042 30.7522964477539 31.261833190918 31.9584255218506 32.0465774536133 32.0250549316406 31.640100479126 31.1965885162354 30.696439743042 30.6436195373535 30.6589641571045
25.9259128570557 25.1981048583984 23.8309345245361 23.2972755432129 23.2979869842529 24.1503238677979 25.1953582763672 25.8951892852783 25.8133735656738 25.8210029602051 26.3325958251953 27.6669960021973 28.3718242645264 29.0448989868164 29.2322158813477 29.272912979126 28.6395797729492 27.9095973968506 27.7881336212158 27.3525371551514 26.8907165527344 26.8567657470703 26.676197052002 26.9207096099854 27.132080078125 28.0250377655029 28.4114265441895 28.9979724884033 30.0295162200928 30.3089866638184 30.2942237854004 30.8281993865967 30.6499767303467 30.5867652893066 29.9497013092041 29.9916324615479 30.1452140808105 30.4485549926758 30.8447551727295 31.0831203460693 31.6714668273926 31.5165939331055 31.4080200195313 31.0036354064941 31.1517353057861 31.0971946716309
