input_data/future_climate/BCC_CSM2_126/_bio13_a.asc
ncols  331
nrows  193
xllcorner  17.833372883333
yllcorner  37.9999896166667
cellsize 0.1666667
NODATA_value  -9999
[rows 0 to 30 of 193, columns 142 to 212 of 331]
-9999 -9999 -9999 -9999 -9999 -9999 -9999 -9999 -9999 -9999 -9999 -9999 -9999 -9999 -9999 -9999 -9999 -9999 -9999 -9999 -9999 -9999 -9999 -9999 -9999 -9999 -9999 -9999 -9999 -9999 -9999 -9999 -9999 -9999 -9999 -9999 -9999 -9999 -9999 -9999 -9999 -9999 -9999 -9999 -9999 -9999 -9999 -9999 -9999 -9999 -9999 -9999 -9999 -9999 -9999 -9999 -9999 -9999 -9999 -9999 -9999 -9999 -9999 -9999 -9999 -9999 -9999 -9999 -9999 -9999 -9999
-9999 -9999 -9999 -9999 -9999 -9999 -9999 -9999 -9999 -9999 -9999 -9999 -9999 -9999 -9999 -9999 -9999 -9999 -9999 -9999 -9999 -9999 -9999 -9999 -9999 -9999 -9999 -9999 -9999 -9999 -9999 -9999 -9999 -9999 -9999 -9999 -9999 -9999 -9999 -9999 -9999 -9999 -9999 -9999 -9999 -9999 -9999 -9999 -9999 -9999 -9999 -9999 -9999 -9999 -9999 -9999 -9999 -9999 -9999 -9999 -9999 -9999 -9999 -9999 -9999 -9999 -9999 -9999 -9999 -9999 -9999
-9999 -9999 -9999 -9999 -9999 -9999 -9999 -9999 -9999 -9999 -9999 -9999 -9999 -9999 -9999 -9999 -9999 -9999 -9999 -9999 -9999 -9999 -9999 -9999 -9999 -9999 -9999 -9999 -9999 -9999 -9999 -9999 -9999 -9999 -9999 -9999 -9999 -9999 -9999 -9999 -9999 -9999 -9999 -9999 -9999 -9999 -9999 -9999 -9999 -9999 -9999 -9999 -9999 -9999 -9999 -9999 -9999 -9999 -9999 -9999 -9999 -9999 -9999 -9999 -9999 -9999 -9999 -9999 -9999 -9999 -9999
-9999 -9999 -9999 -9999 -9999 -9999 -9999 -9999 -9999 -9999 -9999 -9999 -9999 -9999 -9999 -9999 -9999 -9999 -9999 -9999 -9999 -9999 -9999 -9999 -9999 -9999 -9999 -9999 -9999 -9999 -9999 -9999 -9999 -9999 -9999 -9999 -9999 -9999 -9999 -9999 -9999 -9999 -9999 -9999 -9999 -9999 -9999 -9999 -9999 -9999 -9999 -9999 -9999 -9999 -9999 -9999 -9999 -9999 -9999 -9999 -9999 -9999 -9999 -9999 -9999 -9999 -9999 -9999 -9999 -9999 -9999
-9999 -9999 -9999 -9999 -9999 -9999 -9999 -9999 -9999 -9999 -9999 -9999 -9999 -9999 -9999 -9999 -9999 -9999 -9999 -9999 -9999 -9999 -9999 -9999 -9999 -9999 -9999 -9999 -9999 -9999 -9999 -9999 -9999 -9999 -9999 -9999 -9999 -9999 -9999 -9999 -9999 46 45.1111106872559 44.6428565979004 44.8125 45.25 45.25 45.4000015258789 45.4000015258789 45.4000015258789 46 -9999 -9999 -9999 -9999 -9999 -9999 -9999 -9999 -9999 -9999 -9999 -9999 -9999 -9999 -9999 -9999 -9999 -9999 -9999 -9999
-9999 -9999 -9999 -9999 -9999 -9999 -9999 -9999 -9999 -9999 -9999 -9999 -9999 -9999 -9999 -9999 -9999 -9999 -9999 -9999 -9999 -9999 -9999 -9999 -9999 -9999 -9999 -9999 -9999 -9999 -9999 -9999 -9999 -9999 -9999 -9999 -9999 -9999 -9999 -9999 46.5 46.25 46.8125 46.9375 46.6875 46.375 46.4375 46.5625 46.8125 46.9375 47.25 47.3636360168457 47.75 -9999 -9999 -9999 -9999 -9999 -9999 -9999 -9999 -9999 -9999 -9999 -9999 -9999 -9999 -9999 -9999 -9999 -9999
-9999 -9999 -9999 -9999 -9999 -9999 -9999 -9999 -9999 -9999 -9999 -9999 -9999 -9999 -9999 -9999 -9999 -9999 -9999 -9999 -9999 -9999 -9999 -9999 -9999 -9999 -9999 -9999 -9999 -9999 -9999 -9999 -9999 -9999 -9999 -9999 -9999 -9999 -9999 -9999 46.1818199157715 47.1875 47.9375 48.5625 48.625 48.4375 48.125 48.25 48.75 48.8125 48.7333335876465 49.0999984741211 50.2727279663086 -9999 -9999 -9999 -9999 -9999 -9999 -9999 -9999 -9999 -9999 -9999 -9999 -9999 -9999 -9999 -9999 -9999 -9999
-9999 -9999 -9999 -9999 -9999 -9999 -9999 -9999 -9999 -9999 -9999 -9999 -9999 -9999 -9999 -9999 -9999 -9999 -9999 -9999 -9999 -9999 -9999 -9999 -9999 -9999 -9999 -9999 -9999 -9999 -9999 -9999 -9999 -9999 -9999 -9999 -9999 -9999 -9999 -9999 47.9230766296387 48.625 48.9375 49.0625 48.8125 48.625 48.75 49 49.125 49.0833320617676 49 -9999 -9999 -9999 -9999 -9999 -9999 -9999 -9999 -9999 -9999 -9999 -9999 -9999 -9999 -9999 -9999 -9999 -9999 -9999 53
-9999 -9999 -9999 -9999 -9999 -9999 -9999 -9999 -9999 -9999 -9999 -9999 -9999 -9999 -9999 -9999 -9999 -9999 -9999 -9999 -9999 -9999 -9999 -9999 -9999 -9999 -9999 -9999 -9999 -9999 -9999 -9999 -9999 -9999 -9999 -9999 -9999 -9999 -9999 -9999 52.6666679382324 49.3333320617676 49.3571434020996 49.2000007629395 49.1875 49 49.25 49.5999984741211 59.5 -9999 -9999 -9999 -9999 -9999 -9999 -9999 -9999 -9999 -9999 -9999 -9999 -9999 -9999 -9999 -9999 -9999 53 53.375 53.5 54.125 54.8125
-9999 -9999 -9999 -9999 -9999 -9999 -9999 -9999 -9999 -9999 56.3333320617676 57.4000015258789 56.466667175293 55.5 54.25 55.25 54.75 55.25 55 53.75 52.75 52.3333320617676 54.5 53.5 52 -9999 -9999 -9999 -9999 -9999 -9999 -9999 -9999 -9999 -9999 -9999 -9999 -9999 -9999 -9999 -9999 -9999 -9999 -9999 -9999 -9999 49 62.5 -9999 -9999 -9999 -9999 -9999 -9999 -9999 -9999 -9999 -9999 -9999 -9999 -9999 -9999 52.5 52.8333320617676 54 53.375 54 55.0625 55.875 56.466667175293 56.4375
-9999 -9999 -9999 -9999 -9999 -9999 -9999 -9999 -9999 -9999 -9999 -9999 56 56.3333320617676 57.5999984741211 57.1333351135254 57.375 58.8125 57.875 57.5625 56.375 56.5 55.8125 55.5 55.8125 54.5625 53.1538467407227 54.6666679382324 75.6666641235352 75 -9999 -9999 -9999 -9999 -9999 -9999 -9999 -9999 -9999 -9999 -9999 -9999 -9999 -9999 -9999 -9999 -9999 -9999 -9999 -9999 -9999 -9999 -9999 -9999 -9999 54.25 54.0999984741211 54 53.538459777832 53.5999984741211 53.75 55.0625 55.1875 54.5 54 54.3333320617676 55.7142868041992 56.2142868041992 57.5625 58.6875 58.75
-9999 -9999 -9999 -9999 -9999 -9999 -9999 -9999 -9999 -9999 -9999 -9999 -9999 -9999 -9999 58 56.6923065185547 58.3125 60.5625 61.75 60.875 58.4375 57.6875 57.3125 57.0625 55.875 55.6875 54.6666679382324 56.7999992370605 60.7999992370605 -9999 -9999 -9999 -9999 -9999 -9999 -9999 -9999 -9999 -9999 -9999 -9999 -9999 -9999 -9999 -9999 -9999 -9999 -9999 -9999 -9999 -9999 55 55 55.769229888916 55.9375 56.5 56.0625 55.8125 55.625 55.75 56.75 56.875 55.6875 55.0625 55.75 56.9375 58.3125 59.5 59.6875 59.4285697937012
-9999 -9999 -9999 -9999 -9999 -9999 -9999 -9999 -9999 -9999 -9999 -9999 -9999 -9999 -9999 56.5 56.1333351135254 56.5 56.75 57.0625 58.5625 58.75 60.4375 60.1875 59.6875 59.1875 58.625 57.125 56.3125 56.375 55 -9999 -9999 -9999 -9999 -9999 -9999 -9999 -9999 -9999 -9999 -9999 -9999 -9999 -9999 -9999 -9999 -9999 -9999 55.5 56.1666679382324 56.4166679382324 57.125 58.8125 59.0625 59.75 59.625 58.25 57.5625 57.625 57.5625 57.3125 57.125 55.75 56.1875 56.875 58.1875 59.6875 60.125 60.5 61.0625
-9999 -9999 -9999 -9999 -9999 -9999 -9999 -9999 -9999 -9999 -9999 -9999 -9999 -9999 -9999 54.6666679382324 55.25 56.5625 55.875 55.8125 56.3125 56.875 57.4375 57.375 57.9375 58.5625 59.625 60.375 60.5625 59.3125 57.466667175293 57 -9999 -9999 -9999 -9999 -9999 -9999 -9999 -9999 -9999 -9999 56 55.5 55 56 57 57.4444427490234 57.6923065185547 57.875 58.5 59 59.5 60.0625 60.3125 60.25 60.3125 60.0625 60 59.5 58.875 58 57.125 57.25 57.5 58.0625 59.25 59.875 61.1875 61.5625 62.125
-9999 -9999 -9999 -9999 -9999 -9999 -9999 -9999 -9999 -9999 -9999 -9999 -9999 -9999 -9999 53.5 54 54.5625 54.75 55.125 54.9375 55.3125 55.4375 56.3076934814453 56.9000015258789 57.7777786254883 57.125 56.8571434020996 57 57.5 57.5 58 -9999 -9999 -9999 -9999 -9999 -9999 -9999 -9999 -9999 -9999 58.5 57.4545440673828 58 59.125 59.5625 60.25 61.0625 61.0625 60.875 60.6875 61.0625 62 62.0625 62.3125 62.1875 61.8125 61.3125 60.4375 59.5625 58.4375 57.6875 56.75 57.1875 57.6875 59.5 61.6875 63.8125 64.0625 63.6875
-9999 -9999 -9999 -9999 -9999 -9999 -9999 -9999 -9999 -9999 -9999 -9999 -9999 -9999 54.6666679382324 54.4000015258789 54.75 55.4375 55.1875 55.75 55.8125 55.7999992370605 55.8333320617676 55.5 -9999 -9999 -9999 -9999 -9999 -9999 -9999 -9999 -9999 -9999 -9999 -9999 -9999 -9999 60.769229888916 60 60.25 60.75 60.375 60.25 59.9375 59.875 60.25 60.625 61 61.5 61.4375 61.9375 62.6875 62.5625 63.1875 63.875 63.6875 63.5625 62.375 61.5 60.5 59.8125 58.25 57.75 57.4375 58.5 60.3125 62.9375 65.1875 66.625 66.0625
-9999 -9999 -9999 -9999 -9999 -9999 -9999 -9999 -9999 -9999 -9999 -9999 -9999 57 56.0666656494141 55.6875 55.875 56.8125 56.4375 56.5625 56.461540222168 -9999 -9999 -9999 -9999 -9999 -9999 -9999 -9999 -9999 -9999 -9999 -9999 -9999 -9999 -9999 -9999 61.5 61.538459777832 62.125 62.8125 63.75 63.8125 63.6875 63.25 63.0625 62.3125 62 62.0625 62.4375 62.625 62.6875 62.9375 63.5625 63.8125 63.9375 64.125 64.1875 63.8125 63.25 62.125 60.1875 59 58.125 58.75 60.5 62.1875 64.625 66.4375 66.625 66.25
-9999 -9999 -9999 -9999 -9999 -9999 -9999 -9999 -9999 -9999 -9999 -9999 -9999 58.625 57.8125 57.375 57.5625 57.3125 57.6875 58.5625 59.0625 59.3076934814453 59.125 59.75 60 -9999 -9999 -9999 -9999 -9999 -9999 -9999 -9999 -9999 -9999 -9999 -9999 62.5454559326172 63.5625 64.125 64.75 65.375 65.3125 65.625 65.25 64.9375 64.1875 64.0625 63.625 63.6875 64.125 64.1875 64.25 64.4375 64.875 65.25 65.5625 66.1875 65.4375 64.9375 62.875 61.8125 60.625 60.125 60.875 62 63.625 64.9375 65.875 66.75 66.1875
-9999 -9999 -9999 -9999 -9999 -9999 -9999 -9999 -9999 -9999 -9999 -9999 -9999 -9999 57.25 58 58.4545440673828 59.4375 59.8125 60.25 60.5625 60.4375 60.6875 60.5 60.5714302062988 61 -9999 -9999 -9999 -9999 -9999 -9999 -9999 -9999 -9999 -9999 -9999 64.6999969482422 65.125 65.375 65.4375 65.5625 65.5625 66.6875 66.1875 66 65.75 65.1875 64.9375 64.5 64.8125 64.625 65.25 65.5 65.875 66.25 66.75 67.25 67.25 66.3125 65.3125 63.6875 62.625 62.0625 62.0625 62.9375 64.0625 65.25 65.9375 66.75 66.875
-9999 -9999 -9999 -9999 -9999 -9999 -9999 -9999 -9999 -9999 -9999 -9999 -9999 -9999 -9999 -9999 -9999 61.5714302062988 61.875 62.375 62.4375 62.5625 62.1875 61.875 62.125 62 62 62 63 62.25 62 64 63 64 64 65.125 65.6999969482422 66.1875 66.5625 67 66.8125 67 67.0625 67.1875 67.125 66.25 65.4375 65.25 65.4375 65.75 66.0625 66.625 66.625 67.0625 67.0625 67.6875 68.1875 68.625 68.5 67.5 66.625 65.375 64.75 64.1875 64.25 64.125 64.875 65.875 66.375 66.625 67.125
-9999 -9999 -9999 -9999 -9999 58 58.5454559326172 58 -9999 -9999 -9999 -9999 -9999 -9999 -9999 -9999 -9999 62.9090919494629 63.375 64.25 64.75 64.875 64.5625 64.5 64 63.625 63.375 63.375 63.75 63.5625 63.75 64.125 65 65.25 66 66.75 67.1875 68 67.875 67.625 67.125 66.875 67.5625 67.4375 66.875 65.625 65.5 66.125 66.4375 66.5625 67.375 67.625 67.5625 68 69.0625 69.1875 69.4375 70.0625 70.5625 69.8125 68.9375 67.9375 66.9375 66.1875 66.125 65.9375 66.0625 66.75 67.1875 67.1875 67.25
-9999 -9999 -9999 -9999 57.25 -9999 58 -9999 -9999 -9999 -9999 -9999 -9999 -9999 -9999 -9999 -9999 64.5454559326172 64.875 65.5 65.8125 65.9375 65.9375 65.8125 65.6875 65.4375 65.125 65.375 65.25 64.9375 65.0625 65.625 66.375 66.8125 67 67.6875 68.25 68.5 68.375 67.4375 67.25 67.625 68 68.3125 67.875 67.1875 67.0625 67.0625 67.1875 67.875 68.125 68.4375 68.5 68.375 68.9375 69.5625 70 69.6875 69.3125 69.25 69.0625 68.9375 68 67.1875 66.875 67.0625 67.125 67.75 67.6875 67.9375 68.125
-9999 -9999 56.5 56.8666648864746 58.375 59.6875 61.3333320617676 63.375 64.25 65 65.75 66 -9999 -9999 -9999 67 66.6153869628906 66.875 67.75 67.625 67.9375 67.3125 67 66.9375 66.875 65.875 65.8125 66.4375 66.3125 66.375 66.25 66.4375 67.0625 67.9375 68.125 68.3125 68.875 69.125 68.8125 68.375 67.75 67.75 68.0625 68.125 68.4375 68 67.875 67.8125 68 68.125 68.9375 69.0625 69.1875 69.6875 69.75 70.125 69.875 70.0625 70.1875 70.375 70.25 69.3125 68.8125 67.75 67.6875 67.1875 67.4375 67.625 68.25 68.4375 69
56.5 56.9000015258789 57.4375 58.6875 59.75 60.4375 61 63.0625 64.875 66.1875 66.8125 66.125 65.8571395874023 67.4000015258789 68.5 69 68.9375 69.3125 70.1875 70.0625 69.6875 68.9375 68.6875 68.0625 67.125 66.6875 67 67.25 67.5 67.3125 67.8125 67.6875 67.875 68.5625 69.0625 69.4375 69.1875 69.25 69.5 68.9375 68.9375 68.4375 68.5625 68.75 68.875 68.25 68.0625 68.0625 67.75 68.0625 69.125 69.8125 70.4375 70.5 70.75 70.5 70.6875 70.9375 70.375 70.5625 70.5 70.5 69.375 68.875 69 68.5 68.125 68.0625 68.0625 68.125 68.1875
57 58.25 59.3125 60.5625 61.375 61.75 62.5625 63.75 64.8125 65.9375 66.875 67.125 68.625 69.625 70.2666702270508 71.3000030517578 71.9375 72.125 72.0625 71.25 70.5625 69.6875 69.0625 68.6875 67.8125 67.0625 67.25 67.625 67.375 67.625 67.5 68.0625 68.9375 69.9375 70.0625 70.5 70.125 70.0625 70.0625 69.625 69.1875 68.25 68.25 69.4375 69.3125 68.5625 68.375 68.6875 68.875 68.875 68.9375 69.3125 70 70.625 71 71.3125 70.875 70.375 70.375 70.375 70.1875 69.875 69.5625 69.3125 69 68.75 68.5 68.875 69.8125 69.9375 69.5
59 59.625 60.4375 61.8125 63.125 64.3125 64.9375 65.75 66.375 67 67.8125 68.6875 69.9375 70.875 71.125 72.3125 73.0625 72.6875 72.1875 70.8125 69.75 69.5 69.125 68.6875 68.125 67.875 67.375 67.375 67.25 67.5 68 68.3125 69.1875 70.0625 70.5625 69.8125 70 70 69.9375 69.25 68.0625 68.375 68.625 69.1875 70 70 69.625 69.3125 68.75 68.875 69.375 69.3125 69.0625 69.8125 70 70 69.375 70.0625 70.25 70.125 70.375 70.625 70.4375 69.4375 68.6875 68.5 68.875 69.3125 69.8125 70.6875 70.875
60.5625 61.1875 61.75 62.75 64.5625 66.3125 67.625 68.1875 68.5625 68.625 68.875 69.75 71.4375 72.0625 72.6875 73.9375 74.125 73.5 72.75 71.5 70.875 70.1875 69.125 68.75 68.4375 68.25 68.25 67.9375 67.8125 67.875 68.125 68.25 68.5 69.875 70.4375 69.9375 70.125 69.8125 69.75 69.3125 69.4375 69.1875 68.875 68.9375 69.1875 68.8125 68.5 68.1875 68.5625 68.8125 68.8125 69.4375 69.5625 70 70.25 70.0625 69.6875 69.625 70.1875 70.625 70.75 70.8125 70.75 69.625 69.0625 69.6875 70.375 70.625 70.9375 70.9375 71.25
62.25 62.1875 63.25 64.8125 65.625 66.875 67.6875 68.9375 70.125 70.375 70.25 70.6875 70.8125 72.1875 73.1875 73.9375 73.75 73.5625 72.5625 71.75 70.9375 69.6875 69.1875 68.75 68.6875 68.5625 68.75 68.6875 68.5 68.625 68.5 68.9375 68.4375 69.1875 69.625 70.1875 70.4375 70.25 69.5625 69.625 69.625 69.3125 69.3125 69.1875 69.5 69.8125 70.125 69.5 69.5625 69.875 70 69.4375 69.3125 69.875 70.3125 70.4375 70.1875 69.875 70.0625 69.9375 70.25 69.5625 69.25 69 69.6875 69.625 69.875 69.8125 70.125 70.3125 70.5
62.625 63.0625 64.25 65.0625 66.4375 67.75 68.625 69.75 70.625 71.25 71.25 70.5625 71.0625 71.5 72.3125 72.9375 73 73.1875 72.25 71.25 70.8125 70.125 69.25 69 68.25 67.9375 68.375 68.5625 68.125 68.1875 68.4375 69 69.0625 69.75 70.375 70.75 70.8125 70.4375 70.375 70.25 70.4375 70.375 70.3125 71.4375 71.5625 71.4375 71.125 71.125 71.6875 72.5 72.5 71.6875 70.375 70.0625 70 69.8125 69.375 69 69.1875 69.5 69.6875 69.75 69.75 70.25 70.5 69.9375 69.875 69.9375 69.75 69.375 69.3125
63 63.4375 64.1875 65.8125 66.8125 67.5 68.4375 69.5 70.1875 70.5625 69.875 70.375 70.6875 71.1875 71.75 71.9375 72.0625 71.9375 71.875 71.125 70.5 70 68.875 68.375 68 67.4375 67.875 68.3125 68.0625 68.0625 68.625 69.0625 69.3125 69.4375 69.6875 70.1875 70.125 70.5625 70.5625 71.0625 71.6875 71.625 70.5 71.375 71.8125 71.8125 71.625 72.0625 73.0625 74 74.4375 73.75 72.1875 71.5625 71.25 70.5625 70.5625 70.6875 70.5625 70.625 70.8125 70.3125 70.625 71.1875 70.9375 70.125 69.5625 69.1875 68.9375 69.1875 68.875
63.25 63.8125 64.1875 65.1875 65.9375 66.5625 68 68.8125 69.0625 69.25 69.5625 69.625 70.375 71 70.9375 71 71.3125 71.3125 71.3125 70.5625 70.5 70.5 70.0625 68.5625 67.5 68.25 68.625 68.25 68.1875 68.4375 68.875 69.125 69.6875 69.875 71 71.6875 71.125 71.75 72.4375 72.375 72.1875 72.1875 71.6875 71.625 72.0625 72.25 72.75 73.125 73.3125 74.125 74.3125 73.5625 73.0625 72.125 71.9375 71.25 71.5625 73 72.5 72.375 71.25 70.6875 70.375 70.875 70.6875 70.125 69.9375 69.8125 70 69.875 69.75
