input_data/future_climate/BCC_CSM2_126/_bio15_a.asc
ncols  331
nrows  193
xllcorner  17.833372883333
yllcorner  37.9999896166667
cellsize 0.1666667
NODATA_value  -9999
[rows 100 to 119 of 193, columns 138 to 183 of 331]
24.7356605529785 24.4552841186523 24.2784328460693 24.0519905090332 23.8393707275391 23.5316867828369 23.3312149047852 23.1256847381592 23.2830619812012 23.7148609161377 24.024585723877 23.946964263916 23.2512493133545 23.0131053924561 23.1535930633545 23.5769176483154 23.8724250793457 24.5383586883545 24.8983154296875 25.3648910522461 25.5743961334229 26.2726669311523 26.1456279754639 26.5791702270508 26.3905696868896 26.3745899200439 25.0037364959717 24.9200477600098 24.5604858398438 24.1541862487793 24.9238433837891 25.2068538665771 26.1836318969727 26.0882244110107 26.4809627532959 25.8101596832275 25.6318454742432 26.0594596862793 26.9143867492676 27.6012859344482 27.5376777648926 27.8324146270752 28.6372241973877 29.3645915985107 29.5512294769287 29.8214206695557
23.9667148590088 23.8948020935059 23.5959606170654 23.7621154785156 23.1592388153076 22.7724666595459 23.2564144134521 23.1320514678955 23.4111309051514 23.6830406188965 23.5559329986572 23.1292400360107 22.8551979064941 22.3718128204346 22.4363536834717 22.6823482513428 23.3579406738281 23.9540138244629 24.3831157684326 24.6808185577393 25.2537746429443 25.6072368621826 25.8583183288574 26.3125438690186 26.4953727722168 26.2576560974121 25.850269317627 25.2907333374023 24.2166442871094 24.3602161407471 24.5979042053223 24.4916076660156 25.0593090057373 25.0664577484131 24.4865798950195 24.8236026763916 24.2484855651855 24.8822536468506 25.0455932617188 25.9039726257324 26.0391597747803 26.1539897918701 27.105447769165 27.6188735961914 28.3993759155273 29.1635589599609
23.8867359161377 23.8709983825684 24.0140552520752 23.7067184448242 23.612419128418 23.4974269866943 22.918384552002 22.6693420410156 22.6113338470459 22.6760940551758 22.8062019348145 22.8033561706543 22.5582885742188 22.5055484771729 22.3868141174316 22.626953125 23.1999130249023 23.2397880554199 23.5991363525391 24.1028442382813 24.4031314849854 25.0113830566406 25.552318572998 25.6705532073975 25.8402500152588 25.5269985198975 24.944507598877 24.7471504211426 24.9668636322021 24.9015769958496 25.0094413757324 24.9575710296631 24.1997833251953 24.0274333953857 23.8165264129639 23.5864810943604 23.3945407867432 23.3713512420654 23.6996078491211 23.7510757446289 23.4560146331787 23.9179306030273 24.7076873779297 25.3351020812988 26.8464164733887 27.7626304626465
23.7044582366943 23.5949687957764 24.1585922241211 23.7478256225586 23.8621158599854 23.1217937469482 22.6675491333008 22.7649688720703 22.6154327392578 22.5411109924316 22.7426071166992 22.7488040924072 22.5152187347412 21.7490329742432 22.3419075012207 22.5010757446289 22.5763320922852 22.9255771636963 23.483829498291 23.8871040344238 24.1186771392822 24.6184234619141 25.0966663360596 26.0654773712158 26.0609169006348 25.9859027862549 25.4003314971924 25.1613864898682 24.8870105743408 25.0380821228027 25.3218650817871 24.6774787902832 24.1461277008057 23.7293128967285 23.0803203582764 22.6843032836914 22.6627140045166 22.0608787536621 21.9695949554443 22.0677967071533 22.371919631958 22.7173843383789 22.8480644226074 23.2363529205322 24.4565811157227 25.3504219055176
23.4113292694092 23.6571922302246 23.9380989074707 23.9913749694824 23.8797187805176 22.9988136291504 22.8579578399658 22.5731639862061 22.5580043792725 22.6855983734131 22.6503295898438 22.5921497344971 22.4132995605469 22.3373565673828 22.4927959442139 22.6185722351074 22.6507682800293 22.5861759185791 23.0367736816406 23.2643203735352 23.5774688720703 24.2474842071533 24.9941310882568 25.533727645874 25.8442249298096 26.031608581543 26.2488918304443 26.1828708648682 25.035135269165 24.4073295593262 24.7611408233643 24.642427444458 24.1561126708984 23.744873046875 23.0648899078369 22.5038604736328 22.022439956665 21.6960468292236 21.5212497711182 21.0212459564209 21.2560157775879 21.6889762878418 21.4610061645508 21.7416973114014 22.6086406707764 23.2591743469238
23.9213447570801 23.8005599975586 24.0149612426758 23.8035545349121 23.2080345153809 23.0559482574463 22.2997436523438 22.0269069671631 22.1420974731445 22.1255931854248 22.0271377563477 22.5451602935791 22.5308036804199 22.0876369476318 22.1407794952393 22.3885936737061 22.4004898071289 23.0590801239014 22.8301906585693 22.6748523712158 22.8748912811279 23.6366672515869 24.6323280334473 25.1445598602295 25.6664600372314 26.2733592987061 26.2561683654785 26.0064373016357 25.7488403320313 25.0238914489746 24.5341014862061 24.0821857452393 23.6804752349854 23.1226272583008 22.63232421875 22.3036594390869 22.0289478302002 21.6916408538818 21.0413417816162 21.3323249816895 21.3247756958008 21.0034561157227 20.8803768157959 20.7277660369873 21.3386898040771 22.3172340393066
24.2177066802979 24.0467128753662 23.5360660552979 22.9798831939697 22.9308071136475 22.2255268096924 21.8658237457275 22.0886306762695 21.9124660491943 22.1071338653564 22.0564212799072 21.8960056304932 22.0940456390381 22.0245914459229 22.0451622009277 22.5386962890625 22.5585880279541 22.696907043457 22.9885883331299 22.7281513214111 22.6918659210205 23.0919246673584 23.9336242675781 24.6946868896484 25.5578784942627 25.6972770690918 25.9864654541016 26.0738735198975 25.3873691558838 25.0989398956299 24.3505344390869 23.9945507049561 23.4141407012939 23.4250869750977 22.9974822998047 22.2052803039551 22.1427440643311 22.3429145812988 22.1094989776611 22.3337574005127 21.8862648010254 21.7311916351318 20.905065536499 21.011043548584 21.6681632995605 22.4714431762695
23.7520198822021 23.7017269134521 23.4718379974365 22.738037109375 22.8193855285645 21.9630222320557 21.7425117492676 21.8299236297607 21.6476421356201 21.7800559997559 21.9435768127441 21.864595413208 21.9636363983154 22.0753440856934 22.3338489532471 22.2688827514648 22.671407699585 22.8963279724121 22.8299808502197 22.9463996887207 22.8839149475098 23.1699104309082 23.9519958496094 24.7608089447021 25.4932651519775 25.9071063995361 26.1877880096436 26.3547058105469 25.4097347259521 24.6633796691895 23.7311611175537 23.3826694488525 22.6593017578125 22.4826374053955 22.7102603912354 23.0340900421143 23.3118553161621 23.960765838623 24.0903491973877 23.3378086090088 22.7125949859619 21.8543643951416 21.9455165863037 22.3101558685303 22.292667388916 22.6290092468262
24.027027130127 23.9116268157959 23.6020317077637 22.8884544372559 22.4546298980713 22.1154899597168 22.0144500732422 21.5548095703125 21.4508152008057 21.9010047912598 21.8749160766602 21.6453247070313 22.0053577423096 22.318962097168 22.4221477508545 23.0474548339844 22.8887825012207 23.0957374572754 23.0311584472656 23.0878677368164 23.2946186065674 23.6242237091064 24.4865036010742 24.9963932037354 25.1188411712646 25.6247310638428 25.8026905059814 25.9546966552734 24.6442966461182 23.4048194885254 22.56325340271 22.1984462738037 21.880708694458 22.4090576171875 22.8375968933105 23.0380001068115 23.7736301422119 23.791015625 23.966869354248 23.9914836883545 23.6608467102051 22.7628746032715 22.4099140167236 22.559455871582 22.4643020629883 22.5336647033691
24.6114101409912 24.1653213500977 23.8306674957275 23.7083282470703 23.383358001709 22.5794086456299 21.8288421630859 21.8285140991211 21.6353702545166 21.5220565795898 21.7522926330566 21.8001976013184 22.0399322509766 22.3323249816895 22.5258369445801 22.6978740692139 23.4109210968018 23.2518901824951 22.8616962432861 22.8417434692383 23.495231628418 23.8761196136475 24.3703174591064 24.4114265441895 25.0028438568115 25.159782409668 25.1662445068359 24.748405456543 23.075963973999 21.3853416442871 21.482852935791 21.4985752105713 21.4242744445801 21.7791557312012 22.469087600708 23.104808807373 23.2773857116699 23.4401569366455 24.7166786193848 25.1024417877197 24.4992504119873 23.3889465332031 22.6041526794434 22.5704898834229 22.2759780883789 22.5300426483154
24.7858867645264 24.6926574707031 24.1437129974365 24.1997261047363 23.5067901611328 22.4044055938721 22.0787677764893 21.6933422088623 21.4287338256836 21.466064453125 21.5480403900146 22.1688556671143 22.2502288818359 22.4676475524902 22.5924205780029 22.9361782073975 23.1620254516602 23.1111698150635 23.0614433288574 23.2607116699219 23.4142456054688 23.6294841766357 23.8770694732666 23.8657474517822 24.609073638916 24.9495983123779 24.965368270874 24.3050003051758 22.8814868927002 21.0405578613281 20.5805931091309 20.8880290985107 20.8889713287354 21.4784126281738 22.0124492645264 22.455379486084 22.9279251098633 23.9329776763916 24.5419483184814 24.6793975830078 23.7158279418945 23.2908687591553 23.0425624847412 22.7636547088623 22.6377983093262 23.1237564086914
25.0528869628906 25.0251541137695 25.0520095825195 24.6241035461426 23.9915046691895 22.9620304107666 22.1278381347656 21.812915802002 21.6351890563965 21.8333930969238 22.0486736297607 22.2760810852051 22.3154048919678 22.5834064483643 23.0220775604248 23.4662456512451 23.5864372253418 23.7055759429932 23.6666412353516 23.4901027679443 23.5593128204346 23.5558986663818 23.7684135437012 23.9520587921143 24.5640201568604 24.5463180541992 24.2765369415283 23.9466953277588 22.4999980926514 20.7757034301758 19.2335262298584 19.7071590423584 20.3756771087646 21.2226448059082 21.3963203430176 21.9143905639648 22.4546051025391 22.9042167663574 23.6775722503662 24.0797252655029 23.5153198242188 23.5454540252686 23.1733837127686 22.9621200561523 22.9162197113037 23.1044540405273
25.647159576416 25.5614681243896 25.4359760284424 25.189769744873 24.650785446167 23.2077407836914 21.7617340087891 21.1706981658936 21.9617729187012 22.4290771484375 22.6307067871094 22.2078666687012 22.3807106018066 22.9327239990234 23.0115699768066 23.4197864532471 23.5533752441406 23.603588104248 23.4849872589111 23.5616207122803 23.8158874511719 24.2340412139893 23.7896823883057 23.9443130493164 24.6212024688721 24.0178184509277 23.4530200958252 22.8969688415527 22.1391124725342 20.9061889648438 19.8791885375977 19.7370872497559 20.5597476959229 20.7919750213623 21.7245121002197 21.8349761962891 22.3705577850342 22.9581718444824 23.2196159362793 23.0413475036621 23.1399421691895 23.5370426177979 23.0405502319336 22.6497669219971 22.7825145721436 23.0790328979492
25.8467216491699 26.2247447967529 26.1250476837158 25.3287582397461 24.7248458862305 23.3935241699219 22.3196487426758 22.0879402160645 22.3411960601807 22.2233200073242 22.6565971374512 22.6543292999268 22.305347442627 22.7962856292725 22.919994354248 23.4231948852539 23.3606185913086 23.8220596313477 23.807653427124 24.0573616027832 24.2614974975586 24.645170211792 24.6707954406738 24.8362865447998 24.2241344451904 23.9219608306885 23.9829654693604 23.0224475860596 22.0637054443359 21.2692184448242 20.4143142700195 20.9946937561035 21.314640045166 21.3130493164063 21.617546081543 22.7840766906738 22.6847171783447 23.3696308135986 23.2278232574463 22.9422512054443 23.1168041229248 23.4725151062012 23.0189971923828 22.9164772033691 23.0358829498291 23.5114765167236
26.2164421081543 26.4287719726563 26.1522006988525 26.1983833312988 25.7135219573975 25.396110534668 24.9574012756348 24.1596794128418 23.7778224945068 23.2279720306396 23.3035068511963 23.1822776794434 22.8853588104248 23.108549118042 23.5343952178955 23.8482341766357 24.0482196807861 23.8869285583496 24.0886917114258 24.0369625091553 24.4235858917236 24.7162647247314 25.5886211395264 24.9889049530029 24.1341648101807 24.3135604858398 23.7483520507813 23.2150630950928 22.6393489837646 21.6321754455566 20.4180393218994 21.166145324707 22.2808074951172 22.3887386322021 22.3008613586426 23.1360988616943 23.9148254394531 24.2148151397705 24.1469745635986 23.8832530975342 23.8456115722656 24.3552169799805 24.0743083953857 23.727180480957 23.8646488189697 23.6078262329102
25.9361782073975 26.6007823944092 26.8213768005371 26.4938125610352 26.170259475708 26.5954494476318 26.5362358093262 25.812141418457 24.5107727050781 23.9403228759766 23.6703548431396 23.3102569580078 23.5827541351318 24.0504474639893 24.0653591156006 23.8929119110107 24.0453186035156 23.5363922119141 23.3757667541504 23.4956436157227 24.1347312927246 24.7000217437744 24.7635326385498 24.2569160461426 24.2684745788574 24.2956390380859 23.5932369232178 23.1417503356934 22.3362674713135 22.4892253875732 22.1995906829834 21.8492565155029 22.5798377990723 22.8299255371094 22.9666557312012 23.5896415710449 23.9429626464844 24.0606937408447 24.1162300109863 24.0805950164795 24.2760982513428 24.3906631469727 24.0116844177246 24.1721324920654 24.0274848937988 24.2563972473145
26.2209987640381 26.4057540893555 26.7703399658203 26.6477069854736 26.9104347229004 26.7715606689453 26.8069477081299 26.68967628479 25.5782737731934 24.1507892608643 23.8450298309326 23.8501625061035 23.7833843231201 23.9089450836182 23.6812744140625 23.4580783843994 23.3544445037842 23.5691471099854 23.6086044311523 23.5614490509033 23.9533100128174 24.6761989593506 24.0159931182861 24.1848545074463 24.204610824585 23.9111957550049 23.756031036377 23.2519989013672 22.6866931915283 22.657356262207 22.1441135406494 22.9056301116943 23.1150455474854 22.9628868103027 23.2327575683594 23.6589698791504 24.1262817382813 24.5332908630371 24.4305381774902 24.9690132141113 24.8131847381592 25.2577953338623 25.0117778778076 24.6514053344727 24.3685207366943 24.4280776977539
25.9505920410156 25.8970527648926 26.2811889648438 25.9541435241699 26.5259914398193 26.8662052154541 26.4309577941895 26.4467391967773 25.6077461242676 24.7751388549805 23.7115058898926 23.0511665344238 23.7576332092285 23.5505046844482 23.6401233673096 23.8666286468506 23.7100772857666 23.6786155700684 23.5996570587158 23.9157657623291 24.0078372955322 23.859769821167 24.0732231140137 24.3620014190674 24.4156875610352 23.9860343933105 23.8073692321777 23.5457134246826 23.0342674255371 22.9856739044189 23.7215137481689 23.9519004821777 23.8449954986572 23.5550289154053 23.2610855102539 24.0737342834473 23.9146900177002 23.7117862701416 24.3075122833252 25.1047096252441 25.8097095489502 26.2121162414551 25.1250705718994 24.5176696777344 23.7979602813721 23.5397682189941
25.3397541046143 25.4128952026367 25.58030128479 26.0112438201904 26.2398223876953 26.0907115936279 25.5310974121094 25.9698467254639 25.0058174133301 24.429573059082 23.6023845672607 23.1858100891113 23.7310104370117 23.9163780212402 23.9201469421387 24.5262584686279 24.3842639923096 24.0184288024902 23.8827075958252 23.5955219268799 23.7257804870605 23.7248649597168 24.1752758026123 24.1469955444336 24.1581859588623 23.9259262084961 24.4174365997314 24.4804840087891 24.7152156829834 24.4610023498535 24.0735969543457 24.0509567260742 24.0317096710205 23.3643226623535 23.5474033355713 23.599292755127 22.8753089904785 23.4864482879639 24.0560836791992 24.2521686553955 25.1935691833496 25.3559246063232 25.0631771087646 24.745304107666 23.821174621582 22.9488468170166
26.0096759796143 25.8954620361328 25.4811534881592 25.8717021942139 26.2490863800049 26.2815532684326 26.0545883178711 24.8763160705566 24.7396945953369 24.5078010559082 23.9760513305664 23.6009750366211 23.6887092590332 24.2383880615234 24.4675636291504 24.6211395263672 24.8583927154541 24.406286239624 24.0097904205322 24.2882976531982 24.1809864044189 24.0514240264893 23.8364353179932 24.4689636230469 24.3895606994629 24.4055862426758 25.0575675964355 25.2194385528564 25.0899600982666 24.1764621734619 23.6924228668213 23.8752040863037 23.2532901763916 23.6749706268311 23.5428028106689 23.0481948852539 22.4213809967041 22.3050689697266 22.6746444702148 23.1590156555176 24.1254043579102 24.1409015655518 23.9950618743896 23.8688488006592 23.4064865112305 22.7620716094971
