input_data/future_climate/BCC_CSM2_126/_bio15_a.asc
ncols  331
nrows  193
xllcorner  17.833372883333
yllcorner  37.9999896166667
cellsize 0.1666667
NODATA_value  -9999
[rows 100 to 119 of 193, columns 230 to 275 of 331]
24.1840953826904 23.6316833496094 22.4895553588867 22.8729228973389 23.2341384887695 23.5946273803711 24.6630420684814 25.9421463012695 28.9344959259033 30.3569660186768 31.9265232086182 33.3264236450195 34.9839553833008 37.1481628417969 40.7927894592285 44.7472076416016 47.7308616638184 49.5754623413086 50.7041931152344 50.6715965270996 50.3584785461426 49.2449836730957 49.7131080627441 48.6358032226563 48.2575035095215 47.9644165039063 47.8002128601074 47.4296798706055 46.2996978759766 45.1609382629395 45.6872673034668 45.1419334411621 44.3458099365234 43.8144912719727 43.7037124633789 42.6642532348633 42.4892349243164 42.1882591247559 41.7124443054199 41.2838249206543 41.1839828491211 41.4565658569336 41.1674575805664 40.8915863037109 40.9433059692383 41.3264274597168
23.282772064209 22.2445373535156 22.3802318572998 22.2919616699219 22.5831069946289 23.2456932067871 23.6397838592529 24.5342063903809 27.5669956207275 28.9910640716553 30.3889274597168 31.7905178070068 33.9458923339844 36.445671081543 40.1586227416992 43.7687225341797 46.193115234375 48.9153633117676 49.6988372802734 49.9412231445313 49.3506393432617 48.8169250488281 49.0743179321289 48.6442909240723 47.7935562133789 47.3928184509277 46.6954116821289 45.7449836730957 45.1156234741211 44.6062278747559 44.5084228515625 43.7600173950195 42.7744064331055 42.3057060241699 42.175895690918 41.629093170166 40.4912948608398 40.0722503662109 40.1139602661133 40.5863990783691 39.8804931640625 39.1860313415527 39.5026931762695 39.3294525146484 39.1211090087891 39.8883895874023
23.0546188354492 22.2317905426025 22.0303840637207 21.7201976776123 21.6125106811523 22.1696529388428 22.9142951965332 24.3635787963867 25.9927310943604 27.1006450653076 29.0079898834229 30.778772354126 31.911584854126 35.2114334106445 39.4429244995117 42.2819976806641 44.888069152832 46.7209777832031 48.2118377685547 48.0918121337891 47.6753387451172 47.34228515625 47.6935424804688 47.4307060241699 46.9424705505371 45.4958381652832 44.5948829650879 43.752872467041 44.113037109375 43.4767036437988 43.0902481079102 42.7388076782227 41.9988441467285 42.0638999938965 41.2654495239258 40.6733932495117 40.306037902832 39.413143157959 39.7214317321777 39.6200103759766 38.7256813049316 37.7160301208496 37.9488983154297 38.7013969421387 38.4382553100586 38.2660484313965
23.0979175567627 22.5038967132568 22.3284454345703 21.5024223327637 21.1627254486084 22.552095413208 22.8963928222656 23.5932750701904 24.5023231506348 25.4265670776367 26.7798480987549 29.2792377471924 31.3679790496826 34.8749351501465 37.8282089233398 40.9023895263672 43.00634765625 45.010913848877 45.2416152954102 45.9154663085938 46.7031478881836 46.3871841430664 46.1245346069336 45.2241821289063 44.8246192932129 44.2823944091797 42.6404685974121 42.4900550842285 42.3533401489258 42.1027221679688 42.0547142028809 41.0826759338379 41.0997505187988 40.6576499938965 40.1832046508789 39.5537986755371 39.4028244018555 38.9828948974609 38.7783241271973 38.3740310668945 37.8208808898926 37.8429222106934 38.2926979064941 37.9042778015137 37.5810852050781 37.8687896728516
21.9770412445068 22.0605239868164 21.9882316589355 21.2416229248047 20.9710178375244 22.1967391967773 22.1536960601807 22.6627044677734 23.1838493347168 24.4032001495361 26.1630973815918 28.7312984466553 31.010440826416 33.4258651733398 36.946891784668 39.4567375183105 41.2155303955078 42.8159255981445 43.2552108764648 43.8463973999023 43.7150268554688 43.2919616699219 43.6944885253906 42.5978164672852 41.4802894592285 41.3894348144531 40.5990104675293 40.054386138916 40.0341186523438 39.6624374389648 40.0308876037598 39.5140800476074 40.0514831542969 39.5603408813477 39.337947845459 38.8499755859375 38.6872444152832 38.3192138671875 38.0434455871582 37.4327011108398 37.254638671875 37.4753150939941 37.3035507202148 37.6391487121582 37.4831924438477 37.2161102294922
20.399206161499 21.4476585388184 21.8461399078369 21.3856010437012 21.3697528839111 21.6290245056152 20.6731071472168 21.1098747253418 21.8187675476074 23.1144390106201 25.2301387786865 28.7826251983643 31.276159286499 33.1206436157227 36.3440818786621 38.0712127685547 39.574275970459 40.7698745727539 41.637638092041 42.0399513244629 42.0063552856445 42.1220932006836 42.309928894043 40.4028930664063 39.5999984741211 38.8909873962402 38.6018524169922 38.4847602844238 38.009708404541 38.654296875 39.0794372558594 38.0219192504883 38.1718368530273 37.9381637573242 38.0295639038086 37.8588027954102 37.5122947692871 37.5073623657227 36.8134536743164 37.0117988586426 36.7491188049316 36.7466278076172 36.5087280273438 36.4504585266113 35.887393951416 35.7280349731445
19.8726749420166 20.4370441436768 21.0382289886475 20.1520156860352 20.3531475067139 19.7138404846191 19.8427200317383 19.9999542236328 19.8428649902344 22.2199192047119 24.8139877319336 28.1330738067627 31.1833515167236 33.807991027832 35.6739616394043 37.192985534668 38.4959449768066 39.3639183044434 40.4531478881836 40.1612319946289 40.1635665893555 41.3339996337891 40.6999435424805 38.8317413330078 37.2834320068359 36.8036994934082 36.4167366027832 36.0706443786621 36.1240348815918 36.3561401367188 37.3245277404785 36.9655685424805 37.0386161804199 37.0119476318359 36.466609954834 36.1186027526855 35.1161613464355 35.4245719909668 35.9546089172363 36.4696998596191 36.4765167236328 36.2564239501953 35.8351173400879 35.5495147705078 35.9372978210449 35.858154296875
20.106128692627 20.4473419189453 20.1335182189941 19.4100170135498 19.6792430877686 19.5859127044678 19.2299900054932 19.4937610626221 19.6148166656494 21.207447052002 24.0530891418457 27.5634174346924 30.7985992431641 33.8134307861328 35.3324279785156 36.540828704834 37.1328620910645 38.3909378051758 39.3436889648438 39.1764869689941 38.8751564025879 38.4687385559082 37.5546455383301 36.8880386352539 35.3647804260254 35.0503082275391 34.4112930297852 34.4608612060547 34.3455581665039 35.9608917236328 35.8907623291016 35.182071685791 35.1282081604004 35.6449241638184 34.9410400390625 34.6140632629395 35.0638618469238 34.7950439453125 34.6691284179688 34.4138374328613 33.982105255127 33.610179901123 34.1426620483398 34.6034393310547 34.4068336486816 33.9351348876953
19.7357368469238 19.6578159332275 19.1088237762451 19.0540866851807 18.8301658630371 18.8262462615967 19.116397857666 19.5424556732178 19.2045345306396 20.7307014465332 23.5563411712646 27.7771072387695 31.5567665100098 33.7149200439453 35.0657730102539 35.0888748168945 35.9522132873535 36.8392868041992 37.3970413208008 37.5884208679199 37.7341041564941 37.1280632019043 36.1750221252441 35.3911514282227 34.3732643127441 33.9289360046387 33.739315032959 33.471305847168 33.7238502502441 34.5963287353516 34.1232376098633 34.1836776733398 34.3567237854004 34.0111198425293 33.2459831237793 33.1864128112793 33.3519439697266 33.2955932617188 33.0102615356445 32.7948837280273 32.4382171630859 32.8795623779297 32.998706817627 33.0774993896484 33.1339950561523 32.7770576477051
19.4222106933594 18.4965839385986 18.0757217407227 18.2124729156494 17.8696327209473 18.1699829101563 18.10378074646 18.0849838256836 18.7579212188721 20.503080368042 23.620979309082 28.1838645935059 31.7942123413086 32.7640533447266 33.2496185302734 33.6922912597656 34.6514015197754 35.1142807006836 35.8395309448242 36.0893936157227 36.3591194152832 36.4901237487793 35.4958267211914 34.52734375 33.7200584411621 33.5661811828613 33.2585182189941 32.8000183105469 33.5962181091309 34.417350769043 33.7708282470703 33.2656555175781 33.0825309753418 32.6511077880859 32.7835388183594 32.6945991516113 32.5580711364746 32.5792388916016 32.5220222473145 32.6242294311523 32.6074981689453 31.9047832489014 32.2159118652344 32.0822982788086 31.7890453338623 31.9294185638428
19.3042240142822 18.9780082702637 18.8018798828125 18.0863265991211 17.6943950653076 17.8615055084229 17.8178024291992 17.6596393585205 18.9130020141602 19.989164352417 22.6306037902832 26.7868919372559 30.0609874725342 30.9088611602783 31.6710166931152 31.3130645751953 32.2277030944824 33.1634635925293 33.8767280578613 34.342098236084 35.2332344055176 35.4403457641602 35.4414978027344 34.3808708190918 33.2956199645996 32.4801139831543 32.4066047668457 32.0448112487793 32.0076370239258 32.5961875915527 32.5894393920898 32.63720703125 32.2916107177734 32.4247856140137 31.9976615905762 31.7907752990723 31.828052520752 31.7519569396973 31.7375717163086 31.7162170410156 31.2873592376709 30.8407249450684 31.3648567199707 31.1254005432129 30.7471790313721 31.1742401123047
19.1234226226807 18.6676597595215 18.0515632629395 17.4983043670654 17.553201675415 17.3153171539307 17.2497062683105 17.4540233612061 18.2424297332764 19.660306930542 22.3996276855469 25.0930957794189 27.3270034790039 28.9636707305908 29.6446971893311 30.0734901428223 31.1597385406494 31.6249313354492 31.9657382965088 32.2480697631836 33.3316955566406 34.0337600708008 33.7092399597168 33.5848922729492 33.2327156066895 33.0363082885742 32.8785972595215 32.4033699035645 31.6404113769531 31.687126159668 31.365421295166 31.9803256988525 31.0056438446045 31.1597499847412 31.3738594055176 31.0229587554932 30.8967418670654 30.6788997650146 30.556770324707 30.5374870300293 30.1504592895508 30.4064922332764 29.9280910491943 29.6309413909912 29.4368152618408 29.3436050415039
18.9223194122314 18.0649299621582 17.6691722869873 17.0882759094238 17.034086227417 16.8230571746826 16.6063556671143 16.8100318908691 17.7400016784668 18.833179473877 20.9003200531006 23.0293960571289 24.6689414978027 26.0077705383301 27.7045497894287 28.2051944732666 29.4897212982178 29.9933414459229 29.9501457214355 30.5103321075439 31.4948902130127 32.1044540405273 32.6598014831543 32.1387596130371 32.2013740539551 31.4795665740967 31.3976612091064 30.9344253540039 30.5953006744385 30.2661991119385 30.0431652069092 30.0736045837402 29.7470569610596 29.7503318786621 29.7961902618408 29.7830390930176 29.7411499023438 29.0737705230713 28.9130573272705 29.262996673584 28.6648788452148 28.6617393493652 28.4824142456055 28.505184173584 28.0304946899414 27.8722743988037
18.4579887390137 18.4363479614258 17.7581310272217 17.3201217651367 17.0762710571289 16.7816009521484 16.5828819274902 16.5130462646484 17.160623550415 18.1018905639648 19.7968196868896 21.0136852264404 22.0810146331787 23.0140781402588 24.6902732849121 25.6332702636719 26.8806552886963 27.8788833618164 28.5711708068848 28.9282073974609 29.2572402954102 29.3850879669189 30.1582164764404 30.3709526062012 30.3366508483887 29.9815979003906 30.2850151062012 29.7976264953613 29.4942398071289 29.063907623291 29.5993995666504 29.5485954284668 28.8301639556885 28.4685325622559 28.5286388397217 28.2940673828125 27.7120723724365 28.6699657440186 28.3919334411621 28.2354354858398 27.9560832977295 27.6186122894287 27.1555862426758 27.2823162078857 26.9473342895508 27.2074699401855
18.0924968719482 18.3307781219482 17.3678722381592 16.4104766845703 16.618049621582 16.4882888793945 16.1620597839355 16.2936058044434 16.639892578125 17.1717529296875 17.9124717712402 19.2436637878418 20.5205478668213 22.1767272949219 23.3627395629883 24.1343555450439 25.3283023834229 25.8108768463135 26.2372760772705 27.3962860107422 28.1126766204834 28.2517547607422 28.5710182189941 28.5779190063477 29.2826557159424 28.7951145172119 28.2459716796875 28.0264167785645 26.9878559112549 27.7483062744141 28.130786895752 28.1596412658691 27.5482273101807 27.8874893188477 27.8242664337158 27.6006317138672 28.0030040740967 27.7566204071045 27.7147903442383 27.8613624572754 27.5567398071289 27.2180271148682 27.1334896087646 28.0304508209229 27.8724460601807 27.503002166748
17.8060989379883 16.8385353088379 16.4900722503662 15.8367071151733 16.2809028625488 16.0849533081055 16.0672645568848 16.1385345458984 16.6792278289795 17.2026882171631 17.7175140380859 18.6517200469971 19.7828941345215 20.9543552398682 22.080379486084 23.0439624786377 23.9242362976074 23.965030670166 24.6632633209229 25.2540874481201 25.7727813720703 26.6875495910645 27.2021942138672 27.5828189849854 27.9315986633301 27.2569236755371 27.1614055633545 26.7938461303711 27.067892074585 27.1501502990723 26.9041633605957 27.0121822357178 27.2028064727783 26.9272060394287 26.5123691558838 27.0296878814697 26.7430114746094 26.9585609436035 26.728874206543 27.0401554107666 27.0619792938232 25.9702320098877 25.6519908905029 26.9304695129395 26.7890605926514 26.5588359832764
17.3214645385742 16.9442596435547 16.5041732788086 15.9457321166992 15.6665496826172 15.712176322937 15.4966983795166 15.9403095245361 16.2166557312012 17.0269165039063 17.1526908874512 17.9798221588135 18.7447261810303 19.8803958892822 20.7955493927002 21.4171733856201 21.8742694854736 22.5493583679199 23.4476795196533 24.4930744171143 24.7602233886719 25.4416160583496 25.8455410003662 26.2632675170898 26.2795372009277 26.1371479034424 26.0251312255859 25.9332389831543 26.4019470214844 26.5264301300049 25.9950370788574 26.2045955657959 25.6895732879639 25.9886493682861 26.0511417388916 26.4815635681152 25.9355239868164 24.6503944396973 24.1450881958008 25.115894317627 25.273416519165 24.9604148864746 25.3509902954102 25.4449024200439 24.667200088501 24.4233875274658
17.4898986816406 17.24094581604 16.7865695953369 15.9547033309937 15.1270418167114 15.163140296936 15.3636798858643 15.4508609771729 15.8637065887451 16.2432346343994 16.21653175354 16.726432800293 17.3889675140381 18.4706535339355 19.1567687988281 20.1955738067627 20.3439617156982 21.7174243927002 22.918628692627 22.9246940612793 23.1305294036865 24.4018516540527 24.5129089355469 24.6710758209229 24.3802509307861 24.3585510253906 24.6832675933838 24.7805347442627 24.5628604888916 25.287654876709 25.4841403961182 24.6554985046387 24.8551578521729 25.4245567321777 25.4507446289063 25.4130935668945 25.4874820709229 24.5603733062744 24.8612594604492 24.5473327636719 24.6902770996094 24.2017078399658 23.65895652771 24.507698059082 23.7865028381348 23.1763515472412
17.2443618774414 16.991382598877 16.6568756103516 16.1678562164307 15.527304649353 14.8560485839844 15.162956237793 14.6855669021606 15.7828893661499 15.9546709060669 15.7390766143799 15.5502758026123 16.3180828094482 16.7477188110352 17.5986137390137 18.4678115844727 19.2720508575439 19.7627983093262 21.0339241027832 21.553596496582 21.2401466369629 22.3205680847168 23.0302791595459 23.5710353851318 22.9679565429688 23.7812747955322 23.6225509643555 23.4774494171143 23.6270427703857 24.2198734283447 24.212085723877 23.7139301300049 24.7004070281982 24.5020065307617 24.2630081176758 23.9304370880127 24.6135177612305 24.2932796478271 23.8209438323975 24.4447803497314 24.0847415924072 22.9772033691406 22.9944801330566 23.4967193603516 22.7467002868652 22.9558601379395
17.0803661346436 16.4132118225098 16.1660308837891 16.3125247955322 16.2597904205322 14.9021587371826 14.485387802124 14.5192356109619 15.3401012420654 15.155125617981 15.854172706604 15.8803396224976 15.9687452316284 16.2796421051025 16.4216899871826 17.1568984985352 17.6942520141602 18.580587387085 19.2973747253418 19.7039489746094 19.8832931518555 20.2072410583496 21.4567394256592 21.5251655578613 21.9790897369385 22.8430194854736 22.7686061859131 22.3265628814697 23.1115684509277 23.363977432251 23.4187698364258 24.6741313934326 24.0195846557617 22.6658573150635 22.7762813568115 22.9920444488525 23.5397510528564 22.7948036193848 22.1937618255615 22.6913414001465 23.2409782409668 22.2076187133789 21.7168998718262 22.4353637695313 22.7699394226074 22.3827838897705
