input_data/future_climate/BCC_CSM2_126/_bio10_a.asc
ncols  331
nrows  193
xllcorner  17.833372883333
yllcorner  37.9999896166667
cellsize 0.1666667
NODATA_value  -9999
[rows 126 to 146 of 193, columns 184 to 229 of 331]
25.872917175293 25.892707824707 25.8604164123535 25.8239593505859 25.8031234741211 25.857292175293 25.841667175293 25.796875 25.845832824707 25.8989582061768 26.03125 26.095832824707 26.1843738555908 26.3093757629395 26.3374996185303 26.341667175293 26.375 26.4614582061768 26.4739570617676 26.4406242370605 26.4385414123535 26.4989585876465 26.466667175293 26.4072914123535 26.3781242370605 26.3604164123535 26.2958335876465 26.2718753814697 26.1958332061768 26.1802082061768 26.2104167938232 26.1593742370605 26.1166648864746 25.9739589691162 25.7958335876465 25.4989585876465 25.5260410308838 25.560417175293 25.5947914123535 25.5197925567627 25.1875 25.0406265258789 24.9416675567627 24.7562484741211 24.8197917938232 24.8072910308838
26.0510425567627 25.9468746185303 25.982292175293 25.9885425567627 25.9697914123535 25.9656257629395 25.9343757629395 25.9208335876465 25.7749996185303 25.8916664123535 26.1677093505859 26.252082824707 26.3489589691162 26.3854160308838 26.3802089691162 26.3708324432373 26.4166660308838 26.53125 26.6145839691162 26.5083332061768 26.529167175293 26.611457824707 26.5593757629395 26.5302085876465 26.517707824707 26.564582824707 26.5593738555908 26.4145832061768 26.2979164123535 26.2885417938232 26.1677074432373 26.1708335876465 26.28125 26.1781253814697 26.2437496185303 26.109375 25.8374996185303 25.6979179382324 25.9031257629395 25.9135417938232 25.7625007629395 25.5083332061768 25.4291667938232 25.2562484741211 24.9427070617676 24.7864570617676
26.1666679382324 26.0843753814697 26.0822925567627 26.078125 26.0729160308838 26.0374984741211 26.0510425567627 26.0864582061768 26.0208339691162 25.9468746185303 26.1927089691162 26.2718734741211 26.3177070617676 26.3197917938232 26.3500003814697 26.3500003814697 26.453125 26.6083335876465 26.705207824707 26.6052093505859 26.564582824707 26.6499996185303 26.6687507629395 26.7072906494141 26.765625 26.654167175293 26.5843734741211 26.4291667938232 26.4385414123535 26.4187507629395 26.4020824432373 26.5427093505859 26.5197925567627 26.357292175293 26.267707824707 26.3333320617676 26.1729164123535 26.0718746185303 26.0437488555908 26.1687507629395 26.0979175567627 25.9468765258789 25.6760425567627 25.4114570617676 25.1437511444092 24.9854164123535
26.1635417938232 26.1979179382324 26.171875 26.1260414123535 26.1031246185303 26.1010417938232 26.107292175293 26.109375 26.1343746185303 26.0843753814697 26.171875 26.2593746185303 26.2885417938232 26.3354167938232 26.3822917938232 26.4156246185303 26.5260410308838 26.6645832061768 26.6552085876465 26.580207824707 26.5104160308838 26.7333335876465 26.8145847320557 26.7875003814697 26.857292175293 26.8447914123535 26.8697929382324 26.7250003814697 26.6364574432373 26.6010417938232 26.6437492370605 26.7385406494141 26.6687507629395 26.5364570617676 26.4177093505859 26.470832824707 26.3166656494141 26.127082824707 26.2145824432373 26.263542175293 26.029167175293 25.8895835876465 25.8072910308838 25.4322910308838 25.5302085876465 25.5260410308838
26.2374992370605 26.2874984741211 26.2614593505859 26.2489585876465 26.2093753814697 26.173957824707 26.1083335876465 26.1166667938232 26.1968746185303 26.1864585876465 26.2385406494141 26.3187503814697 26.4333343505859 26.4937496185303 26.5322914123535 26.5166664123535 26.5739574432373 26.5864582061768 26.5072917938232 26.6354160308838 26.3520832061768 26.763542175293 26.8947906494141 26.8656253814697 26.9052085876465 26.986457824707 27.0874996185303 27.0187492370605 26.9041652679443 26.9010429382324 26.8812503814697 26.8822917938232 26.8958320617676 26.8177070617676 26.7333335876465 26.7760410308838 26.7562503814697 26.7927074432373 26.5739574432373 26.4604167938232 26.2552089691162 25.8656253814697 25.8406257629395 25.877082824707 25.7416667938232 25.5989589691162
26.5229167938232 26.4302082061768 26.404167175293 26.4239597320557 26.2885417938232 26.2854156494141 26.2468738555908 26.2302093505859 26.3010406494141 26.2937488555908 26.2979164123535 26.3656253814697 26.4989585876465 26.5531253814697 26.5677070617676 26.5854167938232 26.6187496185303 26.5708332061768 26.5406246185303 26.6458339691162 26.7416667938232 26.8666667938232 26.9614582061768 27.0625 27.0062503814697 27.0927085876465 27.1364574432373 27.1656246185303 27.111457824707 27.0770835876465 27.1197929382324 27.0770835876465 27.0437507629395 26.9854164123535 26.9614582061768 26.90625 26.9770832061768 27.0843753814697 27.1458339691162 26.8531246185303 26.4187507629395 26.0437507629395 26.1083335876465 26.064582824707 25.8947906494141 25.5499992370605
26.7333335876465 26.7447929382324 26.701042175293 26.6031246185303 26.544792175293 26.482292175293 26.4260425567627 26.4031257629395 26.4468746185303 26.453125 26.3833332061768 26.435417175293 26.5322914123535 26.5635414123535 26.564582824707 26.6010417938232 26.6020832061768 26.5354156494141 26.5197906494141 26.6749992370605 26.798957824707 26.9052085876465 26.9760417938232 27.1364574432373 27.1520824432373 27.1395835876465 27.2447929382324 27.2958335876465 27.2770824432373 27.2854156494141 27.2645835876465 27.294792175293 27.1802082061768 27.0864582061768 27.0572910308838 27.0437507629395 26.9541664123535 26.9093761444092 27.0125007629395 26.9968738555908 26.8812503814697 26.671875 26.5427074432373 26.2958335876465 26.1177082061768 25.8697910308838
26.8562488555908 26.908332824707 26.8760414123535 26.7781257629395 26.7229175567627 26.6614570617676 26.5812492370605 26.5520820617676 26.5625 26.5364570617676 26.5562496185303 26.5968761444092 26.5812492370605 26.5552082061768 26.591667175293 26.6468753814697 26.5885410308838 26.533332824707 26.5406246185303 26.6802082061768 26.7927093505859 26.9229164123535 27.0427074432373 27.1604156494141 27.2020835876465 27.2104167938232 27.3135414123535 27.3270816802979 27.330207824707 27.3989582061768 27.4468746185303 27.4593753814697 27.3989562988281 27.2374992370605 27.0906257629395 27.0208339691162 26.9500007629395 26.7895832061768 26.7739601135254 26.8000011444092 26.7406253814697 26.5270843505859 26.6958332061768 26.4166660308838 26.1302089691162 26.0812492370605
26.9249992370605 27.0145835876465 26.9322910308838 26.830207824707 26.8197917938232 26.8010406494141 26.7354164123535 26.6552085876465 26.752082824707 26.7614593505859 26.767707824707 26.7083320617676 26.6833343505859 26.671875 26.7000007629395 26.7124996185303 26.6479167938232 26.5875015258789 26.5062503814697 26.6802082061768 26.8250007629395 26.9718761444092 27.095832824707 27.2416667938232 27.2208347320557 27.3697910308838 27.3833332061768 27.4166660308838 27.4614582061768 27.4604167938232 27.5093746185303 27.5572910308838 27.5552082061768 27.3020839691162 27.0656242370605 27.2166652679443 27.095832824707 27.0249996185303 26.857292175293 26.5593738555908 26.4760417938232 26.5656261444092 26.4052085876465 26.4489593505859 26.4125003814697 26.4427089691162
26.9562492370605 27.0093746185303 26.9479160308838 26.9052085876465 26.908332824707 26.8552093505859 26.8031253814697 26.736457824707 26.8031253814697 26.8395843505859 26.8822937011719 26.8197917938232 26.7979164123535 26.7802085876465 26.7666664123535 26.671875 26.6531238555908 26.6218757629395 26.6458320617676 26.7333335876465 26.904167175293 27.0677070617676 27.2156257629395 27.310417175293 27.3062496185303 27.4458332061768 27.5104179382324 27.578125 27.5656242370605 27.5656242370605 27.5656242370605 27.6062507629395 27.578125 27.6166667938232 27.4947910308838 27.4135417938232 27.3197917938232 27.0520839691162 27.015625 26.767707824707 26.4833335876465 26.6156253814697 26.53125 26.673957824707 26.6770839691162 26.5218753814697
26.984375 26.970832824707 26.9333324432373 26.9750003814697 26.9385414123535 26.9072914123535 26.8708343505859 26.8447914123535 26.8843746185303 26.8666667938232 26.8895835876465 26.861457824707 26.877082824707 26.8083343505859 26.6875 26.5864582061768 26.6625003814697 26.7270832061768 26.8875007629395 26.9104156494141 26.845832824707 27.095832824707 27.2999992370605 27.3656253814697 27.4895839691162 27.6000003814697 27.6593742370605 27.6572914123535 27.6177082061768 27.75 27.84375 27.8500003814697 27.8062496185303 27.716667175293 27.6125011444092 27.3333339691162 27.2489585876465 27.2000007629395 27.2281246185303 26.8791656494141 26.7145843505859 26.810417175293 26.935417175293 26.8999996185303 26.7312507629395 26.4833335876465
27.0270824432373 26.935417175293 26.9447917938232 26.984375 26.9166660308838 26.8885402679443 26.8520832061768 26.8718757629395 26.9302082061768 26.9406242370605 26.8958320617676 26.8677062988281 26.8843746185303 26.7885417938232 26.6927089691162 26.7145824432373 26.814582824707 26.8718738555908 26.9927082061768 27.0885429382324 27.0927085876465 27.2916660308838 27.3718757629395 27.388542175293 27.544792175293 27.6124992370605 27.6791667938232 27.7770824432373 27.8333339691162 27.8635406494141 27.9312496185303 27.877082824707 27.8656253814697 27.8500003814697 27.830207824707 27.6656246185303 27.5302085876465 27.4947910308838 27.4572925567627 27.0989570617676 26.951042175293 27.1510410308838 27.1166667938232 27.0416679382324 26.9885425567627 26.7885417938232
27.1145820617676 26.9770832061768 26.9447917938232 26.9572906494141 26.8916664123535 26.8812503814697 26.8687515258789 26.9260406494141 26.951042175293 27.002082824707 26.9177093505859 26.8645839691162 26.8291664123535 26.7250003814697 26.4302082061768 26.314582824707 26.1447925567627 26.3447914123535 26.6052074432373 26.9927082061768 27.3239593505859 27.2020835876465 27.3500003814697 27.2739582061768 27.4458332061768 27.5677089691162 27.6031246185303 27.736457824707 27.7531242370605 27.8489570617676 27.8572902679443 27.78125 27.7270832061768 27.8583335876465 27.875 27.8010425567627 27.7062492370605 27.6239585876465 27.544792175293 27.4916667938232 27.4291667938232 27.341667175293 27.3010406494141 27.154167175293 27.1864585876465 27.1343746185303
27.1708335876465 27.1364574432373 27.1020832061768 27.0072917938232 26.9541664123535 26.8875007629395 26.841667175293 26.9270839691162 26.9520835876465 26.9104156494141 26.8791675567627 26.3531246185303 26.1312503814697 25.8187503814697 25.5864582061768 25.6979160308838 25.7593746185303 25.8208332061768 25.8177070617676 26.247917175293 26.4489593505859 26.5864582061768 26.7427082061768 26.345832824707 26.408332824707 26.6375007629395 26.6395835876465 27.154167175293 27.8354167938232 27.8489589691162 27.736457824707 27.7062492370605 27.8468742370605 27.8791675567627 27.877082824707 27.7750015258789 27.7333335876465 27.6864585876465 27.6916656494141 27.6499996185303 27.5833339691162 27.5541667938232 27.4718742370605 27.4124984741211 27.341667175293 27.283332824707
27.1760425567627 27.1802082061768 27.1020832061768 27.0666675567627 26.9364585876465 26.8989582061768 26.8489570617676 26.8312492370605 26.8177070617676 26.6000003814697 26.0479164123535 25.6218757629395 25.6187496185303 25.7093753814697 25.7593746185303 25.830207824707 25.8979167938232 25.9760417938232 25.9791679382324 26.0385417938232 26.2135410308838 26.2406253814697 26.2854156494141 26.3479156494141 26.3510417938232 26.3552093505859 26.388542175293 26.5760402679443 27.5854167938232 27.9093742370605 28.0281257629395 28.0895843505859 28.0729179382324 27.9645843505859 27.9906253814697 28.0427093505859 28.0718746185303 27.9874992370605 27.8500003814697 27.7458324432373 27.75 27.6999988555908 27.6958332061768 27.6458339691162 27.6333332061768 27.5947914123535
26.6260414123535 26.6666679382324 26.4447917938232 26.247917175293 26.1291656494141 25.9583320617676 26.1437492370605 26.2385425567627 25.9958343505859 25.7447910308838 25.65625 25.7093734741211 25.7489585876465 25.8093738555908 25.8624992370605 25.9281253814697 26.0104160308838 26.0812511444092 26.1468753814697 26.2302074432373 26.3135414123535 26.3739585876465 26.4375 26.4937496185303 26.5510406494141 26.5656261444092 26.4874992370605 26.5979175567627 27.3333320617676 28.0239582061768 28.140625 28.2802085876465 28.3218746185303 28.2781238555908 28.2979164123535 28.2822914123535 28.2708339691162 28.2385425567627 28.173957824707 28.0406246185303 27.8624992370605 27.7604179382324 27.6614589691162 27.7062492370605 27.7468757629395 27.7895832061768
26.0229167938232 25.8177089691162 25.3979167938232 25.158332824707 25.1145820617676 25.1166667938232 25.3968753814697 25.4885425567627 25.6187496185303 25.7135410308838 25.7531242370605 25.8010425567627 25.8531246185303 25.919792175293 25.96875 26.0385417938232 26.1156253814697 26.1812496185303 26.2593746185303 26.3333339691162 26.4020843505859 26.46875 26.5427074432373 26.595832824707 26.6468753814697 26.6677093505859 26.6604156494141 26.6885414123535 27.2531242370605 28.109375 28.328125 28.4260425567627 28.4541664123535 28.4145832061768 28.4437503814697 28.3999996185303 28.4125003814697 28.4802074432373 28.388542175293 28.2593765258789 28.0885410308838 27.7395839691162 27.5708332061768 27.6343765258789 27.7937507629395 27.9093742370605
25.9489593505859 25.6958332061768 25.3114585876465 25.2104167938232 25.3531246185303 25.4343757629395 25.564582824707 25.6062507629395 25.7645835876465 25.796875 25.8427085876465 25.9010429382324 25.9572925567627 26.0239582061768 26.0708332061768 26.1416664123535 26.2145843505859 26.2875003814697 26.3687496185303 26.4479179382324 26.5208339691162 26.595832824707 26.6593761444092 26.701042175293 26.7541656494141 26.8093757629395 26.7645835876465 26.8218746185303 27.3333339691162 28.3125 28.4229164123535 28.5510406494141 28.6031246185303 28.5947914123535 28.5656242370605 28.5687503814697 28.595832824707 28.5687503814697 28.5343742370605 28.5281257629395 28.4291667938232 28.1979160308838 28.0864582061768 28.0145835876465 28.0520839691162 28.0874996185303
25.4447917938232 25.3531246185303 25.357292175293 25.455207824707 25.5812492370605 25.7645835876465 25.7437496185303 25.7822914123535 25.8187503814697 25.8697910308838 25.9385414123535 25.9927082061768 26.0427074432373 26.107292175293 26.1729164123535 26.2406253814697 26.3125 26.3989582061768 26.4885406494141 26.5666675567627 26.6364593505859 26.7135410308838 26.7666664123535 26.8072910308838 26.8354167938232 26.8500003814697 26.8562507629395 26.9260425567627 27.783332824707 28.4937496185303 28.6343746185303 28.6833343505859 28.716667175293 28.7447910308838 28.7427082061768 28.7302093505859 28.7354164123535 28.7291660308838 28.71875 28.7197914123535 28.4572925567627 28.3854160308838 28.3072929382324 28.2843742370605 28.2489585876465 28.2739582061768
25.453125 25.4447917938232 25.6666660308838 25.658332824707 25.8062496185303 25.7958335876465 25.7135429382324 25.8322925567627 25.8843746185303 25.9520835876465 26.015625 26.0864582061768 26.140625 26.1958332061768 26.2604160308838 26.3333339691162 26.4291667938232 26.517707824707 26.5947914123535 26.65625 26.7229156494141 26.7937507629395 26.859375 26.9114589691162 26.9812488555908 27.0614585876465 26.9447917938232 27.3666667938232 28.265625 28.5520820617676 28.6729164123535 28.7875003814697 28.8541660308838 28.908332824707 28.8531246185303 28.8125 28.8635425567627 28.953125 29.076042175293 28.6489582061768 28.4885406494141 28.2447929382324 28.296875 28.3999996185303 28.2416667938232 28.3031253814697
25.5166664123535 25.7437496185303 25.8916664123535 25.875 25.8427085876465 25.8208332061768 25.8364582061768 25.8895835876465 25.955207824707 26.017707824707 26.0791664123535 26.1458339691162 26.2104167938232 26.2802085876465 26.3510417938232 26.4343757629395 26.5208320617676 26.6052074432373 26.6822910308838 26.7541656494141 26.8229179382324 26.90625 26.9541664123535 27 27.0822906494141 27.064582824707 27.1468753814697 27.9072914123535 28.4656238555908 28.622917175293 28.783332824707 28.8520832061768 28.888542175293 28.9229164123535 29.0114574432373 29.029167175293 29.0718746185303 29.0968742370605 29.2729167938232 29.3114585876465 28.8562507629395 28.6020832061768 28.1531257629395 28.0510406494141 27.9885406494141 28.0572910308838
