input_data/future_climate/BCC_CSM2_126/_bio10_a.asc
ncols  331
nrows  193
xllcorner  17.833372883333
yllcorner  37.9999896166667
cellsize 0.1666667
NODATA_value  -9999
[rows 21 to 41 of 193, columns 92 to 137 of 331]
14.1773805618286 14.1611108779907 13.9499998092651 -9999 -9999 -9999 14.0333337783813 13.966667175293 13.8064098358154 13.7370367050171 13.5766668319702 13.3625001907349 13.1145830154419 12.8604164123535 12.7333335876465 12.6114587783813 12.5187501907349 12.4593744277954 12.513542175293 12.5291662216187 12.5083332061768 12.419792175293 12.4177083969116 12.326042175293 12.2072916030884 12.1520833969116 12.0583333969116 11.7885417938232 11.6354169845581 11.6333332061768 11.544792175293 11.4239587783813 11.2781248092651 11.0822916030884 11.0229167938232 10.861457824707 10.7197914123535 10.6343746185303 10.6510419845581 10.640625 10.6312503814697 10.7145833969116 10.6843748092651 10.7572917938232 10.7666664123535 10.6733331680298
14.484375 14.455207824707 14.385555267334 14.0437498092651 14.0416660308838 -9999 -9999 -9999 -9999 -9999 -9999 -9999 13.154167175293 13.033332824707 12.8333330154419 12.6066665649414 12.3864583969116 12.3270835876465 12.3895835876465 12.4614582061768 12.5010414123535 12.5343742370605 12.4802083969116 12.298957824707 12.1614589691162 12.0916662216187 11.9645833969116 11.9312496185303 11.8687496185303 11.6729164123535 11.6260414123535 11.5791664123535 11.4406251907349 11.1979160308838 11.0270833969116 10.9385414123535 10.859375 10.6947917938232 10.6166667938232 10.7229166030884 10.9135417938232 11.0083332061768 11.0144443511963 10.9583339691162 10.7583332061768 -9999
14.5593748092651 14.529167175293 14.4729166030884 14.3447914123535 14.3702383041382 14.3625001907349 14.25 -9999 -9999 -9999 -9999 -9999 -9999 -9999 -9999 -9999 -9999 12.3999996185303 12.3791666030884 12.6194448471069 12.560417175293 12.6937503814697 12.6395835876465 12.5283336639404 12.3069438934326 12.1781253814697 12.1020832061768 12.017707824707 11.9718751907349 11.8958330154419 11.8562498092651 11.7645835876465 11.6947917938232 11.6374998092651 11.372917175293 11.3000001907349 11.029167175293 10.7093753814697 10.59375 10.8397436141968 11.0606060028076 11.0547618865967 -9999 -9999 -9999 -9999
14.546875 14.5499992370605 14.4666662216187 14.4291667938232 14.4031257629395 14.3208332061768 14.2635412216187 14.1756410598755 14.1361112594604 -9999 -9999 -9999 -9999 -9999 -9999 -9999 -9999 -9999 -9999 -9999 -9999 -9999 -9999 -9999 -9999 12.4499998092651 12.3500003814697 12.2729167938232 12.1041669845581 12.1742420196533 11.9375 11.8972225189209 11.9347229003906 11.8818187713623 11.6000003814697 11.5083332061768 11.1791667938232 10.8583335876465 -9999 -9999 -9999 -9999 -9999 -9999 -9999 -9999
14.6645832061768 14.6520833969116 14.5656251907349 14.4750003814697 14.4187498092651 14.3614587783813 14.294792175293 14.2958335876465 14.2562503814697 14.1893939971924 13.8874998092651 -9999 -9999 -9999 -9999 -9999 -9999 -9999 -9999 -9999 -9999 -9999 -9999 -9999 -9999 -9999 -9999 -9999 -9999 -9999 -9999 -9999 -9999 -9999 -9999 -9999 -9999 -9999 -9999 -9999 -9999 -9999 -9999 -9999 12.1555557250977 12.1500005722046
14.8052082061768 14.7697916030884 14.671875 14.6177082061768 14.5427083969116 14.4864587783813 14.4572916030884 14.419792175293 14.3385410308838 14.1499996185303 13.8588886260986 13.5208339691162 -9999 -9999 -9999 -9999 -9999 -9999 -9999 -9999 -9999 -9999 -9999 -9999 -9999 -9999 -9999 -9999 -9999 -9999 -9999 -9999 -9999 -9999 -9999 -9999 -9999 -9999 -9999 -9999 -9999 12.6750001907349 12.6270837783813 12.5571422576904 12.6083335876465 12.6364583969116
14.9541664123535 14.9270830154419 14.8500003814697 14.7625007629395 14.732292175293 14.65625 14.5770835876465 14.5250005722046 14.4281244277954 14.1819438934326 13.4333333969116 -9999 -9999 -9999 -9999 -9999 -9999 -9999 -9999 -9999 -9999 -9999 -9999 -9999 -9999 -9999 -9999 -9999 -9999 -9999 -9999 -9999 -9999 -9999 -9999 -9999 -9999 -9999 -9999 13.347222328186 13.2988891601563 13.2302083969116 13.2333335876465 13.1447916030884 13.0104169845581 12.9885416030884
14.982292175293 14.9437494277954 14.9187498092651 14.9343748092651 14.8833332061768 14.7708330154419 14.6385412216187 14.46875 14.3616666793823 14.1833333969116 -9999 -9999 -9999 -9999 -9999 -9999 -9999 -9999 -9999 -9999 -9999 -9999 -9999 -9999 -9999 -9999 -9999 -9999 -9999 -9999 -9999 -9999 -9999 -9999 -9999 -9999 -9999 -9999 -9999 13.8307695388794 13.7166662216187 13.7385416030884 13.6531248092651 13.4177083969116 13.3052082061768 13.3770837783813
15.0093755722046 15.002082824707 14.9239587783813 14.9520835876465 14.9343748092651 14.8489580154419 14.7864580154419 14.5114583969116 14.2648143768311 13.8999996185303 -9999 -9999 -9999 -9999 -9999 13.5749998092651 13.0333337783813 13.1500005722046 -9999 -9999 -9999 12.6999998092651 -9999 -9999 -9999 -9999 -9999 -9999 -9999 -9999 -9999 -9999 -9999 -9999 -9999 -9999 -9999 -9999 -9999 14.1374998092651 14.25 14.2906246185303 14.1020832061768 13.9906253814697 13.8562507629395 13.8385419845581
15.0343751907349 15.0229167938232 14.9812498092651 14.9572916030884 14.9552087783813 14.9458332061768 14.8895835876465 14.7437505722046 14.4749994277954 14.1111106872559 -9999 13.1166667938232 -9999 -9999 13.707142829895 13.654167175293 13.3333339691162 13.2138891220093 13.0277786254883 -9999 -9999 13.3500003814697 13.4052085876465 13.4406251907349 13.5088882446289 13.5136365890503 13.6083335876465 13.716667175293 -9999 -9999 -9999 -9999 -9999 -9999 -9999 -9999 -9999 -9999 -9999 -9999 -9999 14.6092596054077 14.6614580154419 14.5281248092651 14.2687501907349 14.0500001907349
15.0812501907349 15.1197910308838 15.1510419845581 15.09375 15.0375003814697 15.033332824707 14.9364585876465 14.8458337783813 14.7552080154419 14.4947910308838 13.9423084259033 13.4595241546631 13.3999996185303 -9999 13 13.5625 13.6833333969116 -9999 -9999 11.7666664123535 13.7216663360596 13.6961536407471 13.658332824707 13.689582824707 13.6989583969116 13.7770833969116 13.78125 13.9555549621582 14.1976184844971 14.4875001907349 14.5249996185303 14.4333333969116 -9999 -9999 -9999 -9999 -9999 -9999 -9999 -9999 -9999 -9999 15.1013889312744 14.8964281082153 14.7906255722046 14.6937503814697
15.3249998092651 15.3197917938232 15.2583332061768 15.0999994277954 14.9520826339722 14.90625 14.9343748092651 15.0145835876465 14.9322910308838 14.8052082061768 14.4653844833374 13.7285709381104 -9999 -9999 13.8166666030884 -9999 -9999 -9999 -9999 -9999 13.8939399719238 13.7291669845581 13.6510419845581 13.8760414123535 13.9510412216187 13.9406251907349 14.0416660308838 14.2708330154419 14.5281248092651 14.7244443893433 14.7377777099609 14.8322219848633 14.7944450378418 14.7833337783813 14.8812503814697 15.0722217559814 -9999 -9999 -9999 15.3333330154419 15.4333333969116 15.4575757980347 15.4555559158325 15.4544439315796 15.326042175293 15.1239585876465
15.455207824707 15.2989587783813 15.2322912216187 15.0968751907349 15.0260410308838 14.9708337783813 14.9770832061768 15.0187501907349 15.0677089691162 15.0364580154419 14.8305559158325 13.9166669845581 -9999 -9999 13.9375 14.2166662216187 -9999 -9999 -9999 -9999 -9999 13.9277772903442 13.9355554580688 13.8802080154419 14.1000003814697 14.2135419845581 14.3520832061768 14.7687501907349 15.0562496185303 15.173957824707 15.0437498092651 14.8197917938232 14.828125 14.8979167938232 14.8489589691162 14.9968748092651 15.2750005722046 15.6151514053345 15.6395835876465 15.6363639831543 15.7544441223145 15.6291666030884 15.6197919845581 15.658332824707 15.7895832061768 15.5166664123535
15.5093755722046 15.4291667938232 15.3583335876465 15.2604169845581 15.1750001907349 15.1374998092651 15.0375003814697 15.1812496185303 15.2552080154419 15.2260417938232 15.1010417938232 14.8699998855591 14.6185188293457 6.1777777671814 14.7233333587646 14.6099996566772 14.5071430206299 14.3499994277954 -9999 13.6499996185303 -9999 -9999 14.3000001907349 14.3000001907349 14.4633340835571 14.6122226715088 14.9583330154419 15.0935897827148 15.1781253814697 15.2322912216187 14.96875 14.8958339691162 14.9385414123535 15.0208330154419 15.0437498092651 14.9958333969116 15.1843748092651 15.3468751907349 15.6614580154419 15.7593746185303 15.8395833969116 15.7489585876465 15.7135419845581 15.6520833969116 15.6791667938232 15.7135419845581
15.7135410308838 15.5739583969116 15.5989580154419 15.5979166030884 15.5249996185303 15.4458332061768 15.4802083969116 15.453125 15.3156251907349 15.2114582061768 15.2104167938232 15.2072916030884 15.125 15.013334274292 14.8416662216187 14.7833337783813 14.8190479278564 14.792857170105 14.0833330154419 13.8333339691162 14.2266664505005 14.0666666030884 -9999 -9999 -9999 -9999 -9999 -9999 14.8045454025269 15.3354167938232 15.1593742370605 15.1572914123535 15.1822919845581 15.2260417938232 15.1041669845581 15.0249996185303 15.0145835876465 15.2083330154419 15.4593753814697 15.5916662216187 15.6416664123535 15.6895837783813 15.622917175293 15.6375007629395 15.6947917938232 15.6875
15.7562503814697 15.75 15.6416664123535 15.6864585876465 15.6979169845581 15.6802082061768 15.7416667938232 15.5187501907349 15.158332824707 14.9614582061768 14.9093751907349 15.0052089691162 15.0697917938232 15.0302085876465 15.0052089691162 14.9718751907349 15.0562496185303 15.0041666030884 14.9916667938232 -9999 14.3166666030884 14.7944440841675 -9999 14.5166673660278 14.533332824707 -9999 -9999 -9999 15.4944448471069 15.5761909484863 15.40625 15.4427080154419 15.2864580154419 15.185417175293 15.0822916030884 15.0885419845581 15.0854167938232 15.095832824707 15.1916666030884 15.4624996185303 15.578125 15.6500005722046 15.7208337783813 15.470832824707 15.4302082061768 15.6083335876465
16.0062503814697 15.9947910308838 15.9885416030884 15.951042175293 15.890625 15.9020833969116 15.8479175567627 15.7885417938232 15.5145835876465 15.1333332061768 14.9812498092651 15.1104164123535 15.1083335876465 14.9906244277954 15.0208330154419 14.9968757629395 15.0906248092651 15.1770830154419 15.0927085876465 15.2697916030884 15.1846160888672 15.314582824707 15.4520835876465 15.4416666030884 15.5500001907349 -9999 15.6999998092651 15.9624996185303 16.1733322143555 16.2260417938232 15.9437503814697 15.8177080154419 15.6531257629395 15.3854169845581 15.2354173660278 15.2749996185303 15.3656244277954 15.439582824707 15.5135412216187 15.6749992370605 15.8322916030884 15.8395833969116 15.8239583969116 15.8937501907349 15.6604166030884 15.703125
16.111457824707 16.09375 15.9739580154419 15.9270839691162 15.9760417938232 15.9708337783813 16.0427074432373 15.9770832061768 15.8000001907349 15.6083335876465 15.2427082061768 15.0635414123535 15.1770839691162 15.1197919845581 14.9572916030884 14.8489580154419 14.904167175293 14.8604164123535 14.8239583969116 14.8218746185303 14.8552083969116 15.046875 15.3208332061768 15.34375 15.3635416030884 15.4910259246826 15.7645835876465 15.9375 16.1083335876465 16.1833324432373 16.154167175293 16.0906257629395 16.1604156494141 15.970832824707 15.8427085876465 15.8541660308838 15.8812503814697 15.7916660308838 15.7854166030884 15.7854166030884 15.7697916030884 15.7947912216187 15.8229169845581 15.875 15.8604164123535 15.7906246185303
15.9510412216187 15.96875 15.9697914123535 16.0187492370605 16.0947914123535 16.0708332061768 16.1031246185303 16.044792175293 15.9520835876465 15.904167175293 15.7447919845581 15.5729160308838 15.3781251907349 15.1802082061768 15.033332824707 14.921875 14.830207824707 14.9145832061768 14.6947917938232 14.3781251907349 14.439582824707 14.6052083969116 14.8500003814697 15.0614585876465 15.203125 15.3677082061768 15.6062498092651 15.8531246185303 15.9947919845581 16.0739593505859 16.1187496185303 16.2927093505859 16.1510429382324 16.1531257629395 16.1489582061768 15.9906253814697 15.8947916030884 15.6937494277954 15.5770826339722 15.5208330154419 15.4489583969116 15.5385417938232 15.6197910308838 15.7635412216187 15.8968753814697 15.859375
16.2291660308838 15.982292175293 15.8854160308838 16.0260429382324 15.9927082061768 16.0541667938232 16.0364589691162 15.9624996185303 16.0249996185303 16.0145835876465 15.9593753814697 15.921875 15.7124996185303 15.5479164123535 15.2489585876465 15.0375003814697 14.9541664123535 14.8968753814697 14.7979173660278 14.734375 14.6020832061768 14.3968753814697 14.3968753814697 14.4416666030884 14.7062501907349 15.0187501907349 15.3343744277954 15.533332824707 15.8166666030884 15.9624996185303 16.1937503814697 16.1458339691162 16.154167175293 16.2093753814697 16.0739593505859 16.0499992370605 15.8427085876465 15.5479164123535 15.4489583969116 15.4322919845581 15.435417175293 15.46875 15.5375003814697 15.6125001907349 15.7958335876465 15.9072914123535
16.1458339691162 16.078125 15.9312505722046 15.9010419845581 15.8822917938232 15.9343748092651 15.9927082061768 15.8406257629395 15.8500003814697 15.8458337783813 15.9479169845581 15.6374998092651 15.3802080154419 15.3864583969116 15.2895832061768 15.234375 15.1541662216187 14.9458332061768 14.9177083969116 14.8885412216187 14.7739582061768 14.716667175293 14.7739582061768 14.8864583969116 14.9947919845581 15.0531253814697 15.1281251907349 15.310417175293 15.5385417938232 15.7135419845581 15.8208332061768 15.8239583969116 15.8791666030884 16.0625 16.1239585876465 16.0895824432373 15.9281253814697 15.5697917938232 15.4729166030884 15.4677085876465 15.4614582061768 15.5302085876465 15.4895830154419 15.4864587783813 15.6479167938232 15.8989582061768
