input_data/future_climate/BCC_CSM2_126/bio1_a.asc
ncols  331
nrows  193
xllcorner  17.833372883333
yllcorner  37.9999896166667
cellsize 0.1666667
NODATA_value  -9999
[rows 0 to 19 of 193, columns 184 to 229 of 331]
-9999 -9999 -9999 -9999 -9999 -9999 -9999 -9999 -9999 -9999 -9999 -9999 -9999 -9999 -9999 -9999 -9999 -9999 -9999 -9999 -9999 -9999 -9999 -9999 -9999 -9999 -9999 -9999 -9999 -9999 -9999 -9999 -9999 -9999 -9999 -9999 -9999 -9999 -9999 -9999 -9999 -9999 -9999 -9999 -9999 -9999
-9999 -9999 -9999 -9999 -9999 -9999 -9999 -9999 -9999 -9999 -9999 -9999 -9999 -9999 -9999 -9999 -9999 -9999 -9999 -9999 -9999 -9999 -9999 -9999 -9999 -9999 -9999 -9999 -9999 -9999 -9999 -9999 -9999 -9999 -9999 -9999 -9999 -9999 -9999 -9999 -9999 -9999 -9999 -9999 -9999 -9999
-9999 -9999 -9999 -9999 -9999 -9999 -9999 -9999 -9999 -9999 -9999 -9999 -9999 -9999 -9999 -9999 -9999 -9999 -9999 -9999 -9999 -9999 -9999 -9999 -9999 -9999 -9999 -9999 -9999 -9999 -9999 -9999 -9999 -9999 -9999 -9999 -9999 -9999 -9999 -9999 -9999 -9999 -9999 -9999 -9999 -9999
-9999 -9999 -9999 -9999 -9999 -9999 -9999 -9999 -9999 -9999 -9999 -9999 -9999 -9999 -9999 -9999 -9999 -9999 -9999 -9999 -9999 -9999 -9999 -9999 -9999 -9999 -9999 -9999 -9999 -9999 -9999 -9999 -9999 -9999 -9999 -9999 -9999 -9999 -9999 -9999 -9999 -9999 -9999 -9999 -9999 -9999
-1.51990735530853 -1.6202380657196 -1.77343761920929 -1.82343745231628 -1.64270842075348 -1.43333327770233 -1.18124997615814 -1.15500009059906 -1.03333330154419 -9999 -9999 -9999 -9999 -9999 -9999 -9999 -9999 -9999 -9999 -9999 -9999 -9999 -9999 -9999 -9999 -9999 -9999 -9999 -9999 -9999 -9999 -9999 -9999 -9999 -9999 -9999 -9999 -9999 -9999 -9999 -9999 -9999 -9999 -9999 -9999 -9999
-1.52109372615814 -1.59244799613953 -1.60052073001862 -1.51588547229767 -1.41354155540466 -1.33359372615814 -1.24166667461395 -1.23411464691162 -1.14036452770233 -1.22196972370148 -1.25208342075348 -9999 -9999 -9999 -9999 -9999 -9999 -9999 -9999 -9999 -9999 -9999 -9999 -9999 -9999 -9999 -9999 -9999 -9999 -9999 -9999 -9999 -9999 -9999 -9999 -9999 -9999 -9999 -9999 -9999 -9999 -9999 -9999 -9999 -9999 -9999
-1.26744794845581 -1.37109386920929 -1.34062504768372 -1.22526037693024 -0.963281273841858 -0.94635421037674 -1.00885415077209 -1.06875002384186 -1.12388896942139 -1.21208345890045 -1.21477270126343 -9999 -9999 -9999 -9999 -9999 -9999 -9999 -9999 -9999 -9999 -9999 -9999 -9999 -9999 -9999 -9999 -9999 -9999 -9999 -9999 -9999 -9999 -9999 -9999 -9999 -9999 -9999 -9999 -9999 -9999 -9999 -9999 -9999 -9999 -9999
-0.938281297683716 -1.02447926998138 -0.943750023841858 -0.80572921037674 -0.679427027702332 -0.714062511920929 -0.761197924613953 -0.860069394111633 -1.01249992847443 -9999 -9999 -9999 -9999 -9999 -9999 -9999 -9999 -9999 -9999 -9999 -9999 -9999 -9999 -9999 -9999 -9999 -9999 -9999 -1.6875 -1.65156245231628 -1.59208333492279 -1.55750000476837 -1.5946968793869 -1.63958334922791 -1.74895834922791 -1.81833326816559 -1.90902781486511 -1.82916665077209 -2.00694441795349 -2.13333344459534 -1.84583330154419 -2.03809523582458 -2.19083333015442 -9999 -9999 -9999
-0.694940447807312 -0.531388878822327 -0.144791647791862 -0.48159721493721 -0.568749904632568 -0.547500014305115 0.779166638851166 -9999 -9999 -9999 -9999 -9999 -9999 -9999 -9999 -9999 -9999 -9999 -9999 -9999 -9999 -9999 -9999 -9999 -1.89444446563721 -1.78333330154419 -1.73923599720001 -1.74947917461395 -1.74921870231628 -1.65442705154419 -1.65677082538605 -1.63932287693024 -1.54880952835083 -9999 -1.56666660308838 -1.57708334922791 -9999 -9999 -9999 -9999 -9999 -9999 -9999 -9999 -9999 -9999
-9999 -9999 -9999 -9999 1.33333325386047 1.30624997615814 -9999 -9999 -9999 -9999 -9999 -9999 -9999 -9999 -9999 -9999 -9999 -9999 -9999 -9999 -1.78124988079071 -1.92916679382324 -2.06111121177673 -2.02604174613953 -2.00999999046326 -1.85260415077209 -1.76666665077209 -1.74166667461395 -1.71796870231628 -1.66692709922791 -1.64895832538605 -1.65982139110565 -1.72500002384186 -9999 -9999 -9999 -9999 -9999 -9999 -9999 -2.41666674613953 -2.52738094329834 -2.51510429382324 -2.47962975502014 -2.49434518814087 -2.51361107826233
-9999 -9999 -9999 -9999 -9999 -9999 -9999 -9999 -9999 -9999 -9999 -9999 -9999 -1.34895825386047 -1.43791663646698 -1.48715281486511 -1.55032050609589 -1.65222215652466 -1.69088530540466 -1.75989580154419 -1.8359375 -1.81223964691162 -1.89861106872559 -1.98472225666046 -1.91428565979004 -1.84285712242126 -1.73333334922791 -1.77187490463257 -1.68958342075348 -1.62578129768372 -1.65260410308838 -1.68166661262512 -1.72467947006226 -9999 -9999 -1.77083325386047 -9999 -9999 -2.26666665077209 -2.27339744567871 -2.37578129768372 -2.48177099227905 -2.56380200386047 -2.79947900772095 -2.98906254768372 -3.02838540077209
-9999 -9999 -9999 -9999 -9999 -9999 -9999 -9999 -9999 -9999 -0.966666698455811 -1.05347216129303 -1.23878216743469 -1.35911464691162 -1.50520849227905 -1.50468742847443 -1.53723955154419 -1.63671875 -1.76536452770233 -1.89401042461395 -1.94114577770233 -1.79218757152557 -1.76302075386047 -1.80729174613953 -1.74687504768372 -1.81770837306976 -1.88723945617676 -1.82864582538605 -1.68035709857941 -1.70260405540466 -1.70092594623566 -1.31416666507721 -1.72500002384186 -1.68541669845581 -1.77604162693024 -1.85480761528015 -1.93583345413208 -9999 -2.22023797035217 -2.24687504768372 -2.390625 -2.50390625 -2.609375 -2.70390629768372 -2.95156240463257 -2.90598964691162
-9999 -9999 -9999 -9999 -9999 -9999 -9999 -0.489583432674408 -0.740277826786041 -0.851736009120941 -1.02604174613953 -1.28802084922791 -1.46666657924652 -1.61406242847443 -1.73385417461395 -1.68072926998138 -1.60286462306976 -1.64869785308838 -1.85208332538605 -1.98515617847443 -1.95520830154419 -1.87473964691162 -1.84244787693024 -1.72708332538605 -1.72265625 -1.87421870231628 -1.72447919845581 -1.69270813465118 -1.69401037693024 -1.68437492847443 -1.67578136920929 -1.69375002384186 -1.70885419845581 -1.68489587306976 -1.78802084922791 -1.82552087306976 -1.89192700386047 -1.94348967075348 -2.04114580154419 -2.17005205154419 -2.33802080154419 -2.40078139305115 -2.52291679382324 -2.65052080154419 -2.70286464691162 -2.68072915077209
0.497916638851166 0.637499988079071 -0.0833332985639572 -0.26111102104187 -0.38249996304512 -0.425925970077515 -0.528205096721649 -0.648697793483734 -0.750260412693024 -0.790104150772095 -0.928645849227905 -1.13255214691162 -1.3046875 -1.43906259536743 -1.48593747615814 -1.58541667461395 -1.68906247615814 -1.71614587306976 -1.72109365463257 -1.69114589691162 -1.67942714691162 -1.70703125 -1.72994804382324 -1.75260424613953 -1.71979165077209 -1.56692707538605 -1.48906242847443 -1.56666672229767 -1.54374992847443 -1.53593742847443 -1.53880202770233 -1.54192709922791 -1.54817712306976 -1.60104167461395 -1.69505214691162 -1.80494785308838 -1.86015629768372 -1.92265629768372 -2.07005214691162 -2.28697919845581 -2.49635410308838 -2.54739570617676 -2.57343745231628 -2.58828115463257 -2.61041665077209 -2.65130209922791
-0.204166561365128 -0.431818187236786 -0.379166662693024 -0.459375023841858 -0.539843738079071 -0.687760412693024 -0.824739634990692 -0.953124940395355 -0.952604174613953 -0.914062559604645 -1.06302094459534 -1.27447915077209 -1.39322912693024 -1.42005205154419 -1.47682297229767 -1.57552087306976 -1.61432301998138 -1.63072919845581 -1.625 -1.63541674613953 -1.64973962306976 -1.61953127384186 -1.57031261920929 -1.52656245231628 -1.50755202770233 -1.52890622615814 -1.52213537693024 -1.45130217075348 -1.47395825386047 -1.47265625 -1.45286452770233 -1.51458334922791 -1.55286455154419 -1.58359384536743 -1.76119792461395 -1.98046875 -2.04895853996277 -2.01927089691162 -2.26953125 -2.43958330154419 -2.50677084922791 -2.54270839691162 -2.60572910308838 -2.67760419845581 -2.77031254768372 -2.82083344459534
-0.358593851327896 -0.413541734218597 -0.337760359048843 -0.362760454416275 -0.533072888851166 -0.636458396911621 -0.736718654632568 -0.900520801544189 -0.948697984218597 -1.01093745231628 -1.09401035308838 -1.14973962306976 -1.22213542461395 -1.35598969459534 -1.33749997615814 -1.37838542461395 -1.42213559150696 -1.39505207538605 -1.39921879768372 -1.48593747615814 -1.43229174613953 -1.46302080154419 -1.41510415077209 -1.41770827770233 -1.42812490463257 -1.40234375 -1.37994790077209 -1.36328125 -1.35468745231628 -1.34843742847443 -1.34270823001862 -1.37031245231628 -1.41119790077209 -1.49739587306976 -1.6484375 -1.89114582538605 -2.02135419845581 -2.01041674613953 -2.07395839691162 -2.15078115463257 -2.27057290077209 -2.36093759536743 -2.48723959922791 -2.62031245231628 -2.64505195617676 -2.65937495231628
-0.882552027702332 -0.779427170753479 -0.659895837306976 -0.564583361148834 -0.476041704416275 -0.49661448597908 -0.611979186534882 -0.739062547683716 -0.829166769981384 -0.921874940395355 -0.941927015781403 -1.01067709922791 -1.10911464691162 -1.16119790077209 -1.24270832538605 -1.33984375 -1.35911452770233 -1.37786471843719 -1.36458337306976 -1.27734375 -1.25703132152557 -1.26666653156281 -1.26536452770233 -1.25885426998138 -1.27682292461395 -1.31901049613953 -1.35963547229767 -1.36432290077209 -1.35312497615814 -1.29895830154419 -1.27890622615814 -1.34687507152557 -1.39687490463257 -1.49114584922791 -1.56406247615814 -1.65156245231628 -1.75234389305115 -1.91901040077209 -1.9591144323349 -2.14531254768372 -2.32265639305115 -2.35989594459534 -2.42031240463257 -2.54843735694885 -2.64218735694885 -2.54244780540466
-0.906510412693024 -0.965364575386047 -0.826041698455811 -0.746354162693024 -0.568750023841858 -0.552604198455811 -0.513020753860474 -0.595312595367432 -0.695833384990692 -0.71588546037674 -0.76848953962326 -0.889062404632568 -0.953645825386047 -1.02161455154419 -1.08645832538605 -1.19322919845581 -1.22135412693024 -1.26640617847443 -1.1796875 -1.21145832538605 -1.19739580154419 -1.15833342075348 -1.23697912693024 -1.24947905540466 -1.26510405540466 -1.31302082538605 -1.25755202770233 -1.20260417461395 -1.14583337306976 -1.15859377384186 -1.25937509536743 -1.51614582538605 -1.51328122615814 -1.44843757152557 -1.55182278156281 -1.64791667461395 -1.75572919845581 -1.80833327770233 -1.92890620231628 -2.04218745231628 -2.07421875 -2.22213554382324 -2.26588535308838 -2.25833344459534 -2.27473950386047 -2.34713554382324
-0.760416686534882 -1.09531247615814 -1.14817714691162 -1.0760418176651 -0.920312464237213 -0.790624976158142 -0.742968797683716 -0.639583349227905 -0.634114623069763 -0.700260519981384 -0.748697936534882 -0.809635400772095 -0.858072876930237 -0.918489634990692 -0.949999988079071 -1.03593754768372 -1.08072900772095 -1.10885417461395 -1.09895837306976 -1.02916669845581 -1.03437495231628 -1.02161455154419 -0.992968857288361 -1.04374992847443 -1.08749997615814 -1.07005214691162 -1.04244792461395 -1.05104148387909 -1.05234372615814 -1.07161450386047 -1.11041665077209 -1.22994792461395 -1.23958325386047 -1.34114575386047 -1.49192702770233 -1.61484384536743 -1.65026032924652 -1.67552077770233 -1.81953120231628 -1.76770830154419 -1.79713547229767 -1.91692698001862 -2.07708334922791 -2.13359355926514 -2.21484375 -2.31510424613953
-0.735937535762787 -0.956770777702332 -1.01223969459534 -0.911458432674408 -0.794010400772095 -0.838541626930237 -0.792447984218597 -0.781249940395355 -0.81640625 -0.848697900772095 -0.815104067325592 -0.825520753860474 -0.793749868869781 -0.800520658493042 -0.833593726158142 -0.878385365009308 -0.885416686534882 -0.879687488079071 -0.868489682674408 -0.842187583446503 -0.820833384990692 -0.78619796037674 -0.8359375 -0.81927078962326 -0.809895813465118 -0.801041603088379 -0.845052123069763 -0.854166805744171 -0.867187559604645 -0.892968833446503 -0.923177123069763 -0.939322948455811 -1.01197922229767 -1.24088549613953 -1.44661462306976 -1.52083325386047 -1.50416672229767 -1.51848971843719 -1.5489581823349 -1.59244787693024 -1.63515639305115 -1.80286467075348 -1.94036459922791 -2.00286459922791 -2.03750014305115 -2.04401040077209
