input_data/future_climate/BCC_CSM2_126/bio1_a.asc
ncols  331
nrows  193
xllcorner  17.833372883333
yllcorner  37.9999896166667
cellsize 0.1666667
NODATA_value  -9999
[rows 80 to 99 of 193, columns 0 to 45 of 331]
-9999 -9999 -9999 -9999 -9999 -9999 -9999 -9999 -9999 -9999 -9999 -9999 -9999 -9999 -9999 -9999 -9999 -9999 -9999 8.47881984710693 8.40677070617676 8.32916641235352 8.20078086853027 8.00572872161865 8.07135391235352 8.24348926544189 8.09218788146973 7.92369794845581 7.87552070617676 7.87812471389771 8.00416660308838 8.20755195617676 8.39921855926514 8.57239627838135 8.51510429382324 8.41197872161865 8.30572891235352 8.19348907470703 8.09010410308838 7.94947910308838 7.88385438919067 7.78333330154419 7.68489551544189 7.62473964691162 7.62578105926514 7.53255224227905
-9999 -9999 -9999 -9999 -9999 -9999 -9999 -9999 -9999 -9999 -9999 -9999 -9999 -9999 -9999 -9999 -9999 -9999 9.20416641235352 8.51249980926514 8.37968730926514 8.26666641235352 8.00416660308838 7.82343769073486 8.01822948455811 8.15078163146973 8.01614570617676 7.91067695617676 7.83697938919067 7.91822910308838 8.06041622161865 8.25833320617676 8.51796913146973 8.66822910308838 8.59218788146973 8.51744747161865 8.3828125 8.26875019073486 8.16354179382324 8.05364608764648 7.92916679382324 7.83385419845581 7.90781259536743 7.90989589691162 7.83333349227905 7.73541688919067
-9999 -9999 -9999 -9999 -9999 -9999 -9999 -9999 -9999 -9999 -9999 -9999 -9999 -9999 -9999 -9999 -9999 -9999 8.75 8.63437461853027 8.46510410308838 8.27526092529297 8.13697910308838 7.85364580154419 7.86406278610229 8.07552051544189 8.10390663146973 8.04505252838135 8.02838516235352 8.08046817779541 8.19583320617676 8.34817695617676 8.5703125 8.68307304382324 8.66484355926514 8.546875 8.42447948455811 8.32369804382324 8.27135372161865 8.29374980926514 8.12291717529297 8.00703144073486 8.00572872161865 7.95442724227905 7.90052080154419 7.83723974227905
-9999 -9999 -9999 -9999 -9999 -9999 -9999 -9999 -9999 -9999 -9999 -9999 -9999 -9999 -9999 -9999 -9999 -9999 8.72291660308838 8.77005195617676 8.55781269073486 8.36770820617676 8.32760429382324 8.23541641235352 8.03072929382324 8.01041698455811 8.06067752838135 8.09791660308838 8.11822891235352 8.17838573455811 8.26119804382324 8.31041717529297 8.40911483764648 8.55755233764648 8.61328125 8.58098983764648 8.52578163146973 8.46249961853027 8.45755195617676 8.45338535308838 8.29218769073486 8.17760372161865 8.09166717529297 8.00859355926514 7.95911455154419 7.92942714691162
-9999 -9999 -9999 -9999 -9999 -9999 -9999 -9999 -9999 -9999 -9999 -9999 -9999 -9999 -9999 -9999 -9999 -9999 -9999 8.89583301544189 8.63802051544189 8.44270801544189 8.29531288146973 7.97526025772095 7.78020858764648 7.80625009536743 7.79374980926514 7.84296894073486 7.96015644073486 8.00729179382324 8.08828163146973 8.13671875 8.22187519073486 8.34661483764648 8.4453125 8.47864532470703 8.52578163146973 8.53020858764648 8.53515625 8.51953125 8.36354160308838 8.25130176544189 8.14791679382324 8.09947872161865 8.05312538146973 8.02890586853027
-9999 -9999 -9999 -9999 -9999 -9999 -9999 -9999 -9999 -9999 -9999 -9999 -9999 -9999 -9999 -9999 -9999 -9999 -9999 8.99374961853027 8.85312461853027 8.54895877838135 8.31562519073486 8.09348964691162 7.94635391235352 7.76197910308838 7.70546865463257 7.76796865463257 7.82656240463257 7.89010429382324 7.97916650772095 8.02239608764648 8.1171875 8.19713592529297 8.30260372161865 8.37994766235352 8.50312519073486 8.54218769073486 8.60052108764648 8.55104160308838 8.35833358764648 8.27525997161865 8.17031288146973 8.13489627838135 8.09687519073486 8.07057285308838
-9999 -9999 -9999 -9999 -9999 -9999 -9999 -9999 -9999 -9999 -9999 -9999 -9999 -9999 -9999 -9999 -9999 -9999 -9999 9.20541667938232 9.02942752838135 8.73385429382324 8.36250019073486 8.16249942779541 8.13411426544189 7.99296855926514 7.77656269073486 7.72395849227905 7.70963525772095 7.87760400772095 7.84661483764648 7.85755205154419 7.91302061080933 8.02161407470703 8.13151073455811 8.27499961853027 8.43723964691162 8.54010391235352 8.63489627838135 8.63072872161865 8.34974002838135 8.20677089691162 8.11666679382324 8.08255195617676 8.10000038146973 8.12317657470703
-9999 -9999 -9999 -9999 -9999 -9999 -9999 -9999 -9999 -9999 -9999 -9999 -9999 -9999 -9999 -9999 -9999 -9999 -9999 9.33035755157471 9.11067676544189 8.94973945617676 8.63411426544189 8.36874961853027 8.20703125 8.15494823455811 8.00625038146973 7.81822919845581 7.77473974227905 7.70208358764648 7.71666669845581 7.79296875 7.77994775772095 7.8984375 8.07682323455811 8.24739551544189 8.39661502838135 8.53750038146973 8.53489589691162 8.45859336853027 8.28541660308838 8.14088535308838 8.05989551544189 8.08151054382324 8.02760410308838 8.06666660308838
-9999 -9999 -9999 -9999 -9999 -9999 -9999 -9999 -9999 -9999 -9999 -9999 -9999 -9999 -9999 -9999 -9999 -9999 -9999 9.26296329498291 9.15173625946045 9.07656288146973 8.82890605926514 8.57786464691162 8.41901016235352 8.42239570617676 8.31145858764648 8.13593769073486 8.05859375 8.01015663146973 7.89817714691162 7.80234384536743 7.84296894073486 7.96692705154419 8.13333320617676 8.29166698455811 8.45130157470703 8.52604198455811 8.44296836853027 8.29713535308838 8.1484375 8.06197929382324 8.02838516235352 7.95260429382324 7.94453144073486 7.93124961853027
-9999 -9999 -9999 -9999 -9999 -9999 -9999 -9999 -9999 -9999 -9999 -9999 -9999 -9999 -9999 -9999 -9999 9.5 9.4255952835083 9.26458358764648 9.1054162979126 9.06953144073486 8.95651054382324 8.83515644073486 8.78932285308838 8.70208358764648 8.68463516235352 8.56041717529297 8.44322967529297 8.31875038146973 8.16848945617676 8.07369804382324 8.01588535308838 8.13307285308838 8.25859355926514 8.41796875 8.54374980926514 8.49401092529297 8.35364627838135 8.17630195617676 8.05729198455811 7.99479150772095 7.88046884536743 7.85833311080933 7.87890625 7.97421884536743
-9999 -9999 -9999 -9999 -9999 -9999 -9999 -9999 -9999 -9999 -9999 -9999 -9999 -9999 -9999 -9999 9.59166622161865 9.44861125946045 9.46666622161865 -9999 9.09107112884521 9.01197910308838 8.95963573455811 8.92083358764648 8.90989589691162 8.84140586853027 8.80859375 8.66432285308838 8.60781288146973 8.53619766235352 8.41510391235352 8.29296875 8.29010391235352 8.32890605926514 8.36614608764648 8.46901035308838 8.47161483764648 8.40390586853027 8.33697891235352 8.22239589691162 8.03671836853027 7.81588554382324 7.84244775772095 7.83489561080933 7.83671855926514 7.83619785308838
-9999 -9999 -9999 -9999 -9999 -9999 -9999 -9999 -9999 -9999 -9999 -9999 9.64305591583252 9.50729179382324 9.44967937469482 9.43717956542969 9.3972225189209 9.37118053436279 9.24027824401855 9.1796875 9.1288890838623 9.07526016235352 8.99505233764648 8.85651016235352 8.7734375 8.82526016235352 8.82942676544189 8.75833320617676 8.68359375 8.60624980926514 8.56510448455811 8.46588516235352 8.43463516235352 8.37630176544189 8.42343711853027 8.48984336853027 8.69999980926514 8.51875019073486 8.27525997161865 8.13099002838135 8.01927089691162 7.97552108764648 7.95572900772095 7.90312528610229 7.87604141235352 7.90625
9.27031230926514 9.39583301544189 9.44375038146973 9.65929508209229 9.73499965667725 9.74583339691162 -9999 -9999 -9999 -9999 -9999 -9999 9.7351188659668 9.64305591583252 9.50260448455811 9.46901035308838 9.40703105926514 9.22421836853027 9.15052127838135 9.11302089691162 9.06953144073486 9.02525997161865 8.94947910308838 8.85703086853027 8.85651016235352 8.91640663146973 8.83489608764648 8.73645782470703 8.72786426544189 8.73411464691162 8.72812461853027 8.66250038146973 8.63489532470703 8.58020877838135 8.47890663146973 8.45572948455811 8.47187519073486 8.40807342529297 8.18255233764648 7.94322919845581 7.97994804382324 7.89765644073486 8.00390625 7.96145820617676 8.20807266235352 8.07005214691162
9.02473926544189 9.10052108764648 9.13411426544189 9.49531269073486 9.81875038146973 9.77916717529297 -9999 -9999 -9999 -9999 -9999 9.82583332061768 9.98072910308838 9.6965274810791 9.44166660308838 9.39869785308838 9.25859355926514 9.06822872161865 9.08229160308838 9.10859394073486 9.09557247161865 9.04453086853027 8.98932266235352 8.97786426544189 9.00442695617676 8.91744804382324 8.85677051544189 8.80078125 8.72708320617676 8.62421894073486 8.66197872161865 8.67838573455811 8.66119766235352 8.67291641235352 8.51276016235352 8.44088554382324 8.44921875 8.36874961853027 8.14739608764648 7.85833311080933 7.78020811080933 7.80651044845581 7.87291669845581 8.02447891235352 8.10364627838135 7.79322910308838
8.62369823455811 8.65338516235352 8.66432285308838 8.96275997161865 9.59262847900391 9.92638874053955 9.73124980926514 9.67083358764648 9.65937519073486 9.64791679382324 9.68009281158447 9.66874980926514 9.57734394073486 9.20364570617676 9.01276016235352 8.90025997161865 8.99348926544189 8.96614551544189 9.02630233764648 9.07604217529297 9.14166641235352 9.14583301544189 9.04348945617676 8.92890644073486 8.79088592529297 8.77682304382324 8.64765644073486 8.4453125 8.26640605926514 8.03411483764648 8.04088592529297 8.30364608764648 8.51979160308838 8.58749961853027 8.5859375 8.56067657470703 8.46328163146973 8.28489589691162 7.94166660308838 7.92682313919067 7.82395839691162 7.85572910308838 7.94348955154419 8.01223945617676 7.95598936080933 7.79973936080933
8.55546855926514 8.59557342529297 8.55989551544189 8.76796913146973 9.39218711853027 9.70364570617676 9.69505214691162 9.71901035308838 9.70944499969482 9.42724323272705 9.07968711853027 9.41848945617676 9.35677051544189 9.12838554382324 8.99947929382324 8.85546875 9.01145839691162 9.11927032470703 9.24609375 9.27916622161865 9.28984355926514 9.25 9.13359355926514 8.90937519073486 8.85052108764648 8.64531230926514 8.31822967529297 8.17526054382324 8.11484336853027 7.92265653610229 8.03723907470703 8.11562538146973 8.32890605926514 8.42890644073486 8.46640586853027 8.47343730926514 8.37317752838135 8.25286483764648 8.08958339691162 8.00833320617676 7.90677070617676 7.85625028610229 7.90885448455811 7.93541669845581 7.94921875 7.87760400772095
8.81510448455811 8.81588554382324 8.83567714691162 8.91588497161865 9.26744747161865 9.57291698455811 9.66744804382324 9.68671894073486 9.64479160308838 9.61432266235352 9.39583301544189 9.29609394073486 9.18255233764648 9.21692752838135 9.09401035308838 9.06562519073486 9.02890586853027 8.96041679382324 9.01770782470703 9.18489551544189 9.19765663146973 9.16848945617676 9.06640625 9.03671836853027 8.8671875 8.63098907470703 8.52161407470703 8.32239532470703 8.27473926544189 8.20729160308838 8.23645877838135 8.34114551544189 8.43958282470703 8.52317714691162 8.53958320617676 8.50286483764648 8.39479160308838 8.33046817779541 8.17083358764648 8.03046894073486 7.91927099227905 7.87968730926514 7.91276025772095 8.00989627838135 7.98854160308838 7.96692705154419
8.94817733764648 8.92734336853027 9.01458358764648 9.13723945617676 9.32682323455811 9.50599002838135 9.57317733764648 9.43098926544189 9.35130214691162 9.30677032470703 9.12473964691162 9.046875 8.99817752838135 9.03515625 8.97369766235352 9.01041698455811 8.84505176544189 8.86250019073486 8.86328125 8.90546894073486 9.01770877838135 9.03098964691162 9.15052032470703 9.10234355926514 8.93020820617676 8.78724002838135 8.74531269073486 8.63124942779541 8.49661445617676 8.36197948455811 8.42239570617676 8.40703105926514 8.44244766235352 8.48932266235352 8.52499961853027 8.55390644073486 8.48307323455811 8.28437519073486 8.14401054382324 8.05729198455811 8 7.98359394073486 8.03281211853027 8.10911464691162 8.17994785308838 8.140625
9.01901054382324 9.06197929382324 9.10286426544189 9.17265605926514 9.28307247161865 9.48723983764648 9.59505176544189 9.27239608764648 9.16979217529297 9.12682247161865 9.11536407470703 9.10494804382324 9.09817695617676 9.06510448455811 8.96927070617676 9.04453086853027 8.96666717529297 8.94453144073486 8.86953163146973 8.9453125 9.02578163146973 9.13828086853027 9.25286483764648 9.19479179382324 9.06822872161865 8.92213535308838 8.77604198455811 8.78984355926514 8.72474002838135 8.65494823455811 8.58333301544189 8.546875 8.49765586853027 8.50572967529297 8.44296836853027 8.48489570617676 8.53203105926514 8.34192752838135 8.25078105926514 8.11901092529297 7.97682285308838 7.96692705154419 8.07526016235352 8.14322948455811 8.18671894073486 8.23593711853027
9.23854160308838 9.203125 9.26822948455811 9.29322910308838 9.36119747161865 9.64166641235352 9.37552070617676 9.29843711853027 9.26510429382324 9.23229217529297 9.22812461853027 9.11041641235352 8.7578125 8.84218692779541 8.79713535308838 8.88802051544189 8.87161445617676 8.95833301544189 8.98958301544189 8.99010372161865 9.05494785308838 9.12552070617676 9.15963554382324 9.14973926544189 9.09531211853027 8.88723945617676 8.85234355926514 8.86432266235352 8.79869747161865 8.69999980926514 8.64192676544189 8.58177089691162 8.37682342529297 8.41171836853027 8.34557342529297 8.37838554382324 8.36614608764648 8.37057304382324 8.31145858764648 8.17031288146973 8.03984355926514 7.97473955154419 8.03489589691162 8.18802070617676 8.20572948455811 8.16067695617676
