input_data/future_climate/BCC_CSM2_126/bio1_a.asc
ncols  331
nrows  193
xllcorner  17.833372883333
yllcorner  37.9999896166667
cellsize 0.1666667
NODATA_value  -9999
[rows 80 to 99 of 193, columns 138 to 183 of 331]
5.27005195617676 5.28359365463257 5.33203125 5.4921875 5.54739570617676 5.60312509536743 5.63333320617676 5.66874980926514 5.78932285308838 5.78619813919067 5.79609346389771 5.79869794845581 5.86432313919067 5.88541650772095 6.09427070617676 6.03984355926514 5.98880195617676 5.95286464691162 5.96666669845581 6.00624990463257 6.04947948455811 6.07916688919067 6.14609384536743 6.14635419845581 6.12708330154419 6.1328125 6.18046855926514 6.19218778610229 6.25260448455811 6.27213525772095 6.28541660308838 6.20468759536743 6.05989551544189 6.04505205154419 6.04479169845581 5.88255214691162 5.78854179382324 5.69843721389771 5.67135429382324 5.56328105926514 5.49557304382324 5.54244804382324 5.54114580154419 5.41380214691162 5.30625009536743 5.26953125
5.50572919845581 5.46744775772095 5.48880195617676 5.5546875 5.67786455154419 5.74687480926514 5.79895830154419 5.83333349227905 5.84973955154419 5.90182304382324 5.88359355926514 5.87630224227905 5.93177080154419 5.99166679382324 6.08984375 6.17421865463257 6.16588544845581 5.96458339691162 6.00520849227905 6.09375 6.17786455154419 6.13854169845581 6.18619775772095 6.25651025772095 6.20859384536743 6.14557313919067 6.15625 6.17604160308838 6.20859384536743 6.25546884536743 6.31562519073486 6.33385419845581 6.29635429382324 6.24973964691162 6.25234365463257 6.11276054382324 5.93593740463257 5.81796884536743 5.74375009536743 5.68802070617676 5.56354188919067 5.62187528610229 5.76822900772095 5.54374980926514 5.47447919845581 5.44947910308838
5.69427108764648 5.70963525772095 5.76718759536743 5.75364589691162 5.74583339691162 5.76874971389771 5.88906240463257 5.98229169845581 6.00338554382324 5.97526025772095 6.05104160308838 6.00338554382324 5.95989561080933 5.97473955154419 6.02890634536743 6.07473945617676 6.20364570617676 6.23619794845581 6.23151016235352 6.23776054382324 6.19088554382324 6.17031240463257 6.18255233764648 6.26380205154419 6.24010419845581 6.19505214691162 6.12005186080933 6.11848974227905 6.15494775772095 6.17343759536743 6.234375 6.36901044845581 6.46171855926514 6.45286464691162 6.48046875 6.30078125 6.01171875 5.78802061080933 5.68020820617676 5.68697929382324 5.68958330154419 5.62526035308838 5.73177099227905 5.65546894073486 5.62838554382324 5.57682275772095
5.88489580154419 5.83697938919067 5.81067705154419 5.74947929382324 5.80963516235352 5.88385391235352 5.91145849227905 5.96718740463257 5.97838544845581 6.0703125 6.08567714691162 6.09765625 6.1015625 6.09348964691162 6.11380195617676 6.22265625 6.26614570617676 6.25937509536743 6.55625009536743 6.25677108764648 6.22109365463257 6.18411445617676 6.16979169845581 6.24348974227905 6.31458330154419 6.24557304382324 6.20703125 6.19140625 6.25260400772095 6.30026054382324 6.39088535308838 6.44244766235352 6.37447929382324 6.35833311080933 6.30937528610229 6.45234346389771 6.16432285308838 5.89348983764648 5.72265625 5.64557313919067 5.71302080154419 5.75052070617676 5.78437519073486 5.67291688919067 5.61901044845581 5.68359375
6.02812480926514 5.85572910308838 5.81328153610229 5.88307285308838 5.91692686080933 5.95807313919067 5.93593740463257 5.93489599227905 5.99687480926514 6.03046846389771 6.04895830154419 6.12447929382324 6.11328125 6.04531240463257 5.95729160308838 5.84244775772095 5.859375 5.91093778610229 5.94010400772095 6.06093740463257 6.13098955154419 6.16927099227905 6.23619794845581 6.20338535308838 6.22864580154419 6.20026063919067 6.09531211853027 6.13072919845581 6.03098964691162 6.01927089691162 6.25234365463257 6.23854160308838 6.14817714691162 6.10703134536743 6.05286455154419 5.95182275772095 5.85130214691162 5.61432313919067 5.57135438919067 5.52447891235352 5.66979169845581 5.56640625 5.76093769073486 5.73489570617676 5.79114580154419 5.76510429382324
6.13385438919067 5.99036455154419 5.96848964691162 6.04583311080933 6.06406259536743 6.12786436080933 6.12526035308838 6.05781269073486 6.08567714691162 6.21197891235352 6.04895830154419 5.95598983764648 5.95572900772095 5.93984365463257 5.84062480926514 5.73723936080933 5.78229188919067 5.75885438919067 5.83125019073486 5.97578096389771 5.96692705154419 5.90703153610229 5.96718740463257 6.0234375 5.95911455154419 5.93515634536743 5.91874980926514 5.90416669845581 5.93333339691162 6.03489589691162 6.05833339691162 6.24453115463257 6.27526044845581 6.17500019073486 6.05078125 5.85755205154419 5.76979160308838 5.65130186080933 5.54010438919067 5.58802080154419 5.52317714691162 5.44791650772095 5.62604188919067 5.81640625 5.87552070617676 5.84921884536743
6.18619775772095 6.15338563919067 6.07109355926514 6.19244766235352 6.21848964691162 6.24140644073486 6.31380224227905 6.35390615463257 6.27447938919067 6.19869804382324 5.99062490463257 5.83541679382324 5.80885410308838 5.84322929382324 5.76328134536743 5.70572900772095 5.68932294845581 5.63359355926514 5.66744804382324 5.79322910308838 5.89557313919067 5.89375019073486 5.98203134536743 5.97578144073486 5.87994766235352 5.85520839691162 5.88072919845581 5.78229141235352 5.88906240463257 6.00572919845581 6.18671894073486 6.24114561080933 6.05677080154419 6.09791660308838 6.02135419845581 5.91171884536743 5.87760400772095 5.84765625 5.77734375 5.72473955154419 5.54244804382324 5.60755205154419 5.72447919845581 5.61588573455811 5.69322919845581 5.82083320617676
6.33854150772095 6.36250019073486 6.25598955154419 6.31119823455811 6.34895849227905 6.38958358764648 6.45911455154419 6.49973964691162 6.44999980926514 6.37057304382324 6.23932313919067 6.10494756698608 6.03177070617676 5.89479160308838 5.79869794845581 5.70677089691162 5.61614561080933 5.61067724227905 5.66432285308838 5.81822919845581 5.95781230926514 6.11979150772095 6.19218730926514 6.19817686080933 6.12994766235352 6.03828096389771 5.88124990463257 5.74453115463257 5.80781269073486 5.98072910308838 6.19635438919067 6.31614589691162 6.31171846389771 6.14817714691162 6.03229141235352 6.05572938919067 5.99635410308838 5.89453125 5.82473945617676 5.79843759536743 5.65520858764648 5.64713525772095 5.68385410308838 5.81979179382324 5.86927080154419 5.98828125
6.52369785308838 6.55078125 6.46432304382324 6.47708320617676 6.56328153610229 6.54583311080933 6.57265615463257 6.65182304382324 6.53385400772095 6.41380214691162 6.35807275772095 6.21796894073486 6.12005233764648 5.99843740463257 5.85729169845581 5.74869775772095 5.68333339691162 5.65338516235352 5.71067714691162 5.80208349227905 6.08203125 6.25364589691162 6.27942705154419 6.23645830154419 6.12447929382324 6.02447938919067 6.01458358764648 5.94609355926514 6.01354169845581 6.05755186080933 6.17838525772095 6.32395839691162 6.44661474227905 6.42005205154419 6.18958330154419 6.02421855926514 5.93619775772095 5.92109394073486 5.84036445617676 5.75338554382324 5.76145839691162 5.81953144073486 5.87708330154419 5.83203125 5.90000009536743 6.00494813919067
6.72968769073486 6.76848936080933 6.68437528610229 6.67708349227905 6.72812509536743 6.74401044845581 6.83229160308838 6.73593759536743 6.59583330154419 6.38541650772095 6.23489570617676 6.12239599227905 6.01406240463257 5.94140625 5.85833358764648 5.86197900772095 5.77447938919067 5.74869775772095 5.89088535308838 6.03125 6.09947919845581 6.26536464691162 6.36015605926514 6.30520820617676 6.27916669845581 6.19557285308838 5.94739580154419 5.87421846389771 5.94817733764648 6.07421875 6.12630224227905 6.33776044845581 6.49817705154419 6.46953105926514 6.32682275772095 6.12213563919067 6.01692724227905 5.91927099227905 5.96119785308838 5.96953105926514 5.95026016235352 5.95703125 5.86041688919067 5.81432294845581 5.90338516235352 6.06562519073486
6.94999980926514 6.98749971389771 6.89895820617676 6.85468769073486 6.90130233764648 7.04114580154419 6.96432304382324 6.76119804382324 6.55755233764648 6.37343740463257 6.24505233764648 6.10651063919067 6.04713535308838 5.92421865463257 5.88177061080933 5.84479141235352 5.81822919845581 5.80052089691162 5.93984365463257 6.14401054382324 6.30208349227905 6.39583349227905 6.42343759536743 6.39218759536743 6.34635400772095 6.19635391235352 6.14114570617676 6.02005195617676 5.97604179382324 5.96744775772095 6.18489599227905 6.34375 6.43177080154419 6.47630214691162 6.40677070617676 6.17291641235352 6.01536464691162 5.92942714691162 5.95520830154419 6.02942705154419 6.05781269073486 6.07421875 6.08880233764648 6.10442686080933 6.18854188919067 5.96848964691162
7.13333320617676 7.12395858764648 7.12812471389771 7.125 7.05625009536743 7.14583349227905 7.0546875 6.77291679382324 6.62213516235352 6.51927089691162 6.37005233764648 6.30677080154419 6.26718759536743 6.19973945617676 6.22239589691162 6.19244766235352 6.11536455154419 6.12630224227905 6.19166660308838 6.29557275772095 6.43229150772095 6.53802108764648 6.48958349227905 6.38749980926514 6.26223945617676 6.14375019073486 6.10364580154419 6.05052089691162 6.04921865463257 6.12526035308838 6.23984384536743 6.29401016235352 6.33880233764648 6.38229179382324 6.51093769073486 6.36484384536743 6.19036436080933 6.03098964691162 5.99375009536743 5.93333339691162 6.03958320617676 6.11484384536743 6.11822938919067 6.12057304382324 6.22421884536743 6.12578105926514
7.36640644073486 7.25963544845581 7.15885400772095 7.10651016235352 7.18046855926514 7.16744804382324 7.078125 6.80442714691162 6.6640625 6.56119775772095 6.47526025772095 6.48984384536743 6.42239570617676 6.41041660308838 6.37578153610229 6.29374980926514 6.32239580154419 6.38151025772095 6.45807313919067 6.48124980926514 6.55807304382324 6.62109375 6.66223955154419 6.62447929382324 6.54270839691162 6.44791650772095 6.38723993301392 6.30104160308838 6.32968759536743 6.30182313919067 6.2890625 6.39244794845581 6.31536436080933 6.32005214691162 6.42656278610229 6.50078153610229 6.22499990463257 6.10286426544189 6.06015634536743 6.01510429382324 6.09661436080933 6.20078134536743 6.22708320617676 6.25052070617676 6.30833339691162 6.20286464691162
7.39921855926514 7.36484384536743 7.26119804382324 7.16302061080933 7.11302089691162 7.13333320617676 7.12057304382324 6.96432256698608 6.80260419845581 6.74713516235352 6.68697929382324 6.57395839691162 6.421875 6.33723974227905 6.41614580154419 6.47526025772095 6.60572910308838 6.72031259536743 6.77916669845581 6.65234375 6.61458349227905 6.55494785308838 6.59401035308838 6.67760419845581 6.48203134536743 6.39348936080933 6.45729160308838 6.42916679382324 6.12421894073486 6.27161455154419 6.28203153610229 6.18802070617676 6.24479150772095 6.28437519073486 6.43281221389771 6.51015615463257 6.42083311080933 6.22994804382324 6.17473983764648 6.14583349227905 6.17604160308838 6.25442695617676 6.27291679382324 6.33906269073486 6.25234365463257 6.33802080154419
7.55338525772095 7.44036483764648 7.29322910308838 7.18489599227905 7.15052080154419 7.15833330154419 7.21276044845581 7.03880214691162 6.95416688919067 6.88984394073486 6.80026054382324 6.69999980926514 6.49791669845581 6.39453125 6.33203125 6.45390605926514 6.60546875 6.86692714691162 6.92447900772095 6.80833339691162 6.7109375 6.62083339691162 6.56562519073486 6.64088535308838 6.49322891235352 6.44401025772095 6.46171855926514 6.44088554382324 6.24635410308838 6.22213554382324 6.08098936080933 6.23124980926514 6.19374990463257 6.32057285308838 6.4140625 6.54739570617676 6.3671875 6.49192714691162 6.29661464691162 6.04765605926514 6.18307304382324 6.31510400772095 6.33098983764648 6.37057304382324 6.45807313919067 6.60989570617676
7.63411474227905 7.51380205154419 7.33411455154419 7.19453096389771 7.20260429382324 7.24895811080933 7.21848964691162 7.10572910308838 6.93802070617676 6.78645849227905 6.79244804382324 6.77161455154419 6.60651063919067 6.40885400772095 6.35755205154419 6.45546865463257 6.56406259536743 6.85234403610229 6.90286445617676 6.76979160308838 6.74609375 6.69140625 6.65130233764648 6.51770830154419 6.44817733764648 6.46145820617676 6.57109355926514 6.30677080154419 6.24140644073486 6.23619794845581 6.34713554382324 6.43385410308838 6.53177070617676 6.58463525772095 6.46562480926514 6.3671875 6.48515605926514 6.38854169845581 6.36901044845581 6.19817686080933 6.16770839691162 6.4453125 6.45963525772095 6.43854188919067 6.63932275772095 6.85520839691162
7.66119813919067 7.43281269073486 7.35364580154419 7.27109384536743 7.15572929382324 7.18854141235352 7.23541641235352 7.18593740463257 6.99036455154419 6.83697891235352 6.88020849227905 6.77317714691162 6.63697910308838 6.47499990463257 6.35338544845581 6.39765644073486 6.52265644073486 6.77005195617676 6.95156240463257 6.86796903610229 6.67005205154419 6.57343769073486 6.48229169845581 6.47994804382324 6.58125019073486 6.53802108764648 6.36848974227905 6.26979160308838 6.11250019073486 6.32369804382324 6.55286455154419 6.44713544845581 6.35364580154419 6.20442724227905 6.08958339691162 6.36093759536743 6.54322910308838 6.45442724227905 6.48958349227905 6.49583339691162 6.28854179382324 6.27447938919067 6.50052070617676 6.57057285308838 6.42213535308838 6.53489589691162
7.70651054382324 7.54661464691162 7.30833339691162 7.23411464691162 7.19505214691162 7.24010419845581 7.22083330154419 7.15494775772095 7.11979150772095 6.93802070617676 6.94557285308838 6.81718730926514 6.65234375 6.55364561080933 6.46328115463257 6.48541688919067 6.6328125 6.80572938919067 6.79765605926514 6.77552080154419 6.79036474227905 6.72578144073486 6.60494804382324 6.59973955154419 6.47760438919067 6.44114589691162 6.36328125 6.38984394073486 6.37265634536743 6.58333301544189 6.37838554382324 6.35494804382324 6.36249971389771 6.33072900772095 6.25104188919067 6.19505214691162 6.32473945617676 6.48776054382324 6.49062490463257 6.52317714691162 6.60963535308838 6.61432313919067 6.72552061080933 6.57421875 6.328125 6.10755205154419
7.68880224227905 7.65859365463257 7.44166660308838 7.27291679382324 7.27213525772095 7.21901035308838 7.18203115463257 7.10078144073486 7.10703134536743 7.13385391235352 6.99270820617676 6.94166660308838 6.72578144073486 6.54296875 6.47369766235352 6.53046894073486 6.64583349227905 6.77031230926514 6.60494804382324 6.57291650772095 6.66432285308838 6.57291650772095 6.63307285308838 6.60677051544189 6.48906230926514 6.6171875 6.59765625 6.69348955154419 6.57291650772095 6.29713535308838 6.25624990463257 6.31822919845581 6.38958358764648 6.53671884536743 6.39869785308838 6.29296875 6.35755205154419 6.65000009536743 6.61041688919067 6.57708358764648 6.69687509536743 6.77578115463257 6.77630186080933 6.49270820617676 6.43203115463257 6.48906230926514
7.68046855926514 7.53723955154419 7.44453144073486 7.32265663146973 7.31536436080933 7.21197938919067 7.20546865463257 7.08020830154419 7.03203105926514 7.10364580154419 7.26171875 7.02135419845581 6.83854198455811 6.66432285308838 6.57499980926514 6.62526035308838 6.73307275772095 6.84739589691162 6.82890653610229 6.75677061080933 6.76223945617676 6.74817705154419 6.60963535308838 6.74843740463257 6.74921894073486 6.76328134536743 6.86848974227905 6.65833330154419 6.55703115463257 6.50468730926514 6.43671894073486 6.37682294845581 6.36197900772095 6.53645849227905 6.62942695617676 6.49062490463257 6.60026025772095 6.70286464691162 6.58151054382324 6.63593769073486 6.71744823455811 6.79947900772095 6.65338563919067 6.69947910308838 6.75104141235352 6.83750009536743
