input_data/future_climate/BCC_CSM2_126/bio1_a.asc
ncols  331
nrows  193
xllcorner  17.833372883333
yllcorner  37.9999896166667
cellsize 0.1666667
NODATA_value  -9999
[rows 20 to 39 of 193, columns 184 to 229 of 331]
-0.543229162693024 -0.7734375 -0.819531202316284 -0.684375107288361 -0.709375023841858 -0.831510365009308 -0.966145694255829 -0.97760409116745 -1.03984379768372 -1.00416672229767 -0.947395741939545 -0.905208468437195 -1.04531240463257 -0.993750095367432 -0.916927099227905 -0.954427182674408 -1.04479169845581 -1.07343757152557 -1.03749990463257 -0.941926956176758 -0.767968714237213 -0.709635436534882 -0.666406214237213 -0.63776034116745 -0.64453113079071 -0.6171875 -0.649218738079071 -0.67291671037674 -0.708854198455811 -0.805729269981384 -0.986979126930237 -0.955729126930237 -0.991145849227905 -1.11953127384186 -1.328125 -1.34270834922791 -1.33359384536743 -1.34557294845581 -1.35052073001862 -1.44322919845581 -1.53281247615814 -1.61250007152557 -1.72968757152557 -1.79947912693024 -1.85130202770233 -1.77552080154419
-0.359635412693024 -0.686197876930237 -0.807031154632568 -0.736197888851166 -0.758593738079071 -0.841145813465118 -0.900520861148834 -0.988020896911621 -0.992187559604645 -0.992968857288361 -0.946874976158142 -1.02838540077209 -1.06302082538605 -1.01119792461395 -1.07317698001862 -1.09661459922791 -1.10182297229767 -1.09661459922791 -1.12239587306976 -0.990364551544189 -0.802343726158142 -0.65338546037674 -0.528906226158142 -0.501302063465118 -0.522656261920929 -0.493749886751175 -0.494010448455811 -0.500000059604645 -0.560416698455811 -0.681510329246521 -0.768489599227905 -0.861718773841858 -0.89453125 -0.938802003860474 -1.09192717075348 -1.09687495231628 -1.09088540077209 -1.10234367847443 -1.11666667461395 -1.22552096843719 -1.28229165077209 -1.38697910308838 -1.48671889305115 -1.58749997615814 -1.61562502384186 -1.61145842075348
-0.177083402872086 -0.406510323286057 -0.557812571525574 -0.58098953962326 -0.615104019641876 -0.696093797683716 -0.756510376930237 -0.824739694595337 -0.930729150772095 -1.01302087306976 -0.993749856948853 -0.92682284116745 -0.901822924613953 -0.928125083446503 -0.927604138851166 -0.952864527702332 -0.967187464237213 -0.975781142711639 -0.932812571525574 -0.777083337306976 -0.650260388851166 -0.490625202655792 -0.409635424613953 -0.332291662693024 -0.33098965883255 -0.317708313465118 -0.318749964237213 -0.357812583446503 -0.42421880364418 -0.437760472297668 -0.512499928474426 -0.627343773841858 -0.711718857288361 -0.736718714237213 -0.867968618869781 -0.864323019981384 -0.867447853088379 -0.872395753860474 -0.856770813465118 -0.98541659116745 -1.05364584922791 -1.10989570617676 -1.18046879768372 -1.21979165077209 -1.25546872615814 -1.25026035308838
-0.0518229193985462 -0.199999988079071 -0.35260409116745 -0.422656327486038 -0.505729198455811 -0.562760412693024 -0.593750059604645 -0.651823043823242 -0.744791805744171 -0.852083325386047 -0.919791638851166 -0.929427027702332 -0.872395813465118 -0.777864634990692 -0.829166769981384 -0.832291603088379 -0.738020837306976 -0.804947972297668 -0.773437559604645 -0.696093797683716 -0.552604258060455 -0.385416507720947 -0.302343785762787 -0.212500035762787 -0.174218654632568 -0.170833274722099 -0.172395706176758 -0.238281354308128 -0.32864585518837 -0.404947966337204 -0.494270831346512 -0.649479269981384 -0.687239587306976 -0.655468761920929 -0.716927051544189 -0.71380215883255 -0.684375047683716 -0.648177027702332 -0.617968618869781 -0.600781261920929 -0.63567703962326 -0.71588546037674 -0.736979126930237 -0.797135412693024 -0.856770873069763 -0.902083277702332
-0.0260417219251394 -0.26015630364418 -0.398698031902313 -0.359374970197678 -0.422916650772095 -0.500520884990692 -0.536458313465118 -0.621354103088379 -0.652864515781403 -0.73437488079071 -0.822135508060455 -0.835677027702332 -0.843489587306976 -0.750260353088379 -0.668489575386047 -0.565625071525574 -0.56744784116745 -0.577864468097687 -0.610937476158142 -0.533854186534882 -0.35260421037674 -0.190885320305824 -0.12343741953373 -0.0591145195066929 -0.0348958559334278 -0.0648437812924385 -0.200260370969772 -0.289062410593033 -0.271354168653488 -0.263281226158142 -0.303645938634872 -0.327604174613953 -0.413281321525574 -0.431510418653488 -0.449218809604645 -0.425260543823242 -0.384114652872086 -0.345312565565109 -0.299739480018616 -0.260156244039536 -0.24687497317791 -0.399739563465118 -0.57031261920929 -0.71979159116745 -0.821874976158142 -0.904947996139526
0.0369792617857456 -0.141145795583725 -0.466145753860474 -0.536718726158142 -0.502343654632568 -0.476562559604645 -0.452083379030228 -0.447656244039536 -0.526302099227905 -0.535937488079071 -0.545312464237213 -0.602864563465118 -0.604687511920929 -0.545052051544189 -0.320833265781403 -0.39947921037674 -0.441666603088379 -0.414843678474426 -0.394270807504654 -0.370572954416275 -0.185937494039536 0.019010417163372 0.0851562470197678 0.119791552424431 0.0468750782310963 -0.0505207590758801 -0.154166743159294 -0.244791552424431 -0.27734363079071 -0.266666680574417 -0.257812529802322 -0.188281312584877 -0.14453125 -0.216145813465118 -0.239843770861626 -0.276562511920929 -0.224218741059303 -0.0716145113110542 -0.0270833969116211 0.0570313595235348 -0.0356770195066929 -0.293489724397659 -0.460937440395355 -0.564583420753479 -0.687239706516266 -0.766406178474426
0.157031252980232 0.0281249117106199 -0.138541609048843 -0.17994786798954 -0.202604159712791 -0.23880210518837 -0.301562488079071 -0.313281267881393 -0.299479126930237 -0.34088534116745 -0.353906273841858 -0.496614456176758 -0.475781232118607 -0.380989521741867 -0.282551974058151 -0.235937371850014 -0.280468702316284 -0.275260329246521 -0.2442706823349 -0.197395890951157 0.00130212551448494 0.248437464237213 0.272916615009308 0.272656291723251 0.0429687164723873 -0.118749961256981 -0.155208364129066 -0.14192707836628 -0.130729153752327 -0.190625041723251 -0.157291695475578 -0.0721354708075523 -0.098437525331974 -0.0760416612029076 -0.0033854793291539 0.0359372682869434 0.0692708492279053 0.131510317325592 0.181249901652336 0.170572891831398 -0.0960937365889549 -0.246614664793015 -0.301562428474426 -0.389062404632568 -0.485416740179062 -0.528124988079071
0.222135543823242 0.0992186516523361 -0.0252604894340038 -0.134635537862778 -0.173437461256981 -0.188281342387199 -0.233854249119759 -0.240364640951157 -0.197656318545341 -0.155468747019768 -0.164843782782555 -0.232031211256981 -0.252864480018616 -0.254166632890701 -0.179947897791862 -0.084635466337204 -0.132552087306976 -0.0898438021540642 0.0166666898876429 0.141927093267441 0.313541650772095 0.376822948455811 0.401041716337204 0.321614533662796 0.192968726158142 0.103906244039536 0.0117187052965164 -0.0627605468034744 -0.0432291030883789 0.0520833395421505 0.0749999657273293 0.0822916105389595 0.0723958164453506 0.131770879030228 0.151302084326744 0.194791689515114 0.217187568545341 0.273958384990692 0.284114599227905 0.15078142285347 -0.0773437842726707 -0.191145792603493 -0.218489602208138 -0.222656220197678 -0.320572763681412 -0.431770771741867
0.228645801544189 0.042708333581686 -0.0999998897314072 -0.23020838201046 -0.345052152872086 -0.270833313465118 -0.406770825386047 -0.488020867109299 -0.469531238079071 -0.314322918653488 -0.156250014901161 -0.122656397521496 -0.118489630520344 -0.0226561669260263 0.0083331661298871 0.0669270679354668 0.084114633500576 0.134635493159294 0.208854228258133 0.340885400772095 0.450260400772095 0.499479204416275 0.470312565565109 0.449479281902313 0.3828125 0.292447984218597 0.213281318545341 0.28411465883255 0.282291650772095 0.248177006840706 0.288281261920929 0.307291686534882 0.312500059604645 0.267968714237213 0.258854240179062 0.297395884990692 0.28567710518837 0.284375131130219 0.164583399891853 0.0669270306825638 0.0281251017004251 -0.00703116739168763 -0.0768229514360428 -0.135937407612801 -0.194791629910469 -0.282291680574417
0.263281166553497 0.0541666895151138 -0.151562467217445 -0.226302072405815 -0.200781226158142 -0.255468755960464 -0.40338534116745 -0.605729281902313 -0.723437428474426 -0.586458325386047 -0.335416615009308 -0.13619801402092 -0.04583340883255 0.0533853955566883 -0.0203124564141035 -0.0182291641831398 0.0929687172174454 0.0731770321726799 0.198697775602341 0.367447972297668 0.458072870969772 0.399739623069763 0.398176997900009 0.4453125 0.544791698455811 0.48541659116745 0.495572835206985 0.453124940395355 0.418229162693024 0.427083313465118 0.378124952316284 0.322135418653488 0.329427123069763 0.343749940395355 0.353385269641876 0.329687416553497 0.313802093267441 0.242447897791862 0.101562596857548 0.127083376049995 0.127604112029076 0.0945312678813934 0.0588542334735394 0.0440104305744171 -0.0278645399957895 -0.12239583581686
0.263020724058151 0.199218720197678 0.0515625849366188 -0.102604143321514 -0.20234377682209 -0.291406214237213 -0.355729222297668 -0.458593785762787 -0.546093702316284 -0.514062464237213 -0.38229164481163 -0.206510543823242 -0.116927027702332 0.0106769921258092 0.00260421144776046 -0.165624931454659 -0.0330728478729725 0.0541667528450489 0.20442695915699 0.379427134990692 0.473958283662796 0.411979258060455 0.438802063465118 0.477083146572113 0.526562452316284 0.511718690395355 0.426041722297668 0.380208283662796 0.373437583446503 0.454947978258133 0.423958361148834 0.437500059604645 0.505468726158142 0.423697918653488 0.380208253860474 0.320833265781403 0.17552088201046 0.157291650772095 0.146614640951157 0.151562571525574 0.183072954416275 0.163020759820938 0.0973958671092987 0.0416665524244308 -0.0203123930841684 -0.0968750193715096
0.459114640951157 0.328906238079071 0.124479167163372 0.0125000039115548 0.0661458298563957 -0.0489581748843193 -0.110416680574417 -0.274479150772095 -0.325781315565109 -0.366927027702332 -0.34817710518837 -0.301041692495346 -0.19427078962326 -0.0898438096046448 -0.125781238079071 -0.187760412693024 -0.0403644926846027 0.0773437991738319 0.180468678474426 0.340885400772095 0.420572906732559 0.462239623069763 0.529427051544189 0.439322948455811 0.510937571525574 0.475520730018616 0.41953119635582 0.35000005364418 0.368489742279053 0.445572972297668 0.494791656732559 0.514062404632568 0.564322888851166 0.495572835206985 0.394531220197678 0.308072805404663 0.272135436534882 0.140885353088379 0.149218678474426 0.115104138851166 0.107291631400585 0.129687458276749 0.172395899891853 0.121093697845936 0.0518228597939014 0.0270833168178797
0.53229171037674 0.408333301544189 0.255468755960464 0.277604162693024 0.310156285762787 0.0802083015441895 -0.132552027702332 -0.260937511920929 -0.402343779802322 -0.553124904632568 -0.371614426374435 -0.23593744635582 -0.205989569425583 -0.136197954416275 -0.0804688557982445 -0.0869791507720947 -0.0294270422309637 0.111197896301746 0.125781267881393 0.115104153752327 0.164843797683716 0.324218690395355 0.410937637090683 0.360937535762787 0.342968761920929 0.330208510160446 0.357031226158142 0.375260382890701 0.520312607288361 0.591406285762787 0.599739551544189 0.563541650772095 0.557031273841858 0.57421886920929 0.456770867109299 0.356770873069763 0.271093815565109 0.242708310484886 0.276822924613953 0.296093821525574 0.291927069425583 0.289583206176758 0.171093747019768 0.109375067055225 0.119531318545341 0.103906266391277
0.780729115009308 0.7578125 0.6640625 0.543749988079071 0.381249964237213 0.261197924613953 -0.0447915978729725 -0.237760379910469 -0.378645807504654 -0.396874964237213 -0.526562511920929 -0.390624970197678 -0.163802117109299 -0.126562505960464 -0.141666665673256 -0.155989587306976 -0.116406187415123 0.0299479272216558 0.0937500894069672 0.0380208976566792 0.0218750294297934 0.192447990179062 0.267187625169754 0.306770980358124 0.396354198455811 0.454427093267441 0.460676997900009 0.523698031902313 0.650000035762787 0.62604159116745 0.465625017881393 0.469791680574417 0.619531333446503 0.626562595367432 0.55859375 0.476302027702332 0.336197912693024 0.325520813465118 0.377864599227905 0.411718785762787 0.445572912693024 0.351822853088379 0.285937517881393 0.291145771741867 0.184114590287209 0.106770873069763
1.00755226612091 1.01432287693024 0.853906214237213 0.755208313465118 0.613541722297668 0.391145884990692 0.188541740179062 0.123697943985462 0.0828125849366188 0.000260338187217712 -0.22604164481163 -0.52447921037674 -0.556510329246521 -0.377343833446503 -0.188801944255829 -0.0645834133028984 0.0677083879709244 0.182551994919777 0.219010323286057 0.184374883770943 0.0312500856816769 0.0588541515171528 0.180989637970924 0.283854097127914 0.368229240179062 0.520312607288361 0.633073031902313 0.625 0.64947909116745 0.680208384990692 0.645833253860474 0.583593666553497 0.590624928474426 0.642187476158142 0.609895825386047 0.491145879030228 0.460156291723251 0.459635466337204 0.417968809604645 0.386979222297668 0.419270843267441 0.401822924613953 0.345572769641876 0.312239617109299 0.215103983879089 0.0960936322808266
1.04921877384186 1.11901044845581 1.05078113079071 0.841406166553497 0.637500047683716 0.51458328962326 0.506770849227905 0.425520867109299 0.283333301544189 0.305208444595337 0.245052188634872 0.0374999791383743 -0.0700521096587181 -0.136979192495346 -0.131510406732559 0.151822850108147 0.226301997900009 0.361197918653488 0.398177087306976 0.374218851327896 0.160677194595337 -0.0999999940395355 0.178645774722099 0.347916692495346 0.510676980018616 0.581250011920929 0.689322888851166 0.651562511920929 0.719531357288361 0.723958313465118 0.75286453962326 0.6875 0.555989623069763 0.623177051544189 0.658854126930237 0.643750011920929 0.591145932674408 0.530729115009308 0.473697870969772 0.429426968097687 0.400520831346512 0.37656244635582 0.321354269981384 0.312760412693024 0.269791692495346 0.149218708276749
1.21744799613953 1.14843761920929 0.947395801544189 0.77838534116745 0.74895828962326 0.741927146911621 0.588020801544189 0.514843881130219 0.42812505364418 0.36328125 0.399739652872086 0.398177087306976 0.399739533662796 0.42343744635582 0.407812476158142 0.411458283662796 0.480468839406967 0.52734386920929 0.536458373069763 0.512760400772095 0.48046875 0.240885406732559 0.169531270861626 0.389843791723251 0.372656285762787 0.470833241939545 0.545312464237213 0.590625047683716 0.734114587306976 0.830208122730255 0.786458373069763 0.740364551544189 0.619010448455811 0.61822897195816 0.642187476158142 0.605208396911621 0.55963534116745 0.540104031562805 0.498958259820938 0.450520753860474 0.464322924613953 0.458593755960464 0.442448019981384 0.431249886751175 0.406250059604645 0.33697921037674
1.25937497615814 0.987500011920929 0.940625011920929 0.916666686534882 0.996874988079071 0.820573091506958 0.634114623069763 0.623697817325592 0.609895884990692 0.577604234218597 0.561718821525574 0.521093547344208 0.467708259820938 0.535677075386047 0.595052063465118 0.654426991939545 0.684374988079071 0.683333337306976 0.690364480018616 0.673437476158142 0.666406154632568 0.591406106948853 0.266145884990692 0.400520831346512 0.453906267881393 0.526041746139526 0.583854079246521 0.71380203962326 0.81249988079071 0.836718797683716 0.907812476158142 0.95416671037674 0.784895837306976 0.776041567325592 0.708333313465118 0.626041650772095 0.563541650772095 0.519270777702332 0.44531238079071 0.428385406732559 0.456770807504654 0.438802003860474 0.365364551544189 0.384114593267441 0.379166662693024 0.295312404632568
1.41979157924652 1.13489580154419 1.02369797229767 1.02526044845581 1.09635412693024 0.95989590883255 0.765104174613953 0.700000047683716 0.706510424613953 0.733333170413971 0.830729305744171 0.810937523841858 0.778645813465118 0.689322888851166 0.646354079246521 0.708072781562805 0.76276046037674 0.735677003860474 0.827864587306976 0.90130215883255 0.832291662693024 0.810937464237213 0.708333253860474 0.606250107288361 0.644270896911621 0.636458337306976 0.642968773841858 0.727343797683716 0.866406202316284 0.903124988079071 0.985156178474426 1.07942712306976 0.955468833446503 0.875000059604645 0.847395837306976 0.709895670413971 0.634895861148834 0.570572912693024 0.488020956516266 0.420312523841858 0.481250017881393 0.457291603088379 0.406249910593033 0.402603983879089 0.335677057504654 0.30520835518837
1.47760426998138 1.38723957538605 1.26484382152557 1.20911455154419 1.17109370231628 1.26875007152557 1.16250002384186 1.05208337306976 0.995052099227905 0.906249940395355 0.920312464237213 0.899739444255829 1.00468742847443 0.920052051544189 0.813020765781403 0.892708301544189 0.958854198455811 0.914583206176758 0.927604079246521 0.946614563465118 0.920051991939545 0.956249952316284 0.927604198455811 0.834635376930237 0.87213546037674 0.880208432674408 0.798177123069763 0.862500071525574 0.991666674613953 1.04062497615814 1.10963535308838 1.21249997615814 1.22239577770233 1.07161450386047 0.934114754199982 0.809114634990692 0.762239694595337 0.677343785762787 0.572916626930237 0.523698091506958 0.512499988079071 0.480468720197678 0.571093797683716 0.566406309604645 0.482031255960464 0.416145741939545
