input_data/future_climate/BCC_CSM2_126/bio8_a.asc
ncols  331
nrows  193
xllcorner  17.833372883333
yllcorner  37.9999896166667
cellsize 0.1666667
NODATA_value  -9999
[rows 21 to 41 of 193, columns 230 to 275 of 331]
11.3718748092651 11.5302085876465 11.4833335876465 11.5072917938232 11.4760417938232 11.5020837783813 11.515625 11.4989585876465 11.5635414123535 11.515625 11.4927082061768 11.4572916030884 11.5666666030884 11.5645837783813 11.4656248092651 11.375 11.4291667938232 11.4406251907349 11.5572910308838 11.5145835876465 11.4145832061768 5.79895830154419 5.82291650772095 5.88229179382324 5.95729160308838 6.06041669845581 6.18541669845581 6.21041679382324 6.22083330154419 6.18437480926514 6.09895801544189 6.00624990463257 6.015625 6.05000019073486 5.98229169845581 11.4312496185303 11.2864580154419 11.3812503814697 11.4552087783813 11.4468755722046 11.330207824707 11.0999994277954 10.9468746185303 11.2229166030884 10.3697919845581 9.12291717529297
11.8479166030884 11.8427085876465 11.7166662216187 11.7145833969116 11.7333335876465 11.7770833969116 11.9510412216187 11.9093751907349 11.9020833969116 11.7114582061768 11.5749998092651 11.703125 11.7229166030884 11.6125001907349 11.6125001907349 11.6916666030884 11.7281255722046 11.6260414123535 11.3937501907349 11.2979164123535 11.4239587783813 11.4333333969116 5.93958330154419 6.11249971389771 6.28333330154419 6.38124990463257 6.41249990463257 6.42291688919067 6.35833358764648 6.14375019073486 5.99375009536743 5.95833349227905 5.98854160308838 6.10729169845581 6.12291669845581 11.5854167938232 11.6239585876465 11.4343748092651 11.341667175293 11.3187503814697 11.109375 10.7624998092651 10.720832824707 9.78333377838135 10.1312494277954 10.7156248092651
12.1135416030884 12.0812501907349 12.0822916030884 12.0687503814697 12.0249996185303 11.9354162216187 12.1083335876465 11.877082824707 11.578125 11.5124998092651 11.5166664123535 11.6593751907349 11.923957824707 11.9666662216187 11.9343748092651 11.7770833969116 11.4583330154419 11.4187498092651 11.4072914123535 11.4125003814697 11.5958337783813 11.6979169845581 11.796875 6.44062519073486 6.44583320617676 6.42604160308838 6.38020801544189 6.25 6.08750009536743 6.03541660308838 6.03645849227905 5.84375 11.4135417938232 11.6843748092651 11.6843748092651 11.6166667938232 11.5031251907349 11.4145832061768 11.310417175293 10.951042175293 11.2760410308838 10.4749994277954 9.34270858764648 9.73541641235352 11.544792175293 11.1916666030884
11.9968748092651 11.9270830154419 12.0218753814697 12.2697916030884 12.1343746185303 12.140625 12.2218751907349 12.0812501907349 12.0208330154419 11.8854169845581 11.9187498092651 12.080207824707 12.1687498092651 11.9031248092651 11.5250005722046 11.4989585876465 11.3562498092651 11.4718751907349 11.6499996185303 11.8218755722046 11.9145832061768 11.9656248092651 6.55625009536743 6.59166669845581 6.52291679382324 6.36249971389771 6.17708301544189 6.05312490463257 6.01458358764648 5.98333358764648 11.4968748092651 11.5906248092651 11.6489582061768 11.6479167938232 11.4645833969116 11.4197912216187 11.3072919845581 11.1333332061768 10.6906251907349 11.1447916030884 10.6354169845581 10.7802085876465 10.4239587783813 11.8979167938232 11.591667175293 11.4708337783813
12.076042175293 12.0947914123535 12.2406253814697 12.3552083969116 12.3802089691162 12.4333333969116 12.3864583969116 12.4666662216187 12.5010414123535 12.4583339691162 12.2218751907349 12.1656246185303 12.013542175293 11.671875 11.6072912216187 11.6416673660278 11.6927080154419 11.8520832061768 12.0072917938232 12.1031255722046 12.1875 12.0947914123535 12.015625 11.8854160308838 11.6708326339722 11.5208330154419 11.4270830154419 11.4208335876465 11.3739585876465 11.4583339691162 11.4854164123535 11.3979167938232 11.3104162216187 11.2906246185303 11.078125 11.0187501907349 11.872917175293 11.3697919845581 10.9010410308838 10.2562503814697 10.0270833969116 10.872917175293 12.0166664123535 11.3947916030884 11.8760414123535 12.1489582061768
12.466667175293 12.4416666030884 12.40625 12.5343751907349 12.6572914123535 12.6291666030884 12.5947914123535 12.6000003814697 12.4989585876465 12.3697919845581 12.1364583969116 12.1770830154419 12.1395835876465 11.8125 11.7218751907349 11.8947916030884 12.1927080154419 12.2729167938232 12.2531251907349 12.122917175293 12.076042175293 11.8697910308838 11.6260414123535 11.4260416030884 11.3645830154419 11.0552082061768 10.8072919845581 10.8645839691162 10.8656253814697 11.0562496185303 11.1156253814697 10.8958330154419 10.7468748092651 10.4927082061768 10.4583330154419 9.94895839691162 10.0406246185303 10.6947917938232 10.7666664123535 11.2197914123535 11.4208335876465 12.080207824707 11.4614582061768 11.7885417938232 12.0375003814697 12.0249996185303
12.4916667938232 12.4385414123535 12.3583335876465 12.4718751907349 12.6197919845581 12.6739587783813 12.6729164123535 12.6302089691162 12.4645833969116 12.3520832061768 12.2281255722046 12.2822914123535 12.1666669845581 12.03125 11.9718751907349 12.0416660308838 12.2947912216187 12.2114582061768 11.955207824707 11.7562503814697 11.1374998092651 10.7895832061768 11.3000001907349 10.5749998092651 10.7166662216187 10.8541669845581 10.5302085876465 10.7760419845581 10.9479169845581 10.7687501907349 10.5270833969116 11.3197917938232 10.3177080154419 10.1052083969116 10.546875 11.2093753814697 10.703125 10.8802080154419 11.294792175293 11.7333335876465 11.96875 12.0635414123535 12.0770835876465 12.1145839691162 12.1354169845581 12.1583337783813
12.7260417938232 12.591667175293 12.4437503814697 12.6010417938232 12.6833333969116 12.8083333969116 12.7156248092651 12.4177083969116 12.2927083969116 12.1968746185303 12.2052087783813 12.3156251907349 12.1156253814697 11.9479160308838 11.9156255722046 12.0843744277954 12.1354169845581 11.8812494277954 11.5208330154419 11.1656246185303 10.2791662216187 10.455207824707 9.24270820617676 9.58750057220459 10.3635416030884 10.2062501907349 9.84166717529297 10.7250003814697 10.4468746185303 10.048957824707 10.330207824707 9.59791660308838 10.6333332061768 10.3947916030884 11.8000001907349 11.1145830154419 11.6729164123535 11.9947910308838 12.189582824707 12.2364587783813 12.3333339691162 12.2958335876465 12.3781251907349 12.5010414123535 12.4302082061768 12.3687496185303
12.7760419845581 12.6125001907349 12.546875 12.7260417938232 12.8479166030884 7.49270820617676 12.7312498092651 12.3052082061768 12.2197914123535 12.125 12.0531253814697 12.0583333969116 12.2062501907349 12.0864582061768 11.9885416030884 11.9072923660278 11.8697919845581 11.5552082061768 11.3020830154419 10.9468746185303 10.6020832061768 9.02916622161865 8.08645820617676 9.09791660308838 8.38333320617676 8.55104160308838 9.14583301544189 8.81979179382324 9.52708339691162 9.74791717529297 9.58541679382324 10.3229169845581 10.109375 10.6010417938232 10.9562501907349 12.4124994277954 12.5843753814697 12.5145826339722 12.3677082061768 12.2552089691162 12.2468748092651 12.3135414123535 12.3833332061768 12.4791669845581 12.5322914123535 12.3197917938232
12.7072916030884 12.7124996185303 12.8208332061768 12.8500003814697 12.8447914123535 12.9572916030884 13.0124998092651 12.6677083969116 12.5333337783813 12.4052085876465 12.236457824707 12.15625 12.234375 12.0625 11.8947916030884 11.7312498092651 11.4760417938232 11.0583333969116 10.2114582061768 9.32291603088379 9.49374961853027 8.70729160308838 8.14270877838135 7.46145820617676 7.984375 8.34583377838135 8.91354179382324 9.55833339691162 9.58020877838135 9.25416660308838 9.54374980926514 9.83333301544189 10.3270835876465 10.8916664123535 11.8104162216187 12.7156248092651 12.8041667938232 12.7583332061768 12.609375 12.5406246185303 12.5572919845581 12.4749994277954 12.3979167938232 12.4468746185303 12.6812496185303 12.7239580154419
7.375 7.42916679382324 7.26979207992554 12.7124996185303 12.6958332061768 12.6312503814697 12.7197914123535 12.8062496185303 12.8781251907349 12.796875 12.6458330154419 12.4479160308838 12.3052082061768 12.0385417938232 11.8322916030884 11.5166664123535 10.5812492370605 10.3208332061768 9.73645782470703 9.11250019073486 9.12083339691162 8.33645820617676 7.75104188919067 8.26145839691162 9.61458301544189 9.92604160308838 9.29166698455811 9.90416717529297 10.404167175293 10.8822917938232 11.1958332061768 10.8729162216187 10.9791669845581 11.5406246185303 12.5114583969116 12.9770832061768 12.7291669845581 12.5249996185303 12.5927085876465 12.6374998092651 12.5520830154419 12.4718751907349 12.5791664123535 12.71875 12.7531251907349 14.2541666030884
7.36875009536743 7.35520839691162 7.13958311080933 12.6187496185303 12.5812501907349 12.5874996185303 12.5854167938232 12.5822916030884 12.5979166030884 12.8166666030884 12.8822917938232 12.5770835876465 12.3270835876465 12.0187501907349 11.9833335876465 11.5208330154419 10.5885419845581 10.5083332061768 10.2166662216187 9.98229217529297 9.21041679382324 9.30520820617676 10.3197917938232 10.6531248092651 10.8874998092651 10.4458332061768 10.984375 11.3677082061768 11.5281248092651 11.0562505722046 11.4322919845581 12.1791667938232 12.3427076339722 12.701042175293 13.0979166030884 12.9645833969116 12.859375 12.8947916030884 12.8229160308838 12.7322912216187 12.8062496185303 12.8552083969116 12.9156246185303 12.9135417938232 12.984375 13.0697917938232
7.44270849227905 7.41666698455811 7.31666660308838 12.6770830154419 12.4187498092651 12.4416666030884 12.4468746185303 12.5552082061768 12.5416669845581 12.8531246185303 12.7770833969116 12.5302085876465 12.3427085876465 12.2093753814697 12.185417175293 12.2020835876465 11.8885412216187 10.9302082061768 10.2604169845581 9.66041660308838 9.14895820617676 10.0062503814697 10.4791669845581 10.7979164123535 11.4624996185303 11.4875001907349 11.7281246185303 12.3770837783813 12.9145832061768 13.0354166030884 12.9781246185303 13.0406246185303 13.1031246185303 13.1468753814697 13.2375001907349 13.1927089691162 13.185417175293 13.064582824707 12.9895830154419 13.048957824707 13.0958337783813 14.5062503814697 12.96875 12.9833335876465 12.9989585876465 12.9010419845581
7.32500028610229 7.37187528610229 7.27812480926514 12.7572917938232 12.5604162216187 12.5427083969116 12.6999998092651 12.6791667938232 12.794792175293 12.9760417938232 12.6000003814697 12.3947916030884 12.4718751907349 12.4166669845581 12.0979166030884 11.8166666030884 11.6343746185303 10.6312503814697 9.62083339691162 9.53645801544189 9.29583358764648 10.502082824707 11.3354167938232 11.560417175293 11.53125 11.9552087783813 12.5124998092651 13.0239582061768 13.2302083969116 13.28125 13.2093753814697 13.0802087783813 13.046875 13.0822916030884 13.0218753814697 13.2104167938232 13.3468751907349 13.2916669845581 13.3552083969116 13.3979167938232 14.8718748092651 14.7822914123535 14.671875 14.5010414123535 14.4833335876465 14.4395837783813
7.25416660308838 7.20000028610229 7.15416669845581 12.779167175293 12.7510414123535 12.75 12.8052082061768 12.9010419845581 13.0843753814697 12.8260412216187 12.6427087783813 12.6614589691162 12.4656248092651 12.1906251907349 12.1958332061768 11.8385410308838 11.9916667938232 11.3989582061768 10.3708333969116 10.3656253814697 10.8562498092651 11.0572919845581 11.0854167938232 11.1791667938232 11.997917175293 12.3885412216187 12.8895835876465 13.1395835876465 13.3041667938232 13.4885416030884 13.5874996185303 13.4760417938232 13.4958333969116 13.5718746185303 13.6052083969116 13.6270837783813 13.5677080154419 13.4833335876465 13.4229164123535 14.9468746185303 14.9395837783813 14.7229166030884 14.5593748092651 14.5270833969116 14.5677080154419 14.658332824707
7.50624990463257 7.49895811080933 13.0458335876465 13.0510416030884 13.0375003814697 13.0458335876465 13.1635417938232 13.2739582061768 13.2447919845581 12.7062501907349 12.5895833969116 12.4666662216187 12.1989583969116 12.1531248092651 12.3125 12.0427083969116 11.8208332061768 11.9937496185303 11.1541662216187 11.4166669845581 10.9552087783813 10.5302085876465 11.0572919845581 11.5187501907349 12.0479164123535 12.5187501907349 12.908332824707 13.0645837783813 13.0677080154419 13.5218753814697 13.6541662216187 13.6937494277954 13.8427085876465 13.8302087783813 13.7489585876465 13.4468755722046 13.3531246185303 13.3885412216187 15.1520833969116 15.0572919845581 14.8312501907349 14.6937503814697 14.6531248092651 14.6145830154419 14.5770835876465 14.8854160308838
7.47187471389771 7.53854179382324 13.2385416030884 7.75416660308838 13.3947916030884 13.4052085876465 13.4468755722046 13.357292175293 13.1697912216187 12.7666664123535 12.6572914123535 12.5395832061768 12.2666673660278 12.3125 12.4333333969116 12.0510416030884 12 10.7239580154419 10.5322914123535 11.1552085876465 10.9677085876465 11.1854162216187 11.5791664123535 11.2562503814697 12.4447917938232 12.8989582061768 13.0635414123535 13.0187501907349 13.076042175293 13.4187498092651 13.7229166030884 13.8197917938232 13.923957824707 13.9375 13.6947917938232 13.4947919845581 13.4229164123535 13.4875001907349 13.6125001907349 15.2177085876465 14.9906253814697 14.8697919845581 14.9739589691162 14.9510412216187 14.935417175293 15.140625
7.49687480926514 7.62708330154419 7.74479150772095 7.80625009536743 13.3208332061768 13.2354164123535 13.2468748092651 13.220832824707 13.0166664123535 12.8041667938232 12.2322912216187 12.3677082061768 12.4156246185303 12.3041667938232 12.2479162216187 11.8322916030884 11.0229167938232 9.87708377838135 10.828125 11.4916667938232 11.1010417938232 11.7875003814697 11.9093751907349 12.2468748092651 13.0093755722046 12.997917175293 12.8833332061768 12.8760414123535 13.0187501907349 13.1833333969116 13.5874996185303 13.8510417938232 13.9833335876465 14.0541667938232 13.9739580154419 14.0041666030884 13.8447914123535 13.6729164123535 13.6499996185303 13.5187501907349 13.423957824707 14.9916667938232 15.0812501907349 15.140625 15.1791667938232 15.201042175293
7.58020830154419 7.828125 7.94062519073486 7.78437519073486 13.3604164123535 13.3708333969116 13.2572917938232 13.0458326339722 12.5614585876465 12.7208337783813 12.0572919845581 11.8666667938232 12.2729167938232 12.482292175293 12.4718751907349 11.9750003814697 11.0979166030884 10.6937503814697 11.1812496185303 11.46875 11.6854162216187 12.2208337783813 12.5614585876465 13.015625 12.9916667938232 12.9166669845581 12.8552083969116 13.0031251907349 13.09375 13.3947916030884 13.685417175293 13.9635419845581 14.0374994277954 13.6729164123535 13.7562503814697 14.1156244277954 14.3385410308838 14.2791662216187 13.9645833969116 13.4145832061768 13.5239582061768 15.2395839691162 15.091667175293 14.890625 14.6156253814697 14.8999996185303
7.71354150772095 7.94270849227905 7.90729188919067 7.82395839691162 13.3874998092651 13.3895835876465 13.1895837783813 13.0479164123535 12.9125003814697 12.7114582061768 12.2239580154419 12.3062496185303 12.140625 12.2927083969116 12.5343751907349 12.2114582061768 11.2093744277954 11.1999998092651 11.502082824707 11.4718751907349 12.127082824707 12.4520835876465 12.9614582061768 13.3822917938232 13.4427080154419 13.3979167938232 13.2729167938232 13.2760419845581 13.4270830154419 13.6656246185303 13.9541664123535 14.0635414123535 13.8218746185303 13.3479166030884 13.4447917938232 13.8499994277954 14.2333335876465 14.2906246185303 14.2333335876465 13.8760423660278 13.9791669845581 14.0906248092651 15.7208337783813 13.9458332061768 13.736457824707 15.2156248092651
7.875 7.91875028610229 7.79062461853027 7.82187509536743 7.83125019073486 13.265625 13.1979169845581 13.2156248092651 13.1916675567627 12.7260417938232 12.3427085876465 12.6510419845581 12.3822917938232 12.2156248092651 12.798957824707 11.9572916030884 11.3979167938232 10.8333330154419 11.140625 11.4562501907349 12.1677083969116 12.6031246185303 13.0697917938232 13.2916660308838 13.4385414123535 13.4927082061768 13.6208333969116 13.6979160308838 13.7468748092651 13.951042175293 14.1000003814697 14.0697917938232 13.9489583969116 13.7218751907349 13.701042175293 13.8739585876465 14.015625 14.0625 14.1635417938232 14.1500005722046 14.1979169845581 14.2239580154419 14.2395830154419 14.1875 14.142707824707 14.1083335876465
