input_data/future_climate/BCC_CSM2_126/bio8_a.asc
ncols  331
nrows  193
xllcorner  17.833372883333
yllcorner  37.9999896166667
cellsize 0.1666667
NODATA_value  -9999
[rows 168 to 188 of 193, columns 230 to 275 of 331]
14.4875001907349 14.533332824707 14.4177083969116 14.328125 14.375 13.9541664123535 12.6218748092651 12.5229167938232 13.0375003814697 14.6020832061768 14.7739582061768 14.7572917938232 14.8239583969116 14.8739585876465 14.8374996185303 14.919792175293 15.0281248092651 15.0541667938232 14.9677085876465 15.0625 15.1010417938232 15.0687503814697 15.095832824707 15.0135412216187 15.0843753814697 14.7822914123535 14.5864582061768 14.5739583969116 15.0708332061768 15.3177080154419 15.5968751907349 15.6760416030884 15.8343753814697 15.9802083969116 15.9885416030884 16.0125007629395 15.9187498092651 15.8177080154419 15.857292175293 8.38749980926514 8.43645858764648 8.65416717529297 8.29270839691162 8.29166698455811 15.7281246185303 8.55312538146973
14.4468746185303 14.4927082061768 14.4802083969116 14.375 14.4479169845581 13.6385412216187 12.7218751907349 12.6802082061768 12.7718753814697 13.9291667938232 14.9875001907349 15.0562496185303 15.0864582061768 15.171875 15.2104167938232 15.078125 15.173957824707 15.2895832061768 15.4864587783813 15.3937501907349 15.2197914123535 15.2291660308838 15.3010416030884 15.1791667938232 15.1020832061768 15.1937503814697 15.345832824707 15.3864583969116 15.4510412216187 15.5437498092651 15.6458330154419 15.7958335876465 16.0989589691162 16.2104167938232 16.2458343505859 16.2697906494141 8.70624923706055 8.70625019073486 8.84062480926514 8.77083396911621 8.64999961853027 8.65312480926514 8.59062480926514 8.63541698455811 8.77916717529297 8.83437538146973
14.408332824707 14.4520835876465 14.5520839691162 14.4354162216187 14.564582824707 14.3854169845581 13.6729173660278 12.9885416030884 12.9802083969116 13.4208335876465 14.9520835876465 15.3802080154419 15.328125 15.3343753814697 15.359375 15.265625 15.3520832061768 15.5552082061768 15.7104167938232 15.765625 15.6906251907349 15.5833330154419 15.6281251907349 15.4729166030884 15.2572917938232 15.1958332061768 15.2229166030884 15.4614582061768 15.5531253814697 15.7947912216187 15.9364585876465 16.1687507629395 16.3500003814697 16.4541664123535 16.4833335876465 16.470832824707 8.98854160308838 9.08541679382324 9.14583301544189 8.96562480926514 8.85624980926514 8.89687442779541 9.01249980926514 8.74374961853027 8.80312442779541 8.80208301544189
14.455207824707 14.3666667938232 14.5395832061768 14.5552082061768 14.6739587783813 15.1791667938232 14.9895830154419 14.5437498092651 14.8656253814697 15.5250005722046 15.6229162216187 15.5416669845581 15.513542175293 15.5052080154419 15.5572910308838 15.654167175293 15.8979167938232 16.013542175293 16.048957824707 16.0697917938232 16.0406246185303 15.8843746185303 15.7291669845581 15.5541667938232 15.5375003814697 15.4270830154419 15.470832824707 15.3937492370605 15.5500001907349 15.8520832061768 16.1885414123535 16.3916664123535 16.497917175293 16.6343746185303 16.689582824707 16.7625007629395 9.27395820617676 9.41041660308838 9.36770820617676 9.17395877838135 9.06770801544189 9.05416679382324 9.02812480926514 8.89375019073486 8.75520801544189 8.71770858764648
14.7114582061768 14.4447917938232 14.4354162216187 14.6614580154419 14.9354162216187 15.2666664123535 15.4635410308838 15.6354169845581 15.6906251907349 15.7062501907349 15.669792175293 15.6281251907349 15.673957824707 15.7749996185303 15.9499998092651 16.0687503814697 16.1000003814697 16.1531257629395 16.1749992370605 16.171875 16.1666660308838 16.1822910308838 16.1468753814697 15.9635419845581 15.7458333969116 15.5333337783813 15.4354162216187 15.4499998092651 15.5625 15.7312498092651 16.1312503814697 16.502082824707 16.6520824432373 16.7906246185303 16.8093757629395 16.8510417938232 9.45937442779541 9.49375057220459 9.39895820617676 9.31458282470703 9.16041660308838 9.10416698455811 8.89895820617676 8.73958301544189 8.62291622161865 8.45104217529297
15.0729169845581 14.6760416030884 14.4854164123535 14.6802082061768 15.0749998092651 15.4749994277954 15.6208333969116 15.8249998092651 15.7749996185303 15.7593746185303 15.8874998092651 15.96875 16.0395832061768 16.09375 16.0718746185303 16.1635417938232 16.1947917938232 16.2291660308838 16.263542175293 16.2687492370605 16.279167175293 16.3156242370605 16.3166675567627 9.06458377838135 9.02604103088379 8.98645782470703 15.9177083969116 16.0260410308838 16.0927085876465 16.0354156494141 16.1333332061768 16.173957824707 16.2291660308838 16.5750007629395 16.953125 9.55729198455811 9.55312538146973 9.51249980926514 9.52083301544189 9.43229198455811 9.26354217529297 9.11250019073486 16.0114574432373 15.6729164123535 15.015625 7.96875
15.5354166030884 15.6364583969116 15.7062492370605 14.9916667938232 15.2510414123535 15.578125 15.7583332061768 15.908332824707 15.9020833969116 16.0687503814697 16.1479167938232 16.328125 16.4500007629395 16.419792175293 16.3062496185303 16.392707824707 16.3822917938232 16.3479175567627 16.3531246185303 16.3510417938232 16.4020824432373 16.4031257629395 9.19791698455811 9.20937538146973 9.22708320617676 9.25312519073486 9.39270782470703 16.6010417938232 16.5583324432373 16.5979175567627 16.7447910308838 16.1614589691162 16.2135410308838 16.8604164123535 16.8010425567627 9.61666679382324 17.0625 9.69062519073486 9.69895839691162 9.58645820617676 9.60833358764648 9.57916641235352 9.50833320617676 15.7729167938232 8.34375 8.33437538146973
16.2406253814697 16.3177089691162 16.2875003814697 15.6447916030884 15.3072910308838 15.6260414123535 15.8135414123535 15.8968744277954 16.0770835876465 16.296875 16.298957824707 16.3635406494141 16.5979156494141 16.5406246185303 16.564582824707 16.5989589691162 16.5239582061768 16.486457824707 16.5 16.4739589691162 9.26979160308838 9.31770801544189 9.35624980926514 9.35624980926514 9.34791660308838 9.40104198455811 9.54479122161865 9.57291698455811 9.57708358764648 16.7218742370605 16.8583335876465 16.9697914123535 16.8635406494141 16.3687496185303 16.888542175293 17.0229167938232 17.1666660308838 17.1374988555908 9.85416698455811 9.76770877838135 9.80729198455811 9.66041660308838 9.39895820617676 8.953125 8.39791679382324 8.30624961853027
16.2927093505859 16.3864593505859 16.3989582061768 16.3968753814697 15.4416666030884 15.7395830154419 15.9177083969116 16.107292175293 16.2114582061768 16.3208332061768 16.3531246185303 16.4416675567627 16.6010417938232 16.7291660308838 16.747917175293 16.6958332061768 16.6187496185303 16.595832824707 16.6052074432373 9.44479179382324 9.39999961853027 9.453125 9.44791698455811 9.49895858764648 9.52291679382324 9.49895858764648 9.63645839691162 9.67604160308838 9.73333358764648 16.796875 16.8760414123535 17.0395832061768 17.2041664123535 17.111457824707 16.9968757629395 16.9885425567627 10.0552082061768 10.0947914123535 10.0906248092651 10 10.0354166030884 9.98854160308838 9.875 9.66041660308838 9.22499942779541 8.51979160308838
16.1625003814697 16.2999992370605 16.4166660308838 16.4968738555908 16.220832824707 15.8010416030884 16.0052089691162 16.2250003814697 16.2062511444092 16.2708339691162 16.392707824707 16.5395832061768 16.7218742370605 16.8541660308838 16.8895835876465 16.8468742370605 16.8187503814697 9.68645858764648 9.67812442779541 9.61458301544189 9.58333301544189 9.61458396911621 9.61562538146973 9.61145877838135 9.65312480926514 9.65312480926514 9.71666622161865 16.8385410308838 16.8843746185303 16.9125003814697 9.96041679382324 10.0583333969116 17.1937503814697 10.1906251907349 10.2427082061768 17.0687503814697 17.1468753814697 17.3270835876465 10.2114582061768 10.1770830154419 10.201042175293 10.1854162216187 10.0885419845581 9.98541641235352 9.90729141235352 9.66979122161865
15.8739585876465 16.216667175293 16.4093742370605 16.4958324432373 16.486457824707 16.1395835876465 16.0593757629395 16.2041664123535 16.21875 16.2250003814697 16.4093742370605 16.6520843505859 16.877082824707 17.017707824707 10.0541667938232 10.0041666030884 9.95937442779541 9.90520858764648 9.82604122161865 9.80520820617676 9.82916641235352 9.83541679382324 9.83854198455811 9.81666660308838 9.83020877838135 9.86145782470703 9.90000057220459 9.96145820617676 10.015625 10.0843753814697 10.140625 10.1885414123535 10.2843751907349 10.3812503814697 10.4187498092651 10.4750003814697 17.091667175293 17.189582824707 10.3854169845581 10.4468755722046 10.4541664123535 10.3843746185303 10.1666660308838 10.0666666030884 9.74479198455811 9.95520877838135
15.8885412216187 16.1468753814697 16.4114589691162 16.6124992370605 16.6062507629395 16.1416664123535 16.0145835876465 9.50208377838135 9.56562519073486 9.57187557220459 9.74270820617676 9.90104198455811 10.1083335876465 10.2979164123535 10.3312501907349 10.328125 10.1989583969116 10.1177082061768 10.0249996185303 9.98958301544189 9.97083282470703 9.96562576293945 9.94166660308838 9.94270801544189 9.96458339691162 9.98750019073486 9.99062538146973 10.0729169845581 10.1395835876465 10.185417175293 10.1854162216187 10.3156251907349 10.4166669845581 10.4145832061768 10.4656248092651 10.59375 10.622917175293 10.5697917938232 10.673957824707 10.6916666030884 10.6781253814697 10.6520833969116 10.6364583969116 10.5843744277954 10.4520835876465 10.3093748092651
16.1104164123535 16.2916660308838 16.6947917938232 16.96875 10.2291669845581 9.94895839691162 9.65833377838135 9.67604160308838 9.80312442779541 9.97916698455811 10.0979166030884 10.2375001907349 10.3874998092651 10.5281248092651 10.6041669845581 10.5093755722046 10.4447917938232 10.2885417938232 10.1781253814697 10.1062498092651 10.0687503814697 10.0625 10.0437498092651 10.0718746185303 10.127082824707 10.1427087783813 10.1385412216187 10.2260417938232 10.2562503814697 10.2916660308838 10.377082824707 10.4229164123535 10.5104169845581 10.560417175293 10.6333332061768 10.7385416030884 10.7875003814697 10.8135414123535 10.8635416030884 10.8916664123535 10.8468751907349 10.8635416030884 10.9197912216187 10.8770837783813 10.8583335876465 10.7875003814697
10.4791660308838 10.6708335876465 10.7906246185303 10.8031253814697 10.6812496185303 10.529167175293 10.3343753814697 10.2489585876465 10.3052082061768 10.4010419845581 10.4510412216187 10.5760412216187 10.6812496185303 10.7270832061768 10.6927080154419 10.6145830154419 10.5416669845581 10.5697917938232 10.4572916030884 10.3072919845581 10.234375 10.1395835876465 10.1479167938232 10.216667175293 10.3156251907349 10.3374996185303 10.3385419845581 10.372917175293 10.3854169845581 10.4447917938232 10.4781246185303 10.5104169845581 10.6364583969116 10.6947917938232 10.767707824707 10.8760414123535 10.9312496185303 11.0052080154419 10.9916667938232 11.0395832061768 11.0427083969116 11.0989580154419 11.1541662216187 11.1489582061768 11.1520833969116 11.0645837783813
11.2541666030884 11.189582824707 11.1635417938232 11.0572910308838 10.9343748092651 10.8791666030884 10.765625 10.7375001907349 10.7562503814697 10.8374996185303 10.828125 10.8072919845581 10.8572912216187 10.8500003814697 10.8156251907349 10.7104167938232 10.6510419845581 10.5906248092651 10.5989580154419 10.6062498092651 10.5541667938232 10.3541669845581 10.2760419845581 10.2937498092651 10.3354167938232 10.3656253814697 10.3958330154419 10.4875001907349 10.5593748092651 10.5916662216187 10.6229162216187 10.6750001907349 10.7114582061768 10.8625001907349 10.8781251907349 10.9760417938232 11.044792175293 11.1979169845581 11.0947914123535 11.1322917938232 11.2531251907349 11.2718753814697 11.3583335876465 11.4135417938232 11.234375 11.3802080154419
11.6510419845581 11.5583333969116 11.5541667938232 11.4854164123535 11.3822917938232 11.2749996185303 11.1114587783813 11.1166667938232 11.1125001907349 11.1395835876465 11.1177082061768 11.1052083969116 11.0833330154419 10.9812498092651 10.8802080154419 10.8270835876465 10.7750005722046 10.7666664123535 10.7385416030884 10.7520837783813 10.7843751907349 10.7614583969116 10.6166667938232 10.6500005722046 10.7156248092651 10.423957824707 10.5114583969116 10.6750001907349 10.71875 10.7270832061768 10.7416667938232 10.8020830154419 10.8291664123535 10.9270830154419 11.0041666030884 11.1635417938232 11.283332824707 11.3322916030884 11.4208326339722 11.40625 11.3666667938232 11.5708332061768 11.65625 11.671875 11.5052089691162 11.294792175293
6.20104169845581 6.23333311080933 6.23229169845581 6.19062519073486 11.7645826339722 11.6520833969116 11.5302085876465 11.5041666030884 11.5197916030884 11.4156246185303 11.3177080154419 11.283332824707 11.2437496185303 11.0854167938232 10.9468755722046 10.9875001907349 10.9833335876465 11.0072917938232 10.9906244277954 10.984375 10.9770832061768 10.9281253814697 10.8833332061768 10.9479169845581 10.9624996185303 10.8812503814697 10.9385414123535 11.0239582061768 11.0437498092651 11.1135416030884 11.1197919845581 11.1802082061768 11.2510414123535 11.2906246185303 11.3020830154419 11.4583339691162 11.3989582061768 11.451042175293 11.6104164123535 11.6635417938232 11.6656246185303 11.5416669845581 11.6708326339722 11.8635416030884 11.8635416030884 11.4385414123535
6.01875019073486 6.15416669845581 6.41770839691162 6.47083330154419 6.40520811080933 12.0479164123535 11.96875 11.8739585876465 11.841667175293 11.8072919845581 11.6468753814697 11.4958333969116 11.4208335876465 11.298957824707 11.1260414123535 11.1645832061768 11.1750001907349 11.2468748092651 11.2604169845581 11.2406244277954 11.2416667938232 11.2260417938232 11.2395839691162 11.3093748092651 11.1708335876465 11.1927080154419 11.2156248092651 11.265625 11.3791666030884 11.3645830154419 11.40625 11.4156246185303 11.5010414123535 11.5645837783813 11.5562505722046 11.5239582061768 11.5854167938232 11.5718746185303 11.736457824707 11.8458337783813 11.939582824707 11.6947917938232 11.421875 11.6260414123535 11.9083337783813 6.15104150772095
5.95729160308838 6.1875 6.47708320617676 6.75104188919067 6.77395820617676 6.75520849227905 12.3791666030884 12.3208332061768 12.2624998092651 12.1937503814697 12.03125 11.8427085876465 11.6875 11.5572919845581 11.4875001907349 11.4562501907349 11.455207824707 11.4604167938232 11.4499998092651 11.4562501907349 11.4572916030884 11.4760417938232 11.484375 11.5114583969116 11.4947919845581 11.5125007629395 11.5479173660278 11.4895830154419 11.4302082061768 11.5010414123535 11.5520830154419 11.5770826339722 11.5802087783813 11.7041664123535 11.6260414123535 11.6708335876465 11.8114585876465 11.8645830154419 11.8468751907349 11.7239580154419 11.9947910308838 11.9031248092651 12.0718746185303 11.8114585876465 6.07395839691162 6.21770858764648
6.07604169845581 6.15104150772095 6.69791650772095 7.02812480926514 7.14895820617676 7.125 12.7020835876465 12.6635417938232 12.6104164123535 12.5354166030884 12.3708333969116 12.1760416030884 12.0510416030884 11.8739585876465 11.7864580154419 11.6906251907349 11.6624994277954 11.6479167938232 11.6552085876465 11.6781253814697 11.6927080154419 11.6708335876465 11.6833333969116 11.6937503814697 11.6885414123535 11.6499996185303 11.6656246185303 11.7010412216187 11.6479167938232 11.6385412216187 11.7312498092651 11.7666673660278 11.7416667938232 11.8947916030884 11.8854169845581 12.0052080154419 12.060417175293 11.970832824707 12.1125001907349 12.2062501907349 12.2395830154419 12.2770833969116 12.3625001907349 6.38020849227905 6.38749980926514 6.32187509536743
11.4718751907349 10.4499998092651 10.9583330154419 6.85208368301392 7.21562480926514 7.27187490463257 7.40416669845581 13.0239582061768 12.84375 12.6604166030884 12.5770835876465 12.3843755722046 12.2260417938232 12.122917175293 11.9770832061768 11.8541669845581 11.7718744277954 11.7770833969116 11.7822914123535 11.7083330154419 11.814582824707 11.7354164123535 11.7291660308838 11.8510417938232 11.8781251907349 11.8874998092651 11.8229169845581 11.8447914123535 11.7875003814697 11.8010416030884 11.7875003814697 11.9635410308838 12.0281248092651 12.080207824707 12.1645832061768 12.2520837783813 12.2760419845581 12.203125 12.4416666030884 12.4124994277954 12.40625 12.4302082061768 6.46979188919067 6.58750009536743 6.68645858764648 6.74583339691162
