input_data/future_climate/BCC_CSM2_126/bio8_a.asc
ncols  331
nrows  193
xllcorner  17.833372883333
yllcorner  37.9999896166667
cellsize 0.1666667
NODATA_value  -9999
[rows 126 to 146 of 193, columns 46 to 91 of 331]
16.7218742370605 16.919792175293 17.0927085876465 17.3385410308838 17.3250007629395 17.1437492370605 17.2385425567627 17.2177085876465 17.234375 17.2854156494141 17.1322917938232 17.2093753814697 17.4072914123535 17.513542175293 17.6468753814697 17.859375 18.0791664123535 18.1885414123535 18.0208339691162 17.8083324432373 17.658332824707 17.6239585876465 17.5989589691162 19.59375 19.857292175293 20.3343753814697 20.8718757629395 21.3447914123535 21.1520843505859 20.919792175293 20.4604167938232 19.9989585876465 19.877082824707 19.904167175293 19.8916664123535 19.997917175293 19.9927082061768 19.9760417938232 20.1749992370605 20.2156238555908 20.3187503814697 20.6875 21.220832824707 21.8093757629395 22.2229156494141 22.8125
16.9468746185303 17.2802085876465 17.345832824707 17.3875007629395 17.5552082061768 17.5145835876465 17.3833332061768 17.216667175293 17.2177085876465 17.2427082061768 17.2312507629395 17.3187503814697 17.5260410308838 17.595832824707 17.6645832061768 17.9249992370605 17.923957824707 17.9791679382324 18.0947914123535 17.9958343505859 17.8531246185303 17.669792175293 17.5062503814697 17.7729167938232 18.0229167938232 20.0499992370605 20.392707824707 20.6812496185303 20.7156257629395 20.5687503814697 20.497917175293 20.3937492370605 20.2395839691162 20.2104167938232 20.173957824707 20.044792175293 19.8989582061768 19.96875 20.1989574432373 20.2093753814697 20.6239585876465 20.8447914123535 20.9968757629395 21.5499992370605 22.0260410308838 22.4916667938232
17.2916660308838 17.4916667938232 17.7135410308838 17.6822910308838 17.7864589691162 17.752082824707 17.8291664123535 17.3322906494141 17.2708339691162 17.4322910308838 17.451042175293 17.5833320617676 17.7281246185303 17.9593753814697 18.0375003814697 18.1364593505859 18.1104164123535 17.908332824707 17.8645839691162 17.9322910308838 17.8916664123535 17.9135417938232 17.8802089691162 17.8135414123535 17.8656253814697 18.1437492370605 18.326042175293 18.4114589691162 20.4604167938232 20.6291675567627 20.5572910308838 20.6677093505859 20.6833324432373 20.6677074432373 20.6927089691162 20.6322917938232 20.4093761444092 20.3854160308838 20.4583339691162 20.548957824707 20.703125 20.8760414123535 21.0406246185303 21.640625 22.0229167938232 20.330207824707
17.6010417938232 17.8854160308838 18.0927085876465 18.1479167938232 17.984375 18.0708332061768 18.1625003814697 18.0854167938232 17.7562503814697 17.7749996185303 17.8802089691162 18.0750007629395 18.283332824707 18.3677082061768 18.4187507629395 18.5062503814697 18.2958335876465 18.1145839691162 18.0270824432373 17.8156242370605 17.8343753814697 17.8406257629395 17.9593753814697 17.9885406494141 18.060417175293 18.1781253814697 18.2447910308838 18.375 18.6531257629395 20.720832824707 20.8447914123535 21.0749988555908 21.0041656494141 21.0395832061768 21.1906242370605 21.1312503814697 20.997917175293 20.783332824707 20.8250007629395 21.0552082061768 21.310417175293 21.2041664123535 19.5395832061768 19.7385406494141 20.0010414123535 20.2260417938232
17.8625011444092 18.2354164123535 18.0822925567627 17.6520843505859 17.9593753814697 18.1791667938232 18.3843746185303 18.2927093505859 17.9437503814697 17.7999992370605 17.9364585876465 18.125 18.5062503814697 18.7354164123535 18.6260414123535 18.6864585876465 18.5885410308838 18.4312496185303 18.2156257629395 18.0739574432373 17.826042175293 17.921875 17.8697910308838 17.9770832061768 18.080207824707 18.263542175293 18.3197917938232 18.4500007629395 18.796875 18.830207824707 19.0822906494141 21.3406257629395 21.6197910308838 21.7083339691162 21.8708343505859 21.9697914123535 21.752082824707 21.4125003814697 21.234375 21.25 19.5218753814697 21.6000003814697 19.720832824707 19.796875 19.9145832061768 20.1489582061768
17.1343746185303 17.5072917938232 18.3468742370605 18.5187492370605 18.705207824707 18.7041664123535 18.658332824707 18.6156253814697 18.5375003814697 18.4020824432373 18.392707824707 18.4572906494141 18.5145835876465 18.7302093505859 18.6760425567627 18.830207824707 18.9437503814697 18.845832824707 18.6416664123535 18.234375 17.9270839691162 17.8114585876465 17.9072914123535 18.125 18.076042175293 18.1552085876465 18.4541664123535 18.794792175293 19.0677089691162 19.2104167938232 19.220832824707 21.5625 22.029167175293 22.1614589691162 22.497917175293 22.625 22.2104167938232 19.4333324432373 19.2708339691162 19.423957824707 19.5749988555908 19.8083343505859 19.8072910308838 19.763542175293 19.908332824707 20.0979156494141
16.6802082061768 17.3125 17.6520824432373 17.888542175293 18.2979164123535 18.6677093505859 18.9406242370605 19.0552082061768 18.9750003814697 19.0416660308838 18.7937507629395 18.8343753814697 18.841667175293 18.9104156494141 18.953125 18.9375 18.747917175293 19.0302085876465 19.0833339691162 18.7260417938232 18.2218742370605 18.1156253814697 17.9364585876465 18.0968742370605 18.201042175293 18.4093742370605 18.6000003814697 18.8677082061768 19.1760406494141 19.3697910308838 19.5947914123535 22.1187496185303 22.298957824707 22.4406242370605 22.6729164123535 22.6864585876465 22.4458332061768 19.5531253814697 19.4968757629395 19.7281246185303 19.8541679382324 19.9260425567627 19.8625011444092 19.7854156494141 20.0635414123535 20.2770824432373
15.5458335876465 16.966667175293 17.7385406494141 18.0208339691162 18.267707824707 18.9125003814697 19.2593746185303 19.3635406494141 19.3229160308838 19.2666664123535 19.1499996185303 18.9739589691162 18.9760417938232 19.0437507629395 19.0187492370605 19.140625 19.1041679382324 18.8447914123535 18.5552082061768 18.7666664123535 18.5739593505859 18.5614585876465 18.3364582061768 18.1760406494141 18.3677082061768 18.544792175293 18.7781257629395 19.064582824707 19.3333339691162 19.533332824707 19.6656246185303 19.8270835876465 19.9270839691162 20.1666679382324 20.1177082061768 20.0989589691162 20.2135410308838 20.0343742370605 19.9479160308838 19.8875007629395 19.9500007629395 20.0395832061768 20.0208339691162 20.0104160308838 20.1260414123535 20.3322906494141
14.3322916030884 15.673957824707 17.7666664123535 18.1833324432373 18.095832824707 18.6989574432373 19.21875 19.5593757629395 19.3552074432373 19.3937492370605 19.5239582061768 19.3239593505859 19.2572917938232 19.125 19.1354160308838 19.0427093505859 19.0322914123535 19.2562503814697 18.7229175567627 18.6322917938232 18.736457824707 18.8635406494141 18.6875 18.6302089691162 18.5218753814697 18.6156253814697 18.9052085876465 19.21875 19.4739589691162 19.580207824707 19.7614593505859 19.9125003814697 20.1572914123535 20.377082824707 20.5437507629395 20.4302082061768 20.4229164123535 20.3812503814697 20.3052082061768 20.2572917938232 20.1343746185303 20.1458339691162 20.0208339691162 20.048957824707 20.267707824707 20.3854160308838
15.2135419845581 15.7020835876465 17.1010417938232 18.0531253814697 18.658332824707 18.7760410308838 18.9302082061768 18.8031253814697 19.5531253814697 19.6875 19.7572917938232 19.716667175293 19.5927085876465 19.4343757629395 19.2666664123535 19.3895835876465 19.4072914123535 19.5864582061768 19.763542175293 19.3020839691162 18.8947925567627 19.1364574432373 19.1010417938232 19.015625 18.7572917938232 18.8374996185303 18.9968757629395 19.25 19.65625 19.8187503814697 19.8968753814697 20.0395832061768 20.1614589691162 20.372917175293 20.7645835876465 20.7229156494141 20.5093746185303 20.6572914123535 20.4614582061768 20.4677085876465 20.2604179382324 20.1604156494141 19.997917175293 20.0989589691162 20.28125 20.330207824707
13.6197910308838 15.1614580154419 15.9104166030884 17.3864593505859 18.4104156494141 18.5874996185303 18.705207824707 18.404167175293 19.4010429382324 19.9229164123535 20.0427093505859 19.841667175293 19.8010406494141 19.7510414123535 19.4635410308838 19.0187492370605 19.171875 19.2895832061768 19.6260414123535 19.830207824707 19.5520839691162 19.6354160308838 19.5437507629395 19.2395839691162 18.9479160308838 19.107292175293 19.1708335876465 19.5270824432373 19.716667175293 19.9468746185303 20.1333332061768 20.0750007629395 20.2885417938232 20.4583339691162 20.6604156494141 20.814582824707 20.8364582061768 20.8468742370605 20.7583332061768 20.640625 20.4854164123535 20.1302089691162 20.0395832061768 20.2572917938232 20.4291667938232 20.388542175293
13.0687503814697 14.4635410308838 14.4322910308838 15.8083333969116 17.4739589691162 18.7645835876465 18.8812503814697 19.1958332061768 19.3916664123535 20.0729160308838 20.076042175293 20.0864582061768 20.033332824707 20.1197910308838 19.6958332061768 18.779167175293 19.015625 19.263542175293 19.5052089691162 19.6322917938232 19.7697906494141 20.1708335876465 19.8541660308838 19.5145835876465 19.1322917938232 19.4208335876465 19.4010410308838 19.671875 19.845832824707 19.9114589691162 20.046875 20.2875003814697 20.4406242370605 20.439582824707 20.5499992370605 20.705207824707 20.8427085876465 20.970832824707 21.0093746185303 20.8802089691162 20.7145843505859 20.388542175293 20.283332824707 20.375 20.5697917938232 20.5822925567627
13.234375 13.3708333969116 15.6520833969116 15.5218753814697 16.3864574432373 18.1802082061768 18.8635425567627 19.216667175293 19.4166660308838 19.3562507629395 19.3177089691162 19.533332824707 19.6927089691162 19.5281257629395 20.076042175293 19.7604160308838 19.111457824707 18.9812507629395 19.453125 20.1906242370605 20.4437503814697 20.361457824707 20.1937503814697 20.0812492370605 19.6291675567627 19.5187492370605 19.7072906494141 19.7875003814697 20.0572910308838 20.173957824707 20.1343746185303 20.2708320617676 20.517707824707 20.6458339691162 20.7395839691162 20.8687496185303 21.017707824707 21.2406253814697 21.3406257629395 21.3239593505859 20.9874992370605 20.7281246185303 20.5822906494141 20.5572910308838 20.6947917938232 20.5947914123535
13.7854166030884 14.1333332061768 14.5302085876465 15.9020833969116 16.6354160308838 18.3708343505859 18.8822917938232 19.0145835876465 19.5416660308838 18.872917175293 19.1572914123535 19.3875007629395 19.1979160308838 19.2583332061768 19.1458339691162 20.0822925567627 19.9083347320557 19.701042175293 19.5239582061768 20.2302093505859 20.6031246185303 20.4114589691162 20.2583332061768 20.1781253814697 20.232292175293 19.9125003814697 20.0437507629395 19.8999996185303 20.1177082061768 20.3468742370605 20.3718757629395 20.361457824707 20.5437488555908 20.6645832061768 20.8218746185303 21.0218753814697 21.1677074432373 21.3312492370605 21.5270824432373 21.3739585876465 21.1260414123535 20.9583339691162 20.826042175293 20.7781257629395 20.7708339691162 20.7760410308838
14.5625 14.6374998092651 13.8322916030884 13.8041667938232 14.6489582061768 17.171875 19.0041656494141 18.9937496185303 19.4656257629395 18.9791660308838 18.9031257629395 19.232292175293 19.7041664123535 19.6656246185303 19.283332824707 19.9072914123535 20.127082824707 19.7802085876465 19.7593746185303 19.9906253814697 20.2124996185303 20.4208335876465 20.1510410308838 20.2218761444092 20.2406253814697 20.2385425567627 20.2177085876465 20.0791664123535 20.0874996185303 20.3135414123535 20.3791675567627 20.453125 20.5270824432373 20.671875 20.7604160308838 21.1281242370605 21.2093753814697 21.3291664123535 21.4155559539795 21.345832824707 21.201042175293 21.1041660308838 21.0625 20.8781242370605 20.7999992370605 20.8031253814697
13.7635412216187 14.8229169845581 13.6010417938232 13.779167175293 14.0062503814697 15.857292175293 18.2718753814697 18.638542175293 19.6708335876465 19.0364589691162 18.830207824707 19.2374992370605 19.1458339691162 19.6833343505859 19.4281253814697 19.7468757629395 20.2604160308838 20.0635414123535 19.9833335876465 20.1812496185303 20.1166667938232 20.1062507629395 20.279167175293 20.013542175293 19.8374996185303 19.8947925567627 20.091667175293 20.2062492370605 20.0729179382324 20.1052074432373 20.2354164123535 20.3678569793701 20.4136352539063 20.5833339691162 20.75 20.9388885498047 21.0516662597656 21.2555561065674 21.3250007629395 21.2399997711182 21.1654758453369 20.9906253814697 20.8687496185303 21.0218753814697 21.076042175293 21.2156257629395
12.5260410308838 15.2104167938232 14.1802082061768 13.4739580154419 14.8093757629395 17.0416679382324 17.984375 18.7093753814697 19.3645839691162 19.3541660308838 19.1916656494141 19.2895832061768 19.5322914123535 19.9010410308838 19.8645839691162 20.1614589691162 20.2489585876465 19.9114589691162 20.138542175293 20.220832824707 20.4385414123535 20.1354160308838 20.1552085876465 19.9156246185303 19.9718742370605 19.7312488555908 19.7489585876465 19.9489574432373 20.0531253814697 20.2093753814697 20.3791675567627 20.5818176269531 -9999 -9999 -9999 -9999 20.8583335876465 21.2062492370605 21.343334197998 21.4104175567627 21.3187503814697 21.1083335876465 21.2250003814697 21.2593746185303 21.0218753814697 21.0927085876465
14.8218755722046 13.486457824707 15.5229167938232 14.6791667938232 13.6468744277954 15.9520835876465 18.2843742370605 19.3937492370605 19.1677093505859 19.9093742370605 19.8624992370605 19.9322910308838 20.2416667938232 20.1979160308838 19.997917175293 20.5187492370605 20.2427082061768 19.9604167938232 20.484375 20.455207824707 20.2781257629395 20.1864585876465 20.2802085876465 20.127082824707 20.1124992370605 19.9947910308838 20.0354175567627 20.095832824707 20.2312507629395 20.3177089691162 20.3976192474365 20.466667175293 -9999 -9999 -9999 -9999 20.5444450378418 20.9500007629395 21.1458339691162 21.2848491668701 21.1437492370605 21.1468753814697 21.2583332061768 21.1968746185303 21.109375 21.0270824432373
16.4302082061768 15.5260419845581 14.6906251907349 15.8052082061768 16.1145839691162 15.091667175293 16.4020843505859 18.2666664123535 18.7072925567627 19.8333339691162 20.375 20.4927082061768 20.5229167938232 19.966667175293 20.0510406494141 20.7041664123535 20.2385406494141 20.1708335876465 20.703125 20.6208343505859 20.2864570617676 20.267707824707 20.4249992370605 20.3958320617676 20.2843742370605 20.2156257629395 20.3177089691162 20.3385410308838 20.388542175293 20.4273815155029 20.3777770996094 -9999 -9999 -9999 -9999 -9999 -9999 -9999 -9999 16.3333339691162 20.966667175293 21.0611114501953 21.0621204376221 20.8638877868652 20.9130954742432 20.869047164917
16.4885406494141 15.7437496185303 16.2197914123535 17.2625007629395 15.752082824707 13.7489585876465 15.7250003814697 18.4937496185303 18.9156246185303 20.1927089691162 20.814582824707 21.0260410308838 20.7416667938232 20.3385429382324 20.5895824432373 20.8135414123535 20.5770835876465 20.5739593505859 20.8052082061768 20.404167175293 20.4781246185303 20.6593742370605 20.5354175567627 20.4604167938232 20.5343742370605 20.497917175293 20.5666675567627 20.6156253814697 20.5782051086426 20.5 -9999 -9999 -9999 -9999 -9999 -9999 -9999 -9999 -9999 -9999 -9999 -9999 -9999 -9999 -9999 -9999
17.1760425567627 17.0739593505859 16.1885414123535 16.185417175293 13.8677082061768 12.2427082061768 14.3447914123535 17.6302089691162 18.7666664123535 20.5093746185303 21.2250003814697 21.2645835876465 21.1864585876465 21.0750007629395 20.8697910308838 21.1958332061768 20.732292175293 20.8562507629395 20.8604164123535 20.7083339691162 20.8197917938232 20.8208332061768 20.8510417938232 20.8197917938232 20.8208332061768 20.8156242370605 20.5512828826904 20.3472213745117 -9999 -9999 -9999 -9999 -9999 -9999 -9999 -9999 -9999 -9999 -9999 -9999 -9999 -9999 -9999 -9999 8.81666660308838 8.74761867523193
