input_data/future_climate/BCC_CSM2_126/bio8_a.asc
ncols  331
nrows  193
xllcorner  17.833372883333
yllcorner  37.9999896166667
cellsize 0.1666667
NODATA_value  -9999
[rows 84 to 104 of 193, columns 230 to 275 of 331]
18.6208324432373 18.4500007629395 18.5593757629395 18.3947906494141 18.2895832061768 18.0239582061768 17.9489593505859 17.7760410308838 17.7781257629395 17.7687492370605 18.0499992370605 18.3374996185303 18.2281246185303 18.1364574432373 17.919792175293 17.533332824707 17.2958335876465 17.080207824707 17.609375 17.3395843505859 17.2927074432373 17.1822910308838 16.9125003814697 16.8864574432373 17.2927093505859 17.1937503814697 17.8687496185303 18.1510429382324 18.2354164123535 18.310417175293 18.4031257629395 18.4645843505859 18.595832824707 18.6875 18.7395839691162 18.7020835876465 18.673957824707 18.7250003814697 19.1000003814697 19.0249996185303 18.970832824707 19.0895843505859 19.3354167938232 19.4791660308838 19.513542175293 19.5062503814697
18.9166679382324 18.7000007629395 18.7843742370605 18.703125 18.3791675567627 18.1000003814697 17.8447914123535 17.6614589691162 17.4458332061768 17.3083324432373 18.1635417938232 18.5395832061768 18.4093742370605 18.3489589691162 18.1552085876465 17.752082824707 17.2114582061768 17.0666675567627 17.4572906494141 17.3093757629395 17.2958335876465 17.3125 17.234375 17.3250007629395 17.1625003814697 17.283332824707 17.9052085876465 18.3979167938232 18.3531246185303 18.3895835876465 18.5343742370605 18.6531257629395 18.7822914123535 18.8645820617676 18.8166675567627 18.8406238555908 18.8427085876465 18.857292175293 19.1302089691162 19.0614585876465 19.1375007629395 19.263542175293 19.1864585876465 19.2687492370605 19.4645824432373 19.4406242370605
18.8187503814697 18.84375 18.7218742370605 18.5583324432373 18.3843746185303 18.0510406494141 17.703125 17.4270839691162 17.3333339691162 17.232292175293 18.1000003814697 18.359375 18.3052082061768 18.3979167938232 18.234375 17.8500003814697 17.7197914123535 17.5552082061768 17.4322910308838 17.0406246185303 16.9989585876465 17.1197910308838 16.8531246185303 17.3093757629395 17.3333339691162 17.7270832061768 18.3072910308838 18.5083332061768 18.5145835876465 18.6687507629395 18.8479175567627 18.9541664123535 19.0093746185303 19.0145835876465 19.0031242370605 18.9927082061768 19.015625 18.9125003814697 18.9989585876465 19.1052093505859 19.2395820617676 19.1666679382324 19.1833324432373 19.2104167938232 19.1927089691162 19.1437492370605
18.6364574432373 18.607292175293 18.6395835876465 18.3156242370605 17.9312496185303 17.966667175293 17.8875007629395 17.7718753814697 17.7666664123535 17.6322917938232 18.125 18.2114582061768 18.5208339691162 18.263542175293 17.9593753814697 17.5437507629395 17.4770832061768 17.341667175293 17.0677089691162 17.0750007629395 17.2447910308838 16.9760417938232 16.6499996185303 16.9500007629395 17.5124988555908 18.1031246185303 18.2572917938232 18.453125 18.7406253814697 18.7697906494141 18.8031253814697 18.9697914123535 19.1416664123535 19.0479164123535 18.9624996185303 18.986457824707 18.9697914123535 19.0093746185303 19.044792175293 19.0729179382324 19.1364593505859 19.2291660308838 19.2510414123535 19.3041667938232 19.375 19.4135417938232
18.8854160308838 18.6010417938232 18.5031242370605 18.1958332061768 17.90625 17.6479167938232 17.5197906494141 17.3177089691162 17.4500007629395 17.890625 18.2864589691162 18.1677093505859 18.3999996185303 18.1760425567627 18 17.5510406494141 17.3635425567627 17.3635406494141 17.2906246185303 17.4656257629395 17.154167175293 17.002082824707 16.2374992370605 17.140625 18.1489582061768 18.3354167938232 18.4031257629395 18.5989570617676 18.8531246185303 18.96875 19.0843753814697 19.205207824707 19.2260417938232 19.15625 19.1187496185303 19.1260414123535 19.1531257629395 19.2104167938232 19.1875 19.1729164123535 19.2145824432373 19.5364589691162 19.6208324432373 19.5343742370605 19.3979167938232 19.1916656494141
18.9958343505859 19.0729179382324 19.0385417938232 18.8562507629395 18.5239582061768 18.0718746185303 17.466667175293 17.5270843505859 17.6197910308838 17.4854164123535 17.5593757629395 17.9916667938232 17.96875 18.0864582061768 18.0375003814697 17.7000007629395 17.6864585876465 17.203125 16.8083324432373 17.142707824707 16.9479160308838 16.283332824707 16.1052074432373 17.2687492370605 17.8989582061768 18.2999992370605 18.6604156494141 18.6458339691162 18.9739589691162 19.0208339691162 19.203125 19.5812492370605 19.455207824707 19.4645824432373 19.4166660308838 19.2927074432373 19.3583335876465 19.4229164123535 19.4302082061768 19.4500007629395 19.4177093505859 19.3624992370605 19.4812507629395 19.2906246185303 19.2749996185303 19.2531242370605
19.1760425567627 19.2531242370605 19.3031253814697 19.0364589691162 18.7854156494141 18.7333335876465 18.1885414123535 17.7572917938232 18.029167175293 17.8114585876465 17.6791667938232 17.908332824707 17.5687503814697 17.1458339691162 17.6124992370605 17.0270824432373 16.8916664123535 17.1197910308838 16.767707824707 16.5270824432373 16.3385410308838 16.734375 17.21875 17.9145832061768 17.9604167938232 18.2197914123535 18.4635410308838 18.6520843505859 18.8489589691162 18.9500007629395 19.1916675567627 19.6083335876465 19.6322917938232 19.546875 19.5562496185303 19.5249996185303 19.4500007629395 19.4177093505859 19.5260410308838 19.5208339691162 19.3364582061768 19.375 19.361457824707 19.2197914123535 19.1437492370605 19.1864585876465
19.3812503814697 19.4166660308838 19.2374992370605 19.0062503814697 18.997917175293 18.9989585876465 18.828125 17.9520835876465 17.5572910308838 17.5895843505859 17.4874992370605 17.6635417938232 17.2822914123535 17.2531242370605 16.4781246185303 16.3864593505859 16.1510410308838 16.0229167938232 15.3291664123535 15.8604164123535 16.3229160308838 17.1875 17.7458324432373 17.953125 18.1104164123535 18.580207824707 18.701042175293 18.8093757629395 18.9885425567627 18.9781246185303 19.1291656494141 19.5833339691162 19.5187492370605 19.6156253814697 19.5625 19.5322914123535 19.6864585876465 19.6177082061768 19.6979179382324 19.658332824707 19.4541664123535 19.390625 19.2395839691162 19.3322906494141 19.283332824707 19.1864585876465
19.5666656494141 19.3562507629395 19.142707824707 19.2104167938232 19.0145835876465 18.7781257629395 18.3989582061768 17.5072917938232 16.6052074432373 16.6062507629395 16.7625007629395 16.984375 16.8697910308838 16.7614574432373 16.7333335876465 16.4447917938232 15.6104164123535 15.0364589691162 15.3958339691162 15.9291667938232 16.669792175293 17.5541667938232 17.9291667938232 18.080207824707 18.3968753814697 18.560417175293 18.7395839691162 19.0562496185303 19.1781253814697 19.2281246185303 19.4427089691162 19.5822925567627 19.5708332061768 19.5093746185303 19.6218757629395 19.5968742370605 19.5979175567627 19.5395832061768 19.6239585876465 19.6052093505859 19.6135425567627 19.5927085876465 19.4791660308838 19.455207824707 19.4812507629395 19.2781257629395
19.5249996185303 19.2895832061768 19.2770843505859 19.1489582061768 18.8208332061768 18.7802085876465 18.361457824707 17.705207824707 17.0718746185303 16.8739585876465 16.0364589691162 16.1000003814697 16.2312507629395 15.6468753814697 15.3270835876465 15.5770826339722 14.9000005722046 15.3708333969116 16.017707824707 16.5895824432373 17.4208335876465 18.1395835876465 18.2645835876465 18.0822906494141 18.7156257629395 19.060417175293 19.0906257629395 18.9427089691162 19.390625 19.7416667938232 18.3635425567627 18.2385425567627 18.1354160308838 18.2531261444092 18.2666664123535 18.314582824707 19.8031253814697 19.622917175293 19.7374992370605 19.6604175567627 19.638542175293 19.6208324432373 19.6552085876465 19.5895824432373 19.625 19.595832824707
19.8062496185303 19.7489585876465 19.4958343505859 19.3833332061768 18.982292175293 18.6364593505859 18.2124996185303 17.7468757629395 17.5416660308838 16.9010410308838 16.2854175567627 15.8114576339722 14.9260416030884 15.1885414123535 15.6510419845581 15.9260416030884 15.8072910308838 16.2291660308838 17.0083332061768 17.267707824707 17.796875 18.3500003814697 18.765625 18.6593742370605 18.71875 18.9718742370605 18.9385414123535 19.060417175293 17.861457824707 18.3979167938232 18.5427074432373 18.2614593505859 18.2770843505859 18.4270839691162 18.5093746185303 18.453125 18.4697914123535 18.3187503814697 18.330207824707 18.455207824707 18.34375 18.4406242370605 19.8531246185303 19.7729167938232 19.59375 19.6749992370605
19.4906253814697 19.6979160308838 19.6468753814697 19.1531257629395 18.2749996185303 17.8562507629395 17.502082824707 17.3604164123535 17.9093742370605 16.6927070617676 16.3333339691162 15.1333332061768 14.8416662216187 15.4333333969116 16.2437496185303 16.2312507629395 15.9916667938232 17.2437496185303 17.3895835876465 17.515625 18.2729167938232 18.4802074432373 18.7145824432373 19.1166667938232 18.9333343505859 18.7979164123535 18.875 19.2354164123535 18.0843753814697 18.6010417938232 18.7999992370605 18.6281242370605 18.6552085876465 18.6708335876465 18.669792175293 18.6656246185303 18.6572914123535 18.673957824707 18.65625 18.640625 18.5750007629395 18.640625 18.640625 18.5989589691162 19.7583332061768 19.7239589691162
19.701042175293 19.6239585876465 19.1499996185303 18.890625 18.1552085876465 18.2447910308838 17.2302074432373 17.4562492370605 17.1312503814697 16.9656238555908 16.0729160308838 15.3364582061768 15.4177083969116 15.9375 15.7281246185303 16.015625 17.015625 17.7250003814697 17.8239574432373 17.8697910308838 17.75 18.4750003814697 18.9874992370605 19.283332824707 19.486457824707 19.4156246185303 19.3166656494141 19.5583324432373 18.3687496185303 18.7802085876465 18.955207824707 19.0406246185303 18.9895839691162 18.888542175293 18.8791675567627 19.0104160308838 19.0593757629395 19.0031242370605 19.002082824707 18.9249992370605 18.8468742370605 18.7875003814697 18.6145839691162 18.46875 18.5656242370605 20.1187496185303
19.8854160308838 19.5458335876465 18.9177074432373 18.138542175293 17.5812492370605 18.0687503814697 17.3635406494141 16.9468746185303 16.9489593505859 16.8531246185303 16.3802089691162 16.408332824707 16.8395824432373 16.6177082061768 16.0208339691162 16.7562503814697 17.4468746185303 18.0541667938232 18.2239589691162 18.2312488555908 18.2572917938232 18.6635417938232 19.1187496185303 19.2666664123535 19.2760429382324 19.529167175293 19.7687492370605 19.8812503814697 18.5458335876465 18.5635414123535 18.6656246185303 18.8333320617676 18.9812507629395 18.9958324432373 19.076042175293 19.1156253814697 19.1062507629395 19.1781253814697 19.044792175293 18.888542175293 18.7979164123535 18.8604164123535 18.8354167938232 18.7593746185303 18.9906253814697 20.4375
19.8406257629395 19.5052089691162 18.96875 17.8187503814697 17.5083332061768 17.7062492370605 17.314582824707 16.9187507629395 16.7083339691162 16.3385429382324 16.9854164123535 16.2770843505859 16.5270843505859 15.8791666030884 16.5614585876465 17.814582824707 18.404167175293 18.5520839691162 18.5041675567627 18.5010414123535 18.6760425567627 18.953125 18.8208332061768 18.8447914123535 18.8739585876465 19.484375 19.6031246185303 18.4812507629395 18.6635417938232 18.6510410308838 18.6947917938232 18.7145824432373 18.9281253814697 19.1156253814697 19.2135429382324 19.1875 19.122917175293 18.9874992370605 19.0031242370605 18.9874992370605 18.919792175293 18.9593753814697 18.9281253814697 18.9270839691162 19.0677089691162 19.1395835876465
19.640625 19.6104164123535 19.0520839691162 17.703125 17.5385417938232 17.3270835876465 17.1958332061768 16.8624992370605 17.1375007629395 17.3999996185303 16.9166660308838 16.4343757629395 16.1239585876465 16.1645832061768 17.314582824707 18.5354156494141 18.8500003814697 19.0010414123535 18.84375 18.9385414123535 18.9343757629395 19.2562503814697 19.2312507629395 19.2541656494141 19.247917175293 19.7281246185303 19.9656257629395 18.6937503814697 18.8177089691162 18.8999996185303 18.9541664123535 18.8322906494141 18.9093742370605 19.0947914123535 19.03125 19.0427093505859 18.9802093505859 19.03125 19.0239582061768 19.0281257629395 19.0656242370605 19.0885410308838 19.0625 19.0260410308838 19.0614585876465 19.1906242370605
19.6333332061768 19.0166664123535 18.015625 17.872917175293 17.5031242370605 17.5979175567627 17.4291667938232 17.4322910308838 17.8833332061768 17.375 16.9406242370605 16.4656257629395 16.7781257629395 16.8999996185303 18.4052085876465 18.9375 19.0770835876465 19.40625 19.185417175293 19.3937511444092 19.4187507629395 19.3895835876465 19.2687492370605 19.4489593505859 19.5666675567627 19.8635425567627 20.0562496185303 20.2385406494141 18.888542175293 18.8937492370605 18.7999992370605 18.6593742370605 18.6499996185303 18.6135425567627 18.8062496185303 18.8031253814697 18.8208332061768 19.0354175567627 19.078125 19.015625 19.0718746185303 19.0812492370605 19.1677074432373 19.1916675567627 18.9416656494141 19.2281246185303
19.3895835876465 18.7583332061768 18.2770843505859 17.9624996185303 17.9895820617676 17.859375 17.1083335876465 17.6833324432373 18.173957824707 17.747917175293 17.1177082061768 16.5145835876465 17.2072906494141 17.6822910308838 18.8781242370605 19.2312507629395 19.5104179382324 19.7374992370605 19.736457824707 19.6499996185303 19.6447925567627 19.392707824707 18.9166660308838 19.0843753814697 19.3947925567627 19.5833339691162 19.9270839691162 20.076042175293 18.7395839691162 18.841667175293 18.8666667938232 18.8041667938232 18.8156242370605 18.9145832061768 18.9010410308838 18.8624992370605 18.9260425567627 18.9760417938232 19.0666675567627 19.0697917938232 19.0354156494141 19 20.6812496185303 20.8812503814697 19.2291660308838 21.0104160308838
19.7572917938232 19.3583335876465 18.7197914123535 18.2718753814697 18.2416667938232 18.122917175293 17.7895832061768 18.2739582061768 17.953125 17.4739589691162 16.9177093505859 17.0531253814697 17.4093742370605 17.9260425567627 19.3468742370605 19.4562492370605 19.7822914123535 19.8989582061768 19.8583335876465 19.8562507629395 19.6927089691162 19.4718742370605 19.173957824707 19.095832824707 19.3250007629395 19.7437496185303 20.0385417938232 20.2104167938232 20.3156261444092 18.9375 19.0635414123535 19.125 19.0864582061768 19.1822910308838 19.173957824707 19.1937503814697 19.154167175293 19.0541667938232 19.154167175293 19.2708339691162 19.205207824707 20.8333339691162 20.9781246185303 21.1833324432373 21.1749992370605 20.8197917938232
20.3895835876465 20.1875 19.3739585876465 18.4520835876465 18.5718746185303 18.3687496185303 18.1031246185303 18.0322914123535 17.6614589691162 17.1958332061768 17.1239585876465 18.1947917938232 17.8666667938232 18.7770843505859 19.4312496185303 19.7739582061768 20.060417175293 19.8489589691162 19.7739582061768 19.8062496185303 19.7281246185303 19.5843753814697 19.4500007629395 19.7802085876465 19.8333339691162 20.0874996185303 20.173957824707 20.3833332061768 20.5 18.9718742370605 18.9968757629395 19.2562503814697 19.3604164123535 19.3781242370605 19.4322910308838 19.4812507629395 19.5583324432373 19.4593753814697 19.482292175293 19.4458332061768 21.1208324432373 21.1593761444092 21.2083339691162 21.1927089691162 21.142707824707 21.013542175293
19.8583335876465 19.9739589691162 -2.08124995231628 19.0437507629395 18.5593757629395 18.4479160308838 18.1666660308838 17.8083343505859 17.4781246185303 17.185417175293 17.7739582061768 18.7854156494141 18.326042175293 17.9802074432373 19.4468746185303 19.892707824707 20.0895843505859 19.890625 20.1812496185303 20.078125 19.986457824707 19.9833335876465 19.6645832061768 19.7302093505859 20.1020832061768 20.3218746185303 20.388542175293 20.4437503814697 20.5322914123535 20.6531257629395 20.7427082061768 19.2250003814697 20.841667175293 19.2999992370605 19.377082824707 19.4572925567627 19.5510406494141 19.6260414123535 19.6208343505859 21.310417175293 21.1802082061768 21.1625003814697 21.1260414123535 21.1104164123535 21.0572910308838 20.9937496185303
