input_data/future_climate/BCC_CSM2_585/_bio15_a.asc
ncols  331
nrows  193
xllcorner  17.833372883333
yllcorner  37.9999896166667
cellsize 0.1666667
NODATA_value  -9999
[rows 120 to 139 of 193, columns 276 to 321 of 331]
24.5689239501953 24.2089385986328 24.2735443115234 23.5647296905518 23.1055698394775 23.2252349853516 22.2451152801514 21.6904182434082 21.3043632507324 21.1895542144775 21.1504497528076 21.1193904876709 21.2868461608887 21.0943126678467 20.6692504882813 20.579683303833 20.2970352172852 20.1545066833496 20.6190986633301 20.099739074707 19.994909286499 20.148401260376 20.3249473571777 20.189380645752 20.6806259155273 21.3666152954102 22.1955242156982 22.1746196746826 22.5630187988281 22.4100780487061 23.3605785369873 23.9571762084961 24.5435390472412 25.0770511627197 25.3102493286133 25.5630569458008 27.0635547637939 27.6514587402344 27.649881362915 27.9091815948486 28.6527996063232 28.095235824585 28.0716972351074 28.4414691925049 29.4963302612305 29.3982391357422
24.7992553710938 24.2191982269287 23.902286529541 24.0516109466553 23.8058452606201 23.2858543395996 22.476146697998 21.8911819458008 22.1597557067871 21.6071739196777 21.3295307159424 21.0051326751709 21.5114860534668 21.2063121795654 20.7990226745605 20.1522254943848 20.0868301391602 19.6648273468018 19.6326026916504 19.6189002990723 19.7677097320557 19.8169479370117 19.4449119567871 19.1602096557617 19.8804912567139 20.5238838195801 21.7422714233398 21.7171974182129 22.8182544708252 22.5776081085205 23.0981178283691 23.2960453033447 23.7922344207764 23.8264541625977 24.2027149200439 24.7066555023193 25.9331111907959 25.3868350982666 25.9299907684326 26.7787590026855 26.9794921875 27.65549659729 27.4909172058105 27.7469711303711 27.9346866607666 28.5734100341797
24.4455413818359 23.9530963897705 23.5723323822021 23.8653011322021 23.6683902740479 23.1291885375977 22.4524402618408 22.0254135131836 22.6345100402832 21.5240001678467 21.2069778442383 21.4985294342041 21.5878582000732 21.378734588623 20.6841316223145 20.1309223175049 20.294900894165 20.305196762085 20.4303150177002 20.062536239624 20.2506523132324 20.6167907714844 19.6747703552246 19.288158416748 20.205738067627 20.4406471252441 20.9558067321777 21.9325981140137 22.0015296936035 22.4014148712158 23.7386703491211 23.9786605834961 24.1403293609619 25.0250148773193 25.1322593688965 24.8528079986572 25.5604820251465 25.4189491271973 25.1134490966797 26.6247024536133 26.7607650756836 26.2681255340576 26.6461524963379 27.7201099395752 27.5833892822266 28.1449069976807
24.9494457244873 24.7454452514648 24.5329208374023 24.2610397338867 23.9176292419434 23.4644336700439 23.1711978912354 22.7120876312256 22.1735782623291 21.2456855773926 21.8758411407471 21.9083499908447 21.6673069000244 21.9223709106445 21.3376636505127 20.6781253814697 20.8192081451416 20.6355800628662 19.881534576416 19.6524505615234 20.1047229766846 20.2624931335449 19.6184253692627 19.5593700408936 19.7252502441406 19.9798984527588 20.5994129180908 20.7474193572998 21.413143157959 22.0938758850098 22.6583194732666 23.2163391113281 23.3930320739746 23.4777565002441 23.6802845001221 24.8423919677734 24.6634426116943 24.627103805542 25.0065937042236 25.800464630127 26.0815715789795 26.0127105712891 26.3436622619629 27.316162109375 27.2488193511963 27.779935836792
26.893461227417 25.0151767730713 24.6875762939453 24.916374206543 24.145486831665 23.6161994934082 23.7514305114746 23.9545860290527 23.5139045715332 21.9402275085449 22.2496337890625 22.764554977417 23.2726459503174 23.2288188934326 22.3850173950195 21.6650390625 21.4354228973389 21.3546199798584 20.7992668151855 20.627592086792 19.42307472229 19.9723148345947 19.5504856109619 19.1972827911377 19.1728591918945 19.4812984466553 20.5018787384033 20.8001861572266 21.2164497375488 21.793384552002 22.2515907287598 22.3900737762451 23.1616382598877 22.6556987762451 22.6322021484375 23.5069465637207 23.5897006988525 24.0185413360596 24.7586231231689 25.3068828582764 25.7668514251709 25.9210414886475 26.2661476135254 26.7845153808594 27.0341739654541 27.1271190643311
26.0013408660889 24.7002830505371 24.2289295196533 24.1105766296387 24.1929473876953 24.1253547668457 24.2693462371826 24.169454574585 24.1470718383789 24.2864284515381 22.3942184448242 22.6235275268555 23.4603633880615 23.7950401306152 23.4617958068848 22.6658401489258 21.4759979248047 20.9169597625732 21.4373817443848 19.5617637634277 19.5996627807617 19.1998691558838 19.8097248077393 19.3789501190186 19.7048950195313 20.100191116333 19.8372325897217 20.4801826477051 20.8815212249756 21.3827419281006 21.886775970459 22.4592800140381 22.35910987854 21.9826774597168 23.008903503418 23.3037147521973 22.6788005828857 23.1043758392334 23.455057144165 24.6239395141602 24.7410621643066 24.7837219238281 25.3056640625 25.6214561462402 26.0786094665527 25.8330497741699
25.4627647399902 24.8272151947021 24.4388694763184 24.2969818115234 24.6691093444824 24.1311225891113 24.7290744781494 25.2025089263916 24.7316627502441 24.7924499511719 24.8225727081299 24.1151752471924 23.3307247161865 23.1765670776367 23.3713359832764 22.8869400024414 21.8549499511719 21.6926784515381 21.1108016967773 20.2835578918457 20.3433532714844 20.4790687561035 19.5507144927979 19.4033508300781 19.2426166534424 19.4533061981201 19.8538246154785 20.795431137085 20.5228080749512 21.270450592041 21.4804172515869 21.8488578796387 21.931116104126 22.4552383422852 22.8287143707275 23.5888175964355 22.3770999908447 22.2251758575439 22.7042751312256 23.398229598999 23.3727550506592 24.1974182128906 24.7681694030762 24.4811687469482 24.5716953277588 24.3657970428467
26.2019519805908 26.2710876464844 25.4230213165283 24.115629196167 24.6773204803467 24.5671691894531 24.2848987579346 25.1613216400146 26.0655765533447 25.893518447876 26.4129810333252 25.5321788787842 24.7512092590332 24.7139129638672 23.8962459564209 23.4660110473633 22.2560214996338 21.3562812805176 21.1303291320801 20.3783264160156 20.9108219146729 20.5505180358887 20.3827018737793 20.1066799163818 19.2626705169678 19.64182472229 19.9313182830811 20.1158962249756 20.7013339996338 20.5208854675293 20.5945281982422 20.7118549346924 21.0915794372559 21.7406768798828 22.8141555786133 23.2780284881592 22.6661853790283 22.2840270996094 22.4596500396729 22.6729507446289 22.8971309661865 23.1636943817139 23.1335353851318 23.466854095459 23.8381652832031 23.6091384887695
26.1022663116455 26.2179317474365 25.907901763916 26.0797843933105 25.9152851104736 25.7170104980469 25.8043346405029 25.9850082397461 26.0573081970215 26.7348747253418 27.2005863189697 26.3122501373291 25.8557891845703 25.2113227844238 24.508882522583 23.1548023223877 22.796911239624 21.4242992401123 20.4237461090088 20.5510578155518 20.8718395233154 20.6489219665527 20.593168258667 20.0686836242676 19.7033100128174 19.1476993560791 19.395435333252 20.0369529724121 20.951753616333 20.7910900115967 20.8895244598389 21.248851776123 20.8159332275391 21.6672534942627 22.866678237915 22.8432655334473 22.6782760620117 23.0221786499023 22.5951385498047 22.5683250427246 22.4437427520752 22.9461631774902 23.3307933807373 23.5458030700684 23.8508224487305 23.9897289276123
26.2334232330322 26.4873580932617 26.74733543396 26.9560394287109 26.6180210113525 26.0058155059814 26.1229591369629 26.1842288970947 25.5708408355713 26.8099365234375 27.3446578979492 26.3680438995361 25.8001728057861 26.1721744537354 25.5030269622803 24.1445922851563 22.9954452514648 21.5185985565186 20.3173522949219 20.3817024230957 19.8929538726807 19.6427059173584 19.601957321167 19.4420871734619 19.2041759490967 18.7766704559326 18.9422435760498 19.614444732666 19.7315998077393 19.6772537231445 19.9969348907471 20.3736324310303 21.1589260101318 21.1615543365479 21.848804473877 22.5412654876709 22.8714447021484 23.1214599609375 22.7965354919434 22.583869934082 22.6003093719482 22.6956539154053 23.1633319854736 23.3245544433594 23.703332901001 23.729377746582
26.669958114624 26.581974029541 26.9034900665283 27.1914291381836 26.7471122741699 26.6219673156738 26.9737453460693 27.0094757080078 27.1793117523193 26.7779102325439 27.711009979248 27.5651569366455 26.5652275085449 26.2578086853027 26.0191650390625 24.5036449432373 23.0180206298828 22.2345085144043 21.9073390960693 21.1896095275879 20.8897533416748 20.6363830566406 20.3418827056885 19.7896137237549 19.6612339019775 19.3415336608887 19.7963123321533 19.792064666748 20.2591133117676 20.8569278717041 20.9256153106689 22.0583534240723 22.7307376861572 22.5098304748535 22.6937503814697 22.6303081512451 23.4311237335205 23.4689788818359 23.3494911193848 23.5197277069092 22.6091365814209 22.7810401916504 22.9816741943359 23.4240055084229 23.7362213134766 23.0260601043701
28.1249542236328 27.9501724243164 28.5884704589844 27.8803787231445 26.5580539703369 26.1455307006836 26.389705657959 27.4120349884033 27.5046634674072 27.686393737793 27.4571342468262 26.8720760345459 27.1259422302246 26.6985931396484 26.1445007324219 24.9731845855713 24.6745128631592 24.1887836456299 23.2146606445313 22.404354095459 21.7798480987549 22.3963184356689 21.2061538696289 20.1512546539307 20.2083988189697 19.7356014251709 19.9190254211426 20.0343227386475 20.1133308410645 20.8711471557617 21.9048748016357 22.3547058105469 22.8505039215088 23.6898403167725 24.0873680114746 23.281888961792 23.8316135406494 24.2916202545166 23.4676818847656 23.4489841461182 23.3882312774658 22.8224582672119 23.1481037139893 23.1915264129639 23.4282531738281 23.6674480438232
28.3151245117188 28.4339237213135 29.3684120178223 29.4255313873291 28.757438659668 28.8008880615234 28.1544589996338 28.0610294342041 28.0525588989258 28.1709136962891 27.4018421173096 27.5197257995605 27.5552082061768 26.868465423584 26.2801513671875 25.5980205535889 25.9259815216064 25.3001937866211 25.3039360046387 23.9507923126221 23.0246868133545 21.9562492370605 20.6827793121338 19.9283504486084 19.8625545501709 20.4851894378662 20.7468738555908 21.6032295227051 21.1902046203613 21.6672611236572 22.2435054779053 22.9742946624756 23.8208389282227 23.6766223907471 23.8656368255615 23.8537006378174 24.0047798156738 23.8013706207275 23.2826137542725 23.5836372375488 24.0260848999023 23.7415790557861 23.4965572357178 23.3656826019287 23.3527793884277 23.1663208007813
29.4336395263672 29.8266925811768 29.7289714813232 29.5060348510742 29.1525402069092 29.9334316253662 30.1357746124268 29.7150135040283 29.5766162872314 29.468635559082 28.6024551391602 28.0219688415527 28.4697208404541 26.6758594512939 26.5797634124756 25.7501697540283 26.4632091522217 26.682279586792 25.00634765625 23.6759948730469 22.6998138427734 21.2654190063477 20.1415519714355 20.2264785766602 21.0676307678223 21.3598079681396 21.5271339416504 21.5466079711914 21.1382713317871 21.4333610534668 21.9743099212646 22.9301280975342 23.132396697998 24.0236949920654 24.8892822265625 24.4788341522217 24.2121391296387 24.136754989624 24.1274337768555 24.1795082092285 23.4819202423096 23.5185375213623 23.7561798095703 23.7172431945801 23.4699039459229 23.4232387542725
30.4333553314209 30.2113552093506 30.2067985534668 30.6962089538574 29.8200588226318 30.4904403686523 30.1582679748535 29.927131652832 30.2344017028809 29.3636322021484 29.1195449829102 28.423583984375 28.7137126922607 27.6214218139648 27.1694965362549 26.2407550811768 27.185302734375 27.1607284545898 26.122200012207 24.3130302429199 22.3589305877686 22.3594360351563 21.5785636901855 21.2575855255127 21.3224773406982 21.330530166626 22.1036224365234 21.934211730957 21.8891067504883 22.4318408966064 22.6485652923584 22.8021621704102 23.1144752502441 23.3759460449219 23.5647602081299 23.7002086639404 24.509614944458 24.3410148620605 24.5670757293701 24.4107608795166 24.1583690643311 24.2143516540527 23.9495258331299 23.7523536682129 23.6408843994141 24.3470077514648
29.85036277771 30.3214702606201 29.9139270782471 29.9194431304932 29.7630023956299 30.6881580352783 31.8312931060791 31.2824039459229 29.6555976867676 30.6174488067627 28.8451766967773 28.4609222412109 28.7745056152344 28.2476062774658 27.4409408569336 26.6765060424805 27.3823776245117 27.5398597717285 26.8048095703125 25.3492889404297 24.3376960754395 23.5818023681641 22.8788986206055 22.3419818878174 22.3146781921387 22.8778705596924 23.1979465484619 22.8738613128662 23.6081581115723 23.6720485687256 23.4166355133057 22.9090805053711 22.5411186218262 23.2667198181152 24.0513877868652 24.5767059326172 24.6702213287354 24.5212478637695 24.1208362579346 24.9794940948486 25.1020660400391 25.121696472168 25.4249286651611 24.40061378479 24.0780982971191 24.8232498168945
29.3969879150391 29.8302211761475 29.328592300415 28.8695068359375 28.4986305236816 29.5946006774902 30.8081188201904 30.2804203033447 30.621919631958 30.1796894073486 29.5654106140137 30.0193099975586 29.6792697906494 29.9383411407471 29.4506015777588 28.5626792907715 28.0093116760254 28.3030109405518 28.3512382507324 27.1455783843994 25.5411815643311 24.364465713501 24.3638744354248 24.2561721801758 24.4012203216553 24.0631580352783 23.3623867034912 23.1604652404785 23.5221519470215 23.2072601318359 23.6736526489258 23.7120342254639 23.6707057952881 23.9109210968018 24.1842460632324 25.2997589111328 25.8133773803711 25.3981285095215 25.7596969604492 25.7170791625977 26.1431541442871 25.606466293335 25.5301113128662 25.1784820556641 25.1568374633789 24.7172336578369
27.6928577423096 28.6592464447021 30.352466583252 31.0603847503662 30.7612037658691 31.957103729248 31.1722927093506 30.2329387664795 31.8510456085205 30.9620723724365 31.529167175293 31.7584342956543 31.0912132263184 30.4818706512451 30.2654838562012 30.0446472167969 29.8174095153809 29.6100082397461 29.8284187316895 29.5131702423096 27.6692752838135 27.3005905151367 26.1860904693604 25.628568649292 25.495246887207 25.1535034179688 25.3552188873291 25.0999240875244 24.8824424743652 24.6176128387451 25.0735263824463 24.8039722442627 25.2192459106445 25.1360340118408 25.9087352752686 26.6485176086426 26.724178314209 26.9935188293457 26.4831199645996 27.054759979248 26.6668834686279 26.9097118377686 26.5205554962158 26.1016063690186 25.1218872070313 24.4690589904785
29.6900482177734 29.1542892456055 30.1076507568359 30.2748432159424 32.1285057067871 32.0216827392578 31.9655876159668 31.5367317199707 31.0287265777588 31.3527126312256 32.2119598388672 32.4353065490723 31.9377746582031 31.3330764770508 31.3536033630371 31.9503574371338 31.2971248626709 30.6656951904297 30.6170082092285 29.5405502319336 29.6585235595703 29.2502422332764 27.588077545166 27.62868309021 27.1909618377686 26.1223754882813 26.6773948669434 26.083683013916 26.4112186431885 26.4988784790039 26.3161811828613 27.2364158630371 27.1147994995117 26.7599048614502 28.2641754150391 29.1526699066162 29.1567554473877 28.525951385498 28.8822612762451 28.1646633148193 28.3035488128662 27.5762920379639 26.6080780029297 26.4727249145508 25.3408126831055 25.7267322540283
29.7568626403809 31.0315761566162 32.6408576965332 32.1514663696289 33.8543739318848 32.6853523254395 33.8349647521973 34.5561637878418 32.8183975219727 33.1466522216797 33.7212371826172 34.0342750549316 33.9021644592285 33.57275390625 33.0707778930664 32.5477600097656 32.1382522583008 31.3717269897461 31.0545616149902 30.9563884735107 31.3032379150391 30.5245265960693 30.1913890838623 29.6426162719727 27.6498775482178 27.2541790008545 27.8045711517334 28.6477279663086 28.6300029754639 28.6987743377686 28.5384140014648 28.4552631378174 28.2028408050537 28.8437576293945 29.335319519043 30.5257396697998 30.6090259552002 31.290678024292 29.8853168487549 29.3291435241699 28.8726196289063 28.7641124725342 28.1876831054688 27.5517711639404 27.0419826507568 26.985523223877
