input_data/future_climate/BCC_CSM2_585/_bio15_a.asc
ncols  331
nrows  193
xllcorner  17.833372883333
yllcorner  37.9999896166667
cellsize 0.1666667
NODATA_value  -9999
[rows 100 to 119 of 193, columns 184 to 229 of 331]
25.570499420166 25.872838973999 25.8100528717041 24.95676612854 24.3917388916016 24.526424407959 25.2272872924805 25.6537818908691 26.6618671417236 28.3578033447266 29.06591796875 30.2699356079102 30.7445945739746 30.6052265167236 30.4480457305908 29.9179592132568 29.2812805175781 28.5758419036865 28.2403297424316 27.8286056518555 27.7014484405518 27.6265411376953 27.2523899078369 27.1859836578369 27.8019523620605 28.9282703399658 29.665096282959 29.6821880340576 29.9401588439941 30.0234184265137 30.4644680023193 30.9047622680664 30.4644088745117 30.6668968200684 30.6232891082764 30.730432510376 30.8688888549805 30.7367458343506 30.2052326202393 29.5234565734863 28.8397541046143 28.8730812072754 28.2990608215332 28.095365524292 26.9463272094727 27.2050266265869
25.255313873291 24.903169631958 24.284387588501 23.4927864074707 23.1580028533936 23.1977615356445 23.7311420440674 24.0491180419922 25.4829998016357 26.8094997406006 27.3646011352539 28.4975624084473 29.2509746551514 29.6308708190918 29.2518577575684 28.8206481933594 28.6363430023193 28.1320705413818 27.6828784942627 27.5953941345215 27.4689483642578 27.3990688323975 26.9041919708252 26.6599369049072 27.162935256958 28.3600826263428 28.8943195343018 29.2543697357178 29.8336906433105 29.9454154968262 30.1573944091797 30.1670722961426 30.3603382110596 30.5009803771973 30.0021896362305 30.0784034729004 29.8193206787109 29.6171722412109 29.0705986022949 28.5106773376465 28.4393520355225 28.5068855285645 28.1842784881592 27.7407283782959 27.397705078125 25.9081497192383
24.1987533569336 23.7576198577881 23.3093910217285 22.9620590209961 22.8344249725342 22.9555110931396 23.3838882446289 24.4525394439697 24.7818698883057 26.1394119262695 27.1562347412109 28.2628040313721 28.727575302124 28.7823715209961 29.1976203918457 28.7003479003906 28.1983375549316 27.8774852752686 28.1204528808594 28.1412715911865 27.8504867553711 27.6527900695801 27.0233726501465 26.7659549713135 27.7174339294434 28.2586441040039 28.4885196685791 29.021520614624 29.2045230865479 29.1855945587158 29.3052978515625 29.8212242126465 30.0661487579346 29.5108375549316 29.6052150726318 29.3431549072266 28.8927783966064 28.3818264007568 27.8786430358887 27.2640476226807 27.5907649993896 27.6778717041016 27.3925838470459 27.6104679107666 27.2465953826904 26.2809562683105
22.3705310821533 22.8675651550293 22.7931804656982 22.0873737335205 22.4819259643555 23.2194156646729 23.6959247589111 24.1610374450684 25.1418342590332 25.7815532684326 26.4232444763184 27.1635360717773 27.7780723571777 28.3037624359131 28.2826805114746 28.0359001159668 27.9594039916992 28.3234806060791 28.3619823455811 28.314079284668 28.3436145782471 28.4000816345215 27.4667129516602 27.4231853485107 27.868932723999 28.2747802734375 28.5502529144287 28.8906784057617 29.2398929595947 29.2598724365234 29.7289638519287 29.3401870727539 29.0265731811523 28.653528213501 28.6578140258789 28.5861434936523 28.0263118743896 27.3477382659912 26.8288669586182 26.8844318389893 26.6990356445313 26.4869823455811 26.4066963195801 26.975658416748 26.7879753112793 26.8920135498047
21.2987937927246 22.1222801208496 21.9133701324463 22.228889465332 22.3536338806152 22.8100185394287 24.0835876464844 24.4295806884766 25.4493770599365 26.0066432952881 26.8150367736816 27.327127456665 27.9466972351074 27.8901863098145 28.3551330566406 28.0599784851074 28.0601863861084 27.9716262817383 28.1434860229492 27.9989986419678 28.5355815887451 28.7492485046387 28.1018409729004 28.4720573425293 27.9400997161865 28.5918712615967 29.1022129058838 29.7168922424316 29.7829189300537 29.9579277038574 29.6331100463867 29.1002769470215 28.6293983459473 28.8162517547607 28.4442958831787 27.8884105682373 27.8455429077148 27.2988471984863 26.3813800811768 26.0873126983643 26.1720314025879 26.432222366333 26.022403717041 26.2160015106201 26.3460865020752 25.7893733978271
20.9103107452393 21.7520618438721 21.8386554718018 22.3917255401611 22.8299808502197 23.1237888336182 24.0973052978516 24.6560382843018 25.6033115386963 25.9821090698242 26.1793785095215 26.6282329559326 27.3550186157227 27.7485313415527 27.7516746520996 27.6909008026123 27.7836093902588 27.2858943939209 27.1986026763916 27.6603012084961 28.2216796875 28.8136444091797 28.9653472900391 28.7978038787842 28.8294982910156 29.0091342926025 29.7203788757324 30.3592128753662 30.5677909851074 30.3621273040771 29.5250968933105 28.9478034973145 28.5963306427002 28.4851036071777 28.2879295349121 27.8664512634277 27.3287353515625 26.8395175933838 26.7302532196045 26.2902011871338 25.8135318756104 26.3004817962646 25.8121356964111 25.9921207427979 26.1372375488281 25.4218578338623
20.8161125183105 21.6227893829346 22.1562633514404 22.5771636962891 23.5773162841797 23.5932674407959 23.9487609863281 24.4046401977539 25.1952171325684 25.8867073059082 26.2622394561768 26.6684894561768 26.898157119751 27.0349140167236 27.4751129150391 27.2352046966553 27.2748146057129 27.2093963623047 27.9369602203369 27.9884147644043 28.2012195587158 28.5467967987061 28.7877349853516 29.0502891540527 29.3163604736328 29.9306297302246 30.5751762390137 31.1399955749512 30.5062274932861 30.1040802001953 29.3745727539063 28.8769054412842 28.3295631408691 27.7916049957275 27.6492862701416 27.4779376983643 27.1075801849365 26.7652816772461 26.6665897369385 26.3475971221924 25.9846992492676 26.0683135986328 25.8009395599365 26.0012645721436 25.9762992858887 25.8097839355469
21.4679431915283 21.7334823608398 22.2909774780273 22.7704048156738 23.2822875976563 24.2784881591797 24.3835620880127 24.95166015625 25.5556945800781 25.9833984375 26.2573680877686 26.270845413208 27.1401252746582 26.6916542053223 26.903600692749 26.9309844970703 26.9177112579346 27.0974197387695 27.7829895019531 28.0819892883301 28.8135147094727 28.7583293914795 28.4959392547607 28.683198928833 29.1057376861572 29.9525337219238 30.3984336853027 30.3863945007324 30.2327213287354 30.1046504974365 29.5080547332764 28.9698848724365 28.1619338989258 27.908863067627 26.8535175323486 26.6805934906006 26.5113182067871 26.4273509979248 26.146463394165 26.0881309509277 25.8224315643311 25.825439453125 25.9082565307617 25.5549583435059 25.7240104675293 25.9543647766113
21.6548805236816 21.8930149078369 21.9169406890869 22.5334396362305 23.3227710723877 23.7416858673096 24.3810729980469 24.9488735198975 25.5647411346436 26.3422203063965 26.8037967681885 27.2479305267334 27.4324741363525 27.549337387085 26.8982925415039 26.7551326751709 26.777416229248 27.177547454834 27.9129123687744 27.4602146148682 27.9306163787842 28.288366317749 28.0313301086426 28.4888858795166 28.8085308074951 29.8620185852051 30.03879737854 29.8934936523438 29.9097671508789 29.6475448608398 28.8501434326172 28.4647464752197 28.1016807556152 27.3257579803467 26.6841011047363 26.5614185333252 26.1157608032227 26.3412303924561 26.1958827972412 25.9049797058105 25.5560932159424 25.2227649688721 25.5240058898926 25.6588897705078 25.7630004882813 25.6079368591309
20.9329471588135 21.652416229248 22.1753730773926 22.5148639678955 23.400842666626 23.6388912200928 24.2862682342529 24.8289127349854 25.3308544158936 26.7424240112305 27.1786365509033 27.6882953643799 27.1985664367676 26.8676948547363 26.6492462158203 26.5440063476563 26.5280475616455 26.7240295410156 27.0584182739258 27.0850811004639 27.4062404632568 27.8968505859375 27.8760871887207 28.4410057067871 28.7788467407227 29.2184715270996 29.7302951812744 29.3523941040039 29.1350326538086 28.6743030548096 28.3430614471436 27.8006744384766 27.3511009216309 27.2498874664307 26.8324127197266 26.5642108917236 26.3018493652344 25.6894092559814 25.5017127990723 25.1900501251221 25.2314643859863 24.9528141021729 25.18994140625 25.2702236175537 25.2162494659424 25.4678173065186
21.707576751709 21.9350624084473 22.3954238891602 22.5619468688965 23.2919635772705 24.1132011413574 24.5315399169922 25.1148433685303 26.1218299865723 26.9249610900879 27.6703872680664 27.7674903869629 27.6166610717773 27.0186824798584 26.8814830780029 26.4635810852051 26.4594383239746 25.9801712036133 26.3343772888184 26.8700275421143 27.1992969512939 27.6078357696533 27.6636714935303 27.9209766387939 27.9678192138672 28.2952537536621 28.9851303100586 29.0920886993408 29.5939502716064 28.9559593200684 28.5205326080322 28.2586669921875 27.9509143829346 27.295654296875 26.7765731811523 26.5552425384521 26.2469081878662 25.321647644043 24.7119541168213 23.4234104156494 24.4329700469971 24.7711219787598 24.8392086029053 25.003324508667 25.3708553314209 25.4493446350098
21.7295093536377 22.2031345367432 22.9146099090576 22.9747714996338 22.993106842041 23.7978839874268 24.6219444274902 25.340539932251 26.3709182739258 26.9986019134521 27.3357124328613 27.5681896209717 27.0360565185547 26.6753234863281 26.0276031494141 26.2168121337891 26.1853694915771 26.2406425476074 26.606632232666 27.2214450836182 26.9860916137695 27.1058235168457 26.8947143554688 27.4134540557861 27.8339557647705 27.8678150177002 28.2854537963867 28.1693458557129 28.6205558776855 28.114990234375 27.4760112762451 26.9120063781738 26.798656463623 26.5145931243896 26.6556625366211 26.0354995727539 25.658353805542 25.9413566589355 25.5572147369385 25.2782611846924 25.3823871612549 25.5171527862549 25.5422286987305 25.99192237854 25.7222194671631 25.4992389678955
22.1978931427002 22.1949348449707 23.3058452606201 23.3516006469727 24.0049114227295 24.187463760376 24.7341442108154 25.3045539855957 25.5819816589355 26.5814037322998 27.0424537658691 27.045108795166 26.7074890136719 26.4023551940918 25.6979789733887 25.725772857666 25.9665908813477 25.9762783050537 26.1139011383057 25.8373928070068 25.9532146453857 25.885913848877 26.1876621246338 26.4036750793457 26.3263454437256 27.3458423614502 27.8435077667236 28.423490524292 28.3380851745605 28.3451347351074 27.5058708190918 27.2381916046143 26.95556640625 26.5597991943359 26.5088691711426 26.4349212646484 25.738920211792 25.5088081359863 25.7709846496582 25.6518402099609 25.8062877655029 25.6854763031006 25.4977684020996 25.3822956085205 25.8904666900635 25.4398212432861
22.4855136871338 22.2405433654785 22.6171417236328 23.0794773101807 23.7127647399902 23.5823211669922 24.6964778900146 25.2785129547119 25.5087795257568 25.5901527404785 26.1684474945068 25.9275951385498 25.4208965301514 25.7351150512695 25.2080230712891 25.0048599243164 24.8024272918701 24.3737335205078 24.9314098358154 25.1729850769043 25.5462341308594 25.6692810058594 25.8529796600342 26.8819541931152 27.2039337158203 27.3134708404541 27.6056594848633 27.8126182556152 27.6842308044434 28.0022373199463 27.856782913208 27.2824440002441 27.0254917144775 27.0781593322754 27.0951538085938 26.3561115264893 25.7748737335205 25.3840751647949 25.4771099090576 26.0486946105957 25.6134433746338 25.4349479675293 25.6738376617432 25.3096218109131 25.527006149292 25.620096206665
22.6454086303711 22.1897792816162 22.6542854309082 22.8413333892822 22.55641746521 22.8636455535889 23.9246597290039 24.7769165039063 25.6005039215088 25.4282970428467 25.5852222442627 25.4738330841064 25.4705410003662 25.1168823242188 24.880350112915 24.8442935943604 24.57080078125 24.4802398681641 24.4356594085693 24.4285163879395 24.9142894744873 25.2618827819824 25.5078926086426 25.8449611663818 26.1876583099365 26.5275573730469 26.5275707244873 26.8993988037109 27.6367931365967 27.3553581237793 27.5049819946289 27.2872943878174 26.6560592651367 26.5588207244873 26.5546188354492 26.9050426483154 26.8287353515625 26.7572727203369 26.0408058166504 26.4314613342285 26.429744720459 26.1444206237793 26.3002014160156 24.8946437835693 24.8069953918457 24.7258911132813
22.5080318450928 22.4379100799561 22.4739360809326 22.2877826690674 22.1138019561768 22.8584213256836 23.8690490722656 24.4543399810791 24.7812194824219 25.4920692443848 25.5860557556152 24.8336277008057 25.0322723388672 24.436164855957 23.9591102600098 23.7330284118652 23.4846591949463 24.1913909912109 24.2141342163086 24.0108013153076 24.6892986297607 25.7627010345459 25.8705043792725 26.3211345672607 26.4242248535156 26.3551082611084 26.2450904846191 26.5558032989502 27.3434104919434 27.0537185668945 26.929027557373 27.0601558685303 27.1969680786133 27.1239414215088 26.623104095459 26.2942314147949 26.3631420135498 26.6232051849365 26.2877788543701 26.3570194244385 26.0527744293213 25.8553123474121 26.160457611084 26.3559627532959 25.3707599639893 24.4260196685791
22.3842010498047 21.9153099060059 21.223970413208 21.9397144317627 22.4147872924805 23.1777877807617 23.8599815368652 24.0864238739014 24.2995338439941 24.6231899261475 25.0163536071777 25.1343326568604 24.4291172027588 23.8665218353271 24.4513969421387 23.9533405303955 24.5640602111816 25.2058010101318 24.9249801635742 24.6395454406738 24.9294967651367 25.5314388275146 25.6800498962402 26.0964031219482 26.6072273254395 26.6572780609131 26.6232948303223 26.5312843322754 26.5445823669434 26.8763027191162 26.747730255127 26.3614082336426 26.2303981781006 26.5561466217041 26.8815250396729 26.2970714569092 25.8204860687256 25.7339534759521 25.9592952728271 26.4371738433838 25.9201011657715 25.5764656066895 25.8037357330322 25.7348098754883 25.0429248809814 24.1476192474365
22.0435791015625 21.3680400848389 21.3517246246338 22.4282379150391 23.0189895629883 23.3857803344727 23.483039855957 24.0032405853271 24.4143810272217 24.8007507324219 24.4064674377441 24.0197315216064 24.525390625 23.8403282165527 23.9081497192383 24.3862247467041 24.5573768615723 24.7132759094238 24.513355255127 24.4504795074463 25.4121112823486 25.7389392852783 25.9107913970947 26.0781803131104 26.1363220214844 26.3677062988281 26.3404865264893 25.8037700653076 25.7384185791016 26.1778697967529 26.4423866271973 26.0718955993652 26.1039772033691 26.2951354980469 26.0312728881836 25.4765701293945 25.4848937988281 26.5718173980713 26.2862224578857 26.5900897979736 25.8273448944092 25.7278423309326 24.7292423248291 24.7566947937012 24.2218532562256 23.6820888519287
21.6938362121582 21.4170513153076 22.0962047576904 22.5636425018311 23.1547183990479 23.5922508239746 23.5515213012695 23.4221897125244 23.9308433532715 24.3458557128906 24.1904792785645 23.7696151733398 23.652759552002 23.5249538421631 23.6610984802246 23.4489288330078 24.3727912902832 23.8075313568115 24.1398181915283 24.1166820526123 24.4376087188721 25.3861141204834 25.4935092926025 25.5130214691162 25.5743217468262 25.819429397583 26.0613746643066 25.9746589660645 26.0875778198242 25.8935222625732 26.200122833252 25.986686706543 26.0159435272217 26.0708255767822 26.0215950012207 25.870246887207 26.0982666015625 25.7582035064697 25.9036102294922 26.5596942901611 26.2412586212158 25.4743251800537 24.8870334625244 24.4071826934814 23.6162052154541 23.2146282196045
21.6202087402344 22.0416851043701 22.1807479858398 22.6535167694092 22.7368659973145 23.4513664245605 23.7664546966553 24.1277656555176 24.5826110839844 24.3391819000244 24.1456451416016 23.3061981201172 23.1131572723389 22.8239440917969 23.4766635894775 23.7262668609619 23.1006412506104 23.7579860687256 24.2859172821045 24.241756439209 24.4490737915039 24.4164218902588 24.410831451416 24.1837272644043 25.2260704040527 26.4974670410156 25.253231048584 25.4951953887939 25.5649490356445 25.3154048919678 25.6601676940918 25.9635238647461 26.5216083526611 26.0030956268311 26.1085929870605 25.4442081451416 25.7966899871826 25.1182918548584 24.7701206207275 24.8456020355225 25.5299472808838 24.8714389801025 24.4120483398438 24.2974662780762 23.4115829467773 22.9936141967773
