input_data/future_climate/BCC_CSM2_585/_bio19_a.asc
ncols  331
nrows  193
xllcorner  17.833372883333
yllcorner  37.9999896166667
cellsize 0.1666667
NODATA_value  -9999
[rows 0 to 29 of 193, columns 69 to 137 of 331]
112.909088134766 118.625 116.363632202148 118.16667175293 127.416664123535 129.857147216797 131 -9999 -9999 -9999 -9999 -9999 -9999 -9999 -9999 -9999 -9999 -9999 -9999 -9999 -9999 -9999 -9999 -9999 -9999 -9999 -9999 -9999 -9999 -9999 -9999 -9999 -9999 -9999 -9999 -9999 -9999 -9999 -9999 -9999 -9999 -9999 -9999 -9999 -9999 -9999 -9999 -9999 -9999 -9999 -9999 -9999 -9999 -9999 -9999 -9999 -9999 -9999 -9999 -9999 -9999 -9999 -9999 -9999 -9999 -9999 -9999 -9999 -9999
108.9375 111.1875 111.888885498047 116.25 118.83332824707 121.599998474121 123 -9999 -9999 -9999 -9999 -9999 -9999 -9999 -9999 120.625 118.33332824707 114.375 108 -9999 -9999 -9999 -9999 -9999 -9999 -9999 -9999 -9999 -9999 -9999 -9999 -9999 -9999 -9999 -9999 -9999 -9999 -9999 -9999 -9999 -9999 -9999 -9999 -9999 -9999 -9999 -9999 -9999 -9999 -9999 -9999 -9999 -9999 -9999 -9999 -9999 -9999 -9999 -9999 -9999 -9999 -9999 -9999 -9999 -9999 -9999 -9999 -9999 -9999
101 103.375 107 110.3125 114.125 120.0625 122.4375 125.625 127.071426391602 127.5 128.33332824707 127.75 123 120.75 125.214286804199 123.533332824707 121.375 114.75 111.9375 110 112.083335876465 110.333335876465 106.666664123535 -9999 -9999 -9999 -9999 -9999 -9999 -9999 -9999 -9999 -9999 -9999 -9999 -9999 -9999 -9999 -9999 -9999 -9999 -9999 -9999 -9999 -9999 -9999 -9999 -9999 -9999 -9999 -9999 -9999 -9999 -9999 -9999 -9999 -9999 -9999 -9999 -9999 -9999 -9999 -9999 -9999 -9999 -9999 -9999 -9999 -9999
97.5625 100.9375 101.5 102.5 106 109.625 115.125 120.5625 123.75 122.25 121.625 120.5625 121.8125 120.75 118.875 116.125 113.933334350586 115.461540222168 113.266662597656 109 110 109.636367797852 105.5 -9999 -9999 -9999 -9999 -9999 -9999 -9999 -9999 -9999 -9999 -9999 -9999 -9999 -9999 -9999 -9999 -9999 -9999 -9999 -9999 -9999 -9999 -9999 -9999 -9999 -9999 -9999 -9999 -9999 -9999 -9999 -9999 -9999 -9999 -9999 -9999 -9999 -9999 -9999 -9999 -9999 -9999 -9999 -9999 -9999 -9999
93.75 93.1875 93.5625 97.1875 100.8125 107.75 113.375 114.375 113.75 112.9375 111.4375 113.5 113.1875 111.5625 110.3125 109.375 108.5625 107.1875 105.9375 106.875 107.8125 109.357147216797 111.5 103.181816101074 104.222221374512 -9999 -9999 106 104.625 100.199996948242 93.5 -9999 -9999 -9999 -9999 -9999 -9999 -9999 -9999 -9999 -9999 -9999 -9999 -9999 -9999 -9999 -9999 -9999 -9999 -9999 -9999 -9999 -9999 -9999 -9999 -9999 -9999 -9999 -9999 -9999 -9999 -9999 -9999 -9999 -9999 -9999 -9999 -9999 -9999
91.5 91.4375 95.4375 96.875 100.6875 105.25 107.75 109.25 109.5 108.625 107.375 108.25 107.8125 105.6875 104.375 102.375 101.0625 101.3125 101.1875 100.5625 100.3125 102.5625 105.1875 109.3125 102.066665649414 105.5 103.066665649414 102.6875 101.5 99.8125 95.7142868041992 93.1818161010742 91.1818161010742 89.2857131958008 87.2857131958008 90.25 91.125 89.5 89.75 86.3333282470703 -9999 -9999 -9999 -9999 -9999 -9999 -9999 -9999 -9999 -9999 -9999 -9999 -9999 -9999 -9999 -9999 -9999 -9999 -9999 -9999 -9999 -9999 -9999 -9999 -9999 -9999 -9999 -9999 -9999
91.1875 92.8125 94.875 96.125 97.8125 99.875 102.3125 103.9375 105.75 106.4375 106.8125 104.625 102 99.0625 97.9375 96.4375 95.5 94.75 94 96.125 96.5 96.5625 98.9375 102.125 107.125 99.3125 101 101.75 100.6875 99.875 97.1875 95.5 94.1875 91.9375 90 90.875 91.875 92.4375 91.6875 92.875 92.0769271850586 92 89.3333282470703 90 -9999 -9999 -9999 -9999 -9999 -9999 -9999 -9999 -9999 -9999 -9999 -9999 -9999 -9999 -9999 -9999 -9999 -9999 -9999 -9999 -9999 -9999 -9999 -9999 -9999
91.0625 91.5 92.1875 93.0625 95.6875 96.75 97.9375 100.125 101.0625 100.8125 99.1875 98.1875 96.6875 94.625 93.5625 91.25 90.75 91 90.25 89.125 88.75 89.0625 90.9375 95.375 99.625 101.875 102.75 102.5625 101.625 99.6875 97.375 95.25 94.0625 92.9375 91 90.8125 90.875 90.75 92.75 94.25 94.6875 94.625 94.8125 94.875 93.1428527832031 93.875 91.25 -9999 -9999 -9999 -9999 -9999 -9999 -9999 -9999 -9999 -9999 -9999 -9999 -9999 -9999 -9999 -9999 -9999 -9999 -9999 -9999 -9999 -9999
90.875 91.125 91.5625 93.4375 93.875 94.875 95.25 95.9375 95.5 95.5 95 93.5 92 91.125 88.375 85.9375 86.875 85.9375 85.6875 84.75 84.5 85 86.0625 90.375 94.75 96.9375 98.875 99.875 98.4375 96.5625 95.1875 94.375 92.375 90.75 88.9375 88.75 89.625 90.6875 92.5 94.9375 94.8125 95.375 95.625 96.75 97.375 97.3125 97.375 95.4375 93.6666641235352 92 88 -9999 -9999 -9999 -9999 -9999 -9999 -9999 -9999 -9999 -9999 -9999 -9999 -9999 -9999 -9999 -9999 -9999 -9999
90.75 91.5625 92.5 92.8125 94.5625 96 95.1875 94.25 94.875 94.1875 92.875 92.0625 89.75 87.25 84.4375 83.6875 82.8125 84.4375 84.9375 83.6875 83.125 82.75 83.0625 84.75 88.5 93.5625 94 95.5625 96.4375 95.3125 93.5 92.3125 90.0625 87.6875 87.625 87.625 89.625 91.0625 92.5 94.0625 94.5 95.5 95.375 95.5 96.9375 98.4375 98.6875 99.125 99.3125 97.625 95.125 93.6999969482422 89 -9999 -9999 -9999 -9999 -9999 -9999 -9999 -9999 -9999 -9999 -9999 -9999 -9999 -9999 -9999 -9999
93.125 93.6875 96.125 99.875 99.125 99.5 97.5625 97.25 98.75 96.4375 94 91.5625 89 86.625 85.3125 85.5625 83.3125 82.875 84.25 80.75 78.9375 77.75 81.125 80.9375 84.375 89.5 93.75 96.625 95.375 93 90.9375 90.375 88.25 87.25 87.1875 87.125 89.375 91.625 92.75 93.8125 94.6875 95.75 96.8125 98.6875 95.0625 95.9375 96.8125 96.9375 98.3125 97.75 97.75 96.125 93.4375 90.8461532592773 88.75 88.75 86 -9999 -9999 -9999 -9999 -9999 -9999 -9999 -9999 -9999 -9999 -9999 -9999
95.6875 95.625 98 96.9375 97 97.8125 96.625 96 97.5625 102.875 98.8125 94.6875 93.875 89.3125 88.375 88 86.625 84.3125 83.875 78.6875 78.75 77.4375 77.6875 80.75 85 88.8125 92.8125 95.5 94.375 90.9375 88.75 86.75 84.8125 84.3125 84.75 85.3125 88.1875 90.0625 92 93.25 93.4375 94.6875 95.9375 97.4375 98.125 98.625 99.4375 96.875 98.3125 98.5 98.625 97 94.8125 93.875 92.1875 92.875 91.8125 90.8571395874023 89.8333358764648 86 -9999 -9999 -9999 -9999 -9999 -9999 -9999 -9999 -9999
96.75 97.125 96.8125 97.875 99.3125 97.5625 97.1875 97.25 97.125 96.4375 96.1875 98.6875 99.3125 98.375 93.375 91.8125 88.3125 87.0625 90.8125 80.25 75.4375 75.625 79.625 84.25 88.125 91.1875 92.1875 93.125 93.125 90.25 88.125 86.0625 84.1875 83 83.75 85.375 87.125 89.625 90.5625 91.9375 92.375 93.8125 95.375 97.1875 97.5625 98.8125 99.4375 100.5625 101.5625 97.125 97.3125 97.125 97.125 96.125 95.8125 95.8125 94.625 95 94.125 92.9375 90.4166717529297 87.1428527832031 90.4545440673828 90 -9999 -9999 -9999 -9999 -9999
100.0625 99.4375 99.9375 99.4375 98.0625 97.625 100.375 100.875 98.5 98.6875 99.9375 95.875 95.0625 94.375 95.375 95.8125 93.9375 89 98.75 90.8125 82.875 79.4375 84 90.5 94.1875 95.9375 97.3125 96.75 93.5 89.6875 90.1875 92.625 90.9375 88.5625 84.0625 83.5 85.875 87.0625 88.6875 90.25 91.625 94 95.25 96.1875 96.6875 97.75 98.8125 99.3125 99.8125 99.375 99.375 100 96.1875 95.75 94.5 94.0625 94.0625 93.875 95.1875 94.9375 94.5625 93.9375 93.8125 94.1875 88.8000030517578 84.3000030517578 81.3333282470703 -9999 -9999
102.9375 104.6875 104 102.125 99.4375 98.5625 98.6875 99.25 99.5 97.75 95.875 95.3125 95.1875 96 93.6875 92.125 89.875 89.375 98.625 89.3125 86.5 87.3125 93.875 101.5 107.8125 106.6875 106.8125 101.375 96.625 92 92.3125 98.0625 93.8125 89.25 83.75 84.5625 85.75 86.6875 88.25 89 90.5625 91.4375 93.1875 94.6875 95.5 97.1875 97.9375 97.9375 97.5 97.125 97.5 97.3125 98 97.25 93.8125 92.6875 92.8125 92.6875 94.375 95.1875 95.375 95.3125 94.8125 94.5 91.75 87.3125 83.1538467407227 81.8000030517578 79.6999969482422
107.3125 107.8125 106.625 106.1875 105.0625 104.75 104.1875 101.9375 99.9375 98.25 96.6875 95.5625 95.1875 93.9375 93.375 93.25 92.8125 92.375 91.9375 91.5 91.5 94.1875 100.3125 104.625 105.125 105.375 104.875 103.125 96.75 90.9375 89.375 87.0625 85.4375 84.625 84.3125 85.8125 86.9375 86.6875 86.5 87.5625 88.0625 89.1875 89.75 90.5625 93.0625 93.625 94.875 95.375 95.5625 96.75 96.375 95.75 96 95.6875 95.1875 92.1875 92.0625 93.25 93.0625 93.5625 93.1875 92.5625 91.5 90.1875 89.3125 88.4375 86.6875 85 83.6875
109.25 110.1875 107.375 105.6875 106.125 106.8125 106.375 102.3125 100.25 100.5 100.8125 102.125 99.75 96.5625 96.75 95.9375 95.5 96.0625 96.3125 96.75 97.3125 99.4375 101.8125 103.5625 103.625 101.375 99 96.3125 93.75 90.8125 89.6875 88.625 87.0625 86.25 85 84.625 86.375 87.625 87.6875 87.125 86.9375 87.5625 88.1875 89.4375 90.75 91.9375 93.125 93.375 92.6875 92.25 91.875 91.5 91.875 92.0625 92.875 92.875 93.375 93.9375 90.9375 90.375 90.25 90.375 89.75 88.3125 87 85.5625 83.6875 81.8125 81.875
110.125 107.8125 106.75 106.0625 106.3125 105.875 107.1875 106.875 104.25 104.3125 104.625 104 101 99.1875 98.5625 98.875 98.9375 99.5 100.375 101.5 101.875 103.5 104.75 103.5 101.6875 99.75 98.25 95.375 92.875 91.4375 89.375 88.8125 87.125 85.875 84.1875 83.1875 83.3125 84.3125 85.625 85.5625 85.875 86.375 87.5 88.4375 89.375 90.5625 91.1875 91.75 91.1875 90.625 90 89.6875 89.75 90 89.4375 89.375 89.875 89.8125 90.125 89.6875 89.25 88.9375 88.375 86.5625 83.4375 81.9375 80.125 78 78.0625
108.625 108.875 107.0625 105.8125 105.4375 105.3125 104.1875 104 103 102.3125 100.9375 103.1875 103.1875 101.5 98.6875 98.125 98.1875 100.125 102.214286804199 104 104.153846740723 104.875 103.5625 102.25 100.1875 99.1875 97.1875 94.75 92.8125 91.0625 89.375 88.8125 87.125 85.5625 83.375 83 82.125 81.5625 82.5 82.875 84.375 85.4375 86.6875 87.375 88.125 88.875 88.5 88.5625 88.5 88.125 87.875 87.5625 87.4375 87.3125 87.25 87.0625 87.8125 87.1875 86.125 84.5625 84.6875 83.4375 82.75 81.75 79.875 77.4375 75.875 75.5625 74.6875
106.75 107 107.8125 107.6875 104.5 101.1875 99.8125 100.625 99.875 99.4375 99.9375 98.5 99.0625 98.3125 98.5625 98.8125 98.875 100.9375 101.25 102.363632202148 107.66667175293 104.66667175293 104.866668701172 102.5 99.4375 97.75 95.875 93.6875 92.875 90.9375 89.3125 87.6875 86.125 84.9375 83.3125 82.4375 81.75 80.75 81.1875 80.875 81.5 82.5625 84.0625 84.875 85.3125 86.1875 86.5625 86.8125 86.9375 86.5625 86.3125 86.6875 86.8125 87.0625 87 86.5 85.875 85.125 84.8125 84 82.25 81.5 80.1875 78.625 77 74.875 74.875 73.875 72.875
106.75 107.125 105.625 104.375 102.0625 99.6875 98.125 98.125 98.5 97.6875 98.5625 100.0625 97.375 97.5625 97.75 98.5 99.875 100.125 100.75 100.8125 100.428573608398 101 102.199996948242 99.5 97.6999969482422 96.6923065185547 97 94.3125 91.875 90.0625 89.125 87.125 85.6875 84.1875 83 82.125 81.4375 80.5625 79.1875 78.625 79.4375 80.8125 81.8125 82.25 83.375 83.6875 83.9375 84.4375 84.625 85.0625 85.25 85 84 84.375 84.6875 84.875 84.375 83.4375 81.625 80.375 79.6875 78.8125 78.25 76.375 74.375 73.375 70 70.1875 68.9375
104.6875 104.9375 104.3125 103.5625 103.375 100.9375 99.375 97.5 97 97 97.25 97.3125 98.1875 97.8125 97.25 97.625 98.5 98.75 99.3125 100.3125 99.25 99 98.8000030517578 98.6428527832031 97.2222213745117 99 -9999 -9999 -9999 92.6666641235352 89.75 86.8461532592773 84.1111145019531 83.1999969482422 82.0625 81.0625 80.125 79 78.6875 78.75 77.6875 78.4375 78.8125 79.1875 80.875 81.375 81.75 83.125 83.4375 83.875 83.875 84.375 83.9375 83.875 83.75 82.75 81.6875 78.0625 77.625 76.5625 76 74.0625 73.5625 73.25 71.1875 69.6875 65.75 62.8125 62.2000007629395
104.25 103.75 102.4375 102.8125 103.5 102.5625 99.3125 97.75 96.5 96.5625 97.8125 97.875 98.0625 98.25 98.0625 98.4375 98.8125 98.9375 98.625 99.0625 99 98.9375 97.9375 96.5 96.5 94.1333312988281 98.125 95.5 -9999 -9999 -9999 -9999 -9999 -9999 -9999 80.25 78.5454559326172 78 77.5999984741211 76.875 71.6875 77.625 76.625 75.875 76.6875 77.5 78.9375 79.9375 80.875 82.1875 82.5 82.75 83 83.0625 81.4375 80.3125 80.1875 74 73.9375 73.5 71.5 70.75 69.125 68.375 66.8125 65.2666702270508 63.4166679382324 62.25 -9999
104.6875 101.875 101.625 102.25 102.4375 101.3125 100.5 98.4375 97.3125 97.9375 97.1875 97.4375 98.3125 97.3125 98.0625 99 98.9375 99.3125 98.875 98.5 98.4375 97.75 96.875 95 94.5 92.3125 91.1875 90.0714263916016 87.25 86 -9999 -9999 -9999 -9999 -9999 -9999 -9999 -9999 -9999 -9999 75 74.25 74.3333358764648 74.5 74.375 75.25 76.4000015258789 76.8333282470703 79 80.1875 80.3125 80.125 80.625 80.5625 79.9375 79.5 73.3125 71.25 70.9375 68.6875 66.1875 65.9375 65.9230804443359 66.6363677978516 65.5714263916016 -9999 -9999 -9999 -9999
105.125 103 102.5 102.125 101.625 101.875 100.5625 97 97.875 98.5625 98.625 97.375 97.125 97 97.625 97.9375 98.1875 98.3125 97.9375 97.8125 97.0625 97.5 96.3125 94.0625 92.75 90.9375 89.3125 88.0625 85.8125 84.5625 82.1538467407227 80.5 -9999 -9999 -9999 -9999 -9999 -9999 -9999 -9999 -9999 -9999 -9999 -9999 -9999 -9999 -9999 -9999 79 79 78.75 78.625 79.0909118652344 79 79.5833358764648 79.3333358764648 70.8181838989258 70.625 70.25 68 67 -9999 -9999 -9999 -9999 -9999 -9999 -9999 -9999
103.75 102.875 102.25 101.75 101.375 101.25 100.125 101.125 99 97.8125 97.625 97.5 96.75 96.5625 96.75 97.0625 97.3125 97.5625 96.8125 96.5 96.375 96.6875 95.1875 93 91.3125 89.875 88.25 86.3125 84.8125 82.9375 81.5625 79.25 78.0909118652344 78 -9999 -9999 -9999 -9999 -9999 -9999 -9999 -9999 -9999 -9999 -9999 -9999 -9999 -9999 -9999 -9999 -9999 -9999 -9999 -9999 -9999 -9999 -9999 -9999 -9999 -9999 -9999 -9999 -9999 -9999 -9999 -9999 -9999 71.1111145019531 69.5625
102.75 102 102.25 101.3125 100.75 100 99.4375 98.3125 98.3125 97.875 96.625 96.125 96.3125 96.6875 97.625 97.25 97.0625 96.625 94.75 94.3125 94.0625 93.4375 92.25 91.5 90.25 89.1875 87.5625 85.6875 83.1875 81.375 79.5 77.3125 76 75.3333358764648 75.25 -9999 -9999 -9999 -9999 -9999 -9999 -9999 -9999 -9999 -9999 -9999 -9999 -9999 -9999 -9999 -9999 -9999 -9999 -9999 -9999 -9999 -9999 -9999 -9999 -9999 -9999 -9999 -9999 -9999 78.5 74.375 73.0714263916016 71.4375 72
102.9375 102.0625 101.75 101.5625 100.25 100.0625 98.125 98.125 98.1875 98.1875 97.4375 96.6875 96.25 95.8125 95.6875 94.875 95.5625 94.9375 93.625 93.3125 92.3125 91.875 90.8125 89.875 88.5 87.25 85.9375 84.875 83.25 80.625 78 76.6875 75.3333358764648 79 -9999 -9999 -9999 -9999 -9999 -9999 -9999 -9999 -9999 -9999 -9999 -9999 -9999 -9999 -9999 -9999 -9999 -9999 -9999 -9999 -9999 -9999 -9999 -9999 -9999 -9999 -9999 -9999 88.3333358764648 82.5999984741211 80.125 77.6875 74.75 74.8125 75.375
103.9375 103 102.6875 102 101.25 101.125 99.625 98.3125 98.375 98.0625 97.125 96.8125 96.3125 96 95.375 94.375 94.3125 93.625 92.9375 92.5 91 90.5625 89.125 88.375 87.6875 85.5625 84.75 82.5625 80.875 78.75 76.625 75.3000030517578 75 -9999 -9999 -9999 -9999 -9999 -9999 -9999 -9999 -9999 -9999 -9999 -9999 -9999 -9999 -9999 -9999 -9999 -9999 -9999 -9999 -9999 -9999 -9999 -9999 -9999 -9999 -9999 -9999 -9999 90.6923065185547 87.6875 82.875 79.8125 78.625 77.6875 77.625
107.125 105.6875 103.9375 104.1875 102.1875 101 100.1875 99 98.8125 97.25 95.625 96.1875 95.3125 95.0625 94.75 94.4375 93.4375 92.875 92.125 90.875 90.25 90.0625 89.125 88.25 87.125 86.1875 84.1875 83.4375 81.8125 80.625 77.3125 76.2222213745117 75.5 -9999 -9999 -9999 -9999 -9999 72 72 71 -9999 -9999 -9999 63.5 -9999 -9999 -9999 -9999 -9999 -9999 -9999 -9999 -9999 -9999 -9999 -9999 -9999 -9999 -9999 -9999 -9999 89 86.8461532592773 83 81.4375 80.8125 81.5625 81.75
