input_data/future_climate/BCC_CSM2_585/_bio15_a.asc
ncols  331
nrows  193
xllcorner  17.833372883333
yllcorner  37.9999896166667
cellsize 0.1666667
NODATA_value  -9999
[rows 20 to 39 of 193, columns 184 to 229 of 331]
36.1345291137695 34.6353874206543 33.916332244873 34.3921508789063 33.3134841918945 34.0008125305176 34.1017608642578 33.9471893310547 34.3440704345703 34.3204307556152 34.2542572021484 33.8960571289063 34.2068290710449 33.243278503418 33.3409614562988 33.8880615234375 34.1709861755371 34.5178260803223 34.518871307373 34.5284957885742 34.2949714660645 34.0716209411621 33.8359222412109 33.2746047973633 33.364128112793 33.6692962646484 33.7644805908203 33.1287078857422 32.0817413330078 32.8611259460449 32.8084297180176 32.2615394592285 31.9468669891357 32.2454872131348 32.208122253418 31.2809066772461 31.1645946502686 30.3510646820068 30.995454788208 30.5101852416992 31.1810054779053 31.0725936889648 31.6293067932129 32.6827392578125 33.5642547607422 33.35693359375
36.408935546875 35.2461128234863 33.7841148376465 33.641429901123 34.201530456543 33.4954681396484 33.1702690124512 33.8785057067871 33.8372116088867 33.8656845092773 33.6181106567383 33.1680564880371 33.6171417236328 33.627685546875 33.9129829406738 33.2093238830566 33.2513961791992 33.3755149841309 34.3098602294922 34.9477615356445 34.2587547302246 34.384204864502 33.9737586975098 32.7851371765137 33.0625495910645 32.9029769897461 33.0475082397461 33.1673889160156 32.6588287353516 32.3316955566406 32.5860977172852 32.7564811706543 32.6979064941406 32.5765380859375 31.6702136993408 31.2727108001709 30.5771217346191 30.4395999908447 31.4062881469727 30.4449977874756 30.5483341217041 30.7646236419678 32.3980331420898 32.7880439758301 32.4770011901855 32.9506034851074
34.8506774902344 34.6036224365234 33.9452323913574 33.1004486083984 32.6930389404297 33.5539093017578 33.3362007141113 33.430061340332 33.3169212341309 33.1099967956543 33.1770629882813 33.4834785461426 33.604736328125 33.4409713745117 32.9954643249512 33.5190734863281 33.525089263916 34.2571105957031 34.9621238708496 34.6452255249023 34.8120422363281 34.7427558898926 34.3854331970215 32.8189468383789 33.1493988037109 33.4571571350098 33.6744346618652 32.8176307678223 31.5873184204102 31.8854942321777 31.6914920806885 31.2809619903564 31.730131149292 32.0461387634277 31.7176780700684 30.762170791626 31.1151256561279 31.0456256866455 30.481164932251 30.2520885467529 31.2066383361816 31.1334342956543 31.6984233856201 32.2947120666504 32.2402687072754 32.7101097106934
34.2842254638672 33.7673988342285 33.3590621948242 33.3907470703125 32.4212799072266 33.2905960083008 32.7198333740234 32.4144897460938 32.9027900695801 33.1838226318359 33.3641242980957 33.2448234558105 33.2911796569824 33.0612449645996 33.2194404602051 33.9276123046875 33.8695983886719 34.2448120117188 34.3285713195801 34.491870880127 34.5099906921387 34.5885696411133 34.2476615905762 33.6521110534668 32.7233924865723 32.817756652832 33.6362342834473 32.514892578125 32.5662803649902 32.006706237793 31.9096832275391 32.665111541748 32.1346206665039 31.9163990020752 31.5141353607178 31.60866355896 31.1924419403076 31.024341583252 31.0532283782959 31.2573795318604 30.8700523376465 30.3458824157715 30.2802085876465 30.1096038818359 30.4206562042236 30.8914813995361
33.9908599853516 34.197021484375 32.9213104248047 32.600341796875 32.5371475219727 32.5991554260254 32.7445983886719 32.4732322692871 32.4717178344727 32.4278945922852 32.7417831420898 32.8862762451172 33.1466407775879 33.2706565856934 33.5063934326172 33.637767791748 33.0430603027344 33.2656478881836 33.3659744262695 33.8347206115723 34.384334564209 33.5889663696289 33.3793678283691 33.1293029785156 32.692440032959 33.4549255371094 33.8293914794922 33.0549049377441 32.7289199829102 32.1560363769531 32.178050994873 32.0361099243164 31.9398193359375 31.7706108093262 31.6032104492188 31.2145729064941 30.4907035827637 30.6132164001465 31.1290874481201 30.9141902923584 29.5988121032715 30.5645637512207 31.0149936676025 31.3914756774902 31.6494960784912 32.2893753051758
33.4114074707031 33.5366859436035 32.805248260498 32.9785537719727 32.5896873474121 32.4334564208984 32.4270324707031 32.4022598266602 32.7441902160645 32.367115020752 32.5863914489746 32.5758094787598 32.5180702209473 32.5559043884277 33.0295753479004 32.8714179992676 33.1105461120605 33.3054122924805 33.7397575378418 34.1114273071289 34.4668083190918 34.0669746398926 33.3706665039063 32.7079467773438 32.8613319396973 33.0370826721191 32.9547920227051 33.1030960083008 32.7855186462402 32.594123840332 32.3841323852539 31.7317428588867 31.8354644775391 31.9075164794922 31.6130046844482 31.5319404602051 31.4303798675537 31.0135917663574 30.8266201019287 30.0647792816162 31.0781917572021 31.4641933441162 31.640100479126 31.0698108673096 30.9921455383301 31.6838245391846
32.5008926391602 32.091926574707 32.344612121582 31.8288135528564 31.7445220947266 31.9417304992676 31.5489559173584 31.414213180542 31.3601093292236 31.7365245819092 31.914134979248 32.044792175293 32.312801361084 32.5080375671387 32.737361907959 32.2702331542969 32.6134910583496 33.10009765625 33.798412322998 33.7999153137207 33.7447166442871 32.7554817199707 32.4138984680176 33.5352668762207 33.3041229248047 33.1508331298828 32.8939514160156 32.5715751647949 32.6787185668945 32.6193771362305 32.1999092102051 31.7052631378174 31.7978591918945 31.4268779754639 31.0251579284668 30.4748764038086 29.9826812744141 30.8317718505859 30.7283916473389 31.5529880523682 31.5810089111328 31.5236473083496 31.5885715484619 31.7530193328857 31.4490661621094 31.3210697174072
31.7084407806396 31.7599430084229 31.8344764709473 31.3799877166748 30.8400001525879 31.260217666626 30.898962020874 30.9186248779297 30.9852542877197 30.8889865875244 31.0125904083252 31.8070335388184 31.8596954345703 32.0007209777832 32.1180801391602 32.349910736084 32.1827697753906 32.0539360046387 32.9899711608887 33.8850708007813 33.2929191589355 31.8121700286865 33.507926940918 33.4822959899902 33.3542251586914 32.6709175109863 32.7227363586426 32.6077613830566 32.5020713806152 31.7744598388672 31.7218151092529 31.7714881896973 31.4036483764648 30.8118553161621 30.6676578521729 29.841178894043 29.8860855102539 30.2346591949463 31.1733894348145 31.3036708831787 31.2980403900146 31.3756866455078 31.1649379730225 31.1841201782227 31.1247539520264 31.6730251312256
31.4320621490479 31.8216514587402 31.5218315124512 30.6608352661133 30.5170516967773 30.3501243591309 30.5219841003418 30.9208488464355 31.0666332244873 30.9773387908936 31.2053318023682 31.2387371063232 31.1670589447021 31.544132232666 31.6064376831055 31.9301338195801 32.497917175293 32.8364486694336 33.393180847168 33.1472053527832 32.9638061523438 32.8668556213379 32.9294242858887 32.8251457214355 33.0741882324219 33.0385246276855 32.822681427002 32.2983131408691 31.8671264648438 32.0695152282715 31.4415283203125 31.3932952880859 31.0813522338867 30.8998413085938 30.2680568695068 30.5465354919434 30.1088085174561 30.7517623901367 30.8669872283936 30.6922149658203 30.6596126556396 30.8535480499268 30.3912467956543 30.6638221740723 30.3101863861084 30.4002323150635
30.6983165740967 30.9166240692139 30.6227493286133 30.5361499786377 30.4384899139404 30.1482639312744 29.9118995666504 30.1283397674561 30.4361114501953 30.1400814056396 29.7005271911621 30.5442981719971 31.3966102600098 31.4433727264404 31.4655017852783 32.1971473693848 32.3983573913574 32.3471221923828 32.4895553588867 32.7308387756348 32.5354919433594 32.8914642333984 32.5642776489258 32.4974746704102 32.8585510253906 32.3498497009277 31.9854431152344 32.1551132202148 31.7405242919922 31.6247577667236 31.5236301422119 31.5387077331543 31.382984161377 31.2721519470215 31.2070083618164 30.7598743438721 30.7661552429199 30.6360130310059 30.1839733123779 30.4617233276367 30.3101634979248 29.5332508087158 28.6008396148682 28.11012840271 29.5755290985107 30.0146732330322
30.8879241943359 30.4046192169189 30.3050956726074 30.1601371765137 30.0300827026367 30.0444068908691 29.7920246124268 29.7888412475586 29.902099609375 30.644172668457 29.5039825439453 29.4332885742188 30.5016689300537 30.9426593780518 31.1618843078613 32.1494407653809 32.3500175476074 32.5154075622559 32.5668334960938 32.415470123291 32.2753410339355 32.3264846801758 32.066650390625 32.1450691223145 31.9878025054932 32.1660079956055 31.693883895874 31.7150077819824 31.5987796783447 31.9416408538818 31.6408958435059 31.2461166381836 31.0079612731934 31.2361907958984 30.9639339447021 30.7421417236328 30.5469646453857 30.223560333252 30.1630268096924 29.9256114959717 29.9030818939209 29.5558605194092 29.6285457611084 29.3747577667236 29.5867652893066 30.0233612060547
29.851770401001 29.6265525817871 29.6465492248535 29.8462085723877 29.9927730560303 30.347469329834 29.880802154541 29.9264907836914 30.0767250061035 30.1538219451904 30.1358470916748 30.4580593109131 30.0030765533447 30.4182662963867 30.4357414245605 31.0940017700195 31.9355812072754 31.4164600372314 32.286376953125 32.6037712097168 32.3605499267578 32.4140701293945 32.3583564758301 32.7172966003418 32.7441329956055 32.1010208129883 31.9242076873779 31.7044486999512 31.2525234222412 31.6694774627686 31.6101417541504 30.8162574768066 31.1622295379639 30.9969139099121 30.664701461792 30.4680023193359 29.8483219146729 29.8987236022949 29.5337066650391 29.2833633422852 29.4367237091064 29.401424407959 29.3481101989746 29.512243270874 29.5167102813721 29.8924999237061
29.8233509063721 29.8647327423096 30.0154476165771 30.0401573181152 30.015417098999 29.9680957794189 29.8518829345703 29.7312049865723 30.2206535339355 30.3716678619385 30.2307319641113 30.222957611084 29.5949649810791 30.1577053070068 30.6338996887207 31.0483665466309 31.3968601226807 31.8486919403076 31.9312133789063 32.1027297973633 32.0060691833496 32.2072257995605 32.3832588195801 31.7123203277588 31.4030685424805 31.4735507965088 31.8812713623047 31.6037197113037 32.3327293395996 31.4248790740967 31.3014831542969 31.2147045135498 30.609733581543 30.6214351654053 30.3463172912598 30.1443061828613 29.3109493255615 29.4747352600098 28.992000579834 28.7612457275391 28.835334777832 28.9365787506104 29.062313079834 29.2765426635742 29.3640060424805 29.3375854492188
30.0014362335205 30.0545349121094 30.0614929199219 30.0520782470703 30.1024417877197 30.3351955413818 29.7571754455566 29.6967353820801 30.0514717102051 30.0716514587402 30.1861324310303 30.6461372375488 30.083309173584 29.7722930908203 29.8788528442383 30.5193214416504 31.3079280853271 31.5743751525879 31.177885055542 32.6340789794922 32.5986633300781 31.7272987365723 30.7976341247559 31.3525447845459 31.5262031555176 31.1855220794678 31.5298767089844 31.796817779541 31.5906162261963 31.5686225891113 31.2103900909424 30.6502628326416 30.1531562805176 29.7435493469238 29.9220962524414 29.525390625 29.0695858001709 28.9503993988037 28.5850811004639 28.4471130371094 28.2784328460693 28.2619094848633 28.6131858825684 28.756404876709 28.9772167205811 29.2401638031006
29.7808132171631 29.9913558959961 30.3325576782227 29.9005832672119 30.0911178588867 29.9548683166504 29.974796295166 29.9553356170654 30.2992286682129 30.4349403381348 30.4265270233154 30.7475566864014 30.9649887084961 30.9406681060791 31.0511741638184 31.1239738464355 31.1281509399414 31.3427753448486 31.4752883911133 32.1254043579102 32.32568359375 32.2784767150879 31.395471572876 31.1484699249268 30.6680603027344 30.7996482849121 31.3241596221924 31.179594039917 31.5215511322021 30.9424343109131 30.6913547515869 30.4767875671387 29.9958114624023 29.0089435577393 29.1265544891357 28.9431018829346 28.3770561218262 28.6002140045166 28.300012588501 28.0711212158203 27.8897857666016 28.0370903015137 28.4628429412842 28.7697257995605 29.1006317138672 29.2595977783203
30.5420513153076 30.1703186035156 30.1118469238281 30.5792789459229 30.3310623168945 30.349494934082 30.5168323516846 30.2785530090332 30.4573364257813 30.3432788848877 30.5943069458008 31.0005397796631 31.4551086425781 31.8746585845947 31.9221515655518 31.2152042388916 31.2671432495117 31.5 31.2232246398926 31.7683887481689 32.4877777099609 31.9472236633301 32.339714050293 31.4806270599365 31.9098529815674 31.3820896148682 31.3136501312256 31.5865840911865 30.9268951416016 30.7701206207275 30.6038284301758 30.8702583312988 30.5949764251709 30.042179107666 29.3918266296387 28.6815280914307 28.3476276397705 28.2687301635742 27.9712371826172 27.7679691314697 28.0457801818848 28.2632312774658 28.4766788482666 28.6249523162842 28.892261505127 29.37526512146
30.848274230957 30.8478889465332 31.0225486755371 31.040901184082 30.5757541656494 30.8390712738037 30.8141822814941 30.6695442199707 30.4892082214355 30.3100776672363 30.513729095459 30.6998500823975 31.4899196624756 31.8668804168701 31.6130237579346 31.371955871582 31.4365921020508 31.4501609802246 31.3475437164307 31.3021106719971 32.0959091186523 31.9397392272949 32.0562210083008 31.805269241333 31.7722797393799 31.6068420410156 31.7751483917236 31.2250366210938 31.3778915405273 30.9785823822021 30.8775997161865 30.5491905212402 30.2213802337646 29.6954860687256 29.2773780822754 28.8310165405273 28.3063468933105 28.2907295227051 28.2202053070068 28.1652774810791 28.1504592895508 27.9303436279297 27.8632431030273 28.3105411529541 28.7926654815674 29.2119274139404
31.661937713623 31.3039531707764 31.1755847930908 30.9153156280518 30.9710063934326 31.019603729248 31.0191459655762 30.7265796661377 30.6250801086426 30.7509670257568 30.6740665435791 31.6324863433838 31.7932910919189 31.4023303985596 31.9093437194824 31.9270629882813 31.5927925109863 31.5592765808105 31.8390445709229 31.4365863800049 31.8753070831299 32.070442199707 31.6386260986328 31.5035800933838 31.3602905273438 31.4216461181641 31.3150997161865 31.0142402648926 30.9657573699951 31.1811676025391 30.4801826477051 30.1121788024902 29.9509925842285 29.9373035430908 29.1791439056396 28.9729633331299 28.7794742584229 28.5626220703125 28.2755870819092 28.0454978942871 28.4822902679443 28.4194927215576 28.2704277038574 28.3463077545166 28.61545753479 28.9632625579834
31.7859973907471 31.5877094268799 31.2952365875244 31.28835105896 31.014720916748 31.0910129547119 31.0889282226563 30.8936748504639 31.0540027618408 31.368143081665 31.2334632873535 31.0094814300537 31.6921787261963 31.727352142334 31.9157962799072 32.3417129516602 31.8852806091309 31.2097206115723 32.3541641235352 32.8193397521973 31.8935356140137 31.4847583770752 31.731409072876 31.4064483642578 31.4852733612061 31.4794406890869 31.3234901428223 31.564245223999 31.0616264343262 30.9173431396484 30.8435173034668 30.0992946624756 30.2683849334717 29.6885604858398 29.3104572296143 29.0727882385254 28.633846282959 28.5613021850586 28.3980197906494 28.1750049591064 28.2673950195313 27.9929294586182 28.2682819366455 28.9446182250977 29.0934352874756 29.3344345092773
32.9708251953125 32.2494621276855 32.0175857543945 32.1763534545898 31.5148868560791 31.8638534545898 32.4544448852539 32.0652732849121 32.2506637573242 31.9099521636963 31.7015533447266 31.4851169586182 31.7429695129395 31.8252944946289 31.8047828674316 31.9512252807617 32.1024475097656 32.003719329834 32.095085144043 32.4153022766113 32.1299057006836 32.0780334472656 31.7422962188721 31.5056571960449 31.5240535736084 31.5716819763184 30.8392467498779 31.1627388000488 30.9871006011963 29.8732738494873 30.0524864196777 29.3947772979736 29.7118034362793 29.360164642334 29.3076934814453 29.3573780059814 29.1956443786621 28.9375190734863 28.6771545410156 28.6822910308838 28.7434101104736 29.1369762420654 29.1922264099121 29.2944202423096 29.558536529541 29.5079956054688
