input_data/future_climate/BCC_CSM2_585/_bio10_a.asc
ncols  331
nrows  193
xllcorner  17.833372883333
yllcorner  37.9999896166667
cellsize 0.1666667
NODATA_value  -9999
[rows 21 to 41 of 193, columns 0 to 45 of 331]
11.533332824707 11.109375 11.4854164123535 11.435417175293 11.6916666030884 11.9677085876465 12.4968748092651 12.7885417938232 13.0322914123535 13.2270832061768 13.4010410308838 13.5166664123535 13.59375 13.6125001907349 13.6208333969116 14.0625 13.6625003814697 13.5666666030884 13.6885414123535 13.6354169845581 13.328125 13.0822916030884 13.1260414123535 13.3645839691162 13.7614583969116 14.1843748092651 14.5968742370605 14.6729164123535 14.4322919845581 14.5177087783813 14.3052082061768 14.1302089691162 14.1572914123535 13.9718751907349 13.9343757629395 14.1322917938232 14.2593755722046 13.9927082061768 14.0427083969116 14.185417175293 14.1260414123535 14.0499992370605 13.8645839691162 13.8208332061768 13.8697919845581 13.9427089691162
12.1447916030884 12.3177080154419 12.0239582061768 12.0572919845581 12.25 12.0333337783813 12.1052083969116 12.3468751907349 12.4041662216187 12.4937496185303 12.9572916030884 13.1989583969116 13.169792175293 13.4854164123535 13.7937498092651 14.1781244277954 14.4572916030884 14.3656253814697 14.1489582061768 13.9541664123535 13.7437496185303 13.6656246185303 13.4260416030884 13.8041667938232 13.6208333969116 13.6593751907349 14.2958335876465 14.6697912216187 14.8010416030884 14.7593746185303 14.8072919845581 14.5093746185303 14.3000001907349 14.2177085876465 14.515625 14.4718751907349 14.3583335876465 14.3635416030884 14.3239583969116 14.2802085876465 14.1135416030884 14.0479164123535 13.970832824707 13.9760417938232 14.0281248092651 14.1812505722046
12.4812498092651 12.4614582061768 12.1885414123535 12.5864582061768 12.9375 12.6968746185303 12.3531246185303 12.3156251907349 12.1729164123535 12.3249998092651 12.5406246185303 12.8645839691162 13.1520833969116 13.345832824707 13.8218746185303 14.2250003814697 14.3104162216187 14.5718746185303 14.6635417938232 14.4072914123535 14.1354169845581 14.2312498092651 14.232292175293 14.5520830154419 14.2874994277954 13.9916667938232 14.0677080154419 14.4197912216187 14.4614582061768 14.7104167938232 14.8427085876465 14.5687503814697 14.4791660308838 14.4604167938232 14.5989580154419 14.607292175293 14.6489582061768 14.4697914123535 14.3729162216187 14.3062496185303 14.2781248092651 14.2697916030884 14.2822914123535 14.2218751907349 14.3333339691162 14.2760419845581
12.8239583969116 12.8375005722046 12.4604167938232 12.3520832061768 12.4739580154419 13.0062503814697 12.8562498092651 12.9541664123535 12.9135417938232 13.0124998092651 13.1166667938232 13.5249996185303 13.9354162216187 13.8177089691162 13.8406248092651 13.9447917938232 14.0833339691162 14.5052089691162 14.9145832061768 14.5364580154419 14.3562498092651 14.377082824707 14.5437498092651 14.8083333969116 14.6364583969116 14.4885416030884 14.419792175293 14.5791664123535 14.7854166030884 14.9739580154419 14.8864583969116 14.7489585876465 14.7583332061768 14.8093748092651 14.7979164123535 14.830207824707 14.8718748092651 14.7135419845581 14.5541667938232 14.5416669845581 14.4656248092651 14.4468746185303 14.4291667938232 14.4375 14.3677082061768 14.2666664123535
12.8802080154419 12.8135414123535 12.4937496185303 12.6031255722046 12.6281251907349 13.0489587783813 12.904167175293 12.96875 12.9697914123535 13.4250001907349 13.4114580154419 13.7791662216187 14.0770835876465 14.6135416030884 14.576042175293 14.3937501907349 14.2083330154419 14.171875 14.4593753814697 14.4541673660278 14.8604164123535 14.9458332061768 14.9541664123535 14.9947919845581 14.7739582061768 14.8052082061768 14.8468751907349 15.046875 15.0697917938232 15.078125 15.091667175293 15.0718746185303 15.0874996185303 15.0843753814697 15.013542175293 14.9791669845581 14.9677085876465 14.997917175293 14.8093757629395 14.607292175293 14.5458335876465 14.4645833969116 14.423957824707 14.3135414123535 14.2979164123535 14.2802085876465
12.828125 13.0062503814697 12.9354162216187 12.8427085876465 12.622917175293 12.7874994277954 13.048957824707 12.6510419845581 12.6999998092651 13.1031255722046 13.455207824707 13.4447917938232 13.8010416030884 13.8291664123535 14.1687498092651 14.3041667938232 14.8374996185303 14.6052083969116 14.8874998092651 14.8291664123535 14.857292175293 14.8843746185303 15.122917175293 15.296875 15.1187496185303 15.0645837783813 15.0791664123535 13.8294868469238 15.1549997329712 14.3180561065674 15.1202383041382 15.1119050979614 15.2242422103882 14.720832824707 14.5708332061768 15.1361112594604 13.5592594146729 10.3319444656372 14.8981485366821 14.3299999237061 14.6812496185303 14.5479164123535 14.4541664123535 14.4437503814697 14.4458332061768 14.3635416030884
12.9791669845581 13.0687503814697 12.9635419845581 12.6041660308838 12.6020832061768 12.7927083969116 12.861457824707 12.7458333969116 13.1822919845581 13.2302083969116 13.2718753814697 13.486457824707 13.3989582061768 13.3479166030884 13.5479164123535 13.8979167938232 14.2666664123535 14.4968748092651 14.6447916030884 14.9020833969116 15.1416664123535 15.1395835876465 15.3520832061768 15.3687496185303 15.2802085876465 15.3229169845581 15.2697916030884 13.5969696044922 15.1226186752319 15.0616664886475 15.1166667938232 15.1000003814697 -9999 -9999 14.8999996185303 15.1866664886475 15.0499992370605 10.3000001907349 14.7999992370605 -9999 14.4916667938232 14.5166664123535 14.4190473556519 14.5033330917358 14.527777671814 14.5260419845581
13.3374996185303 13.1302089691162 12.8968753814697 12.9802083969116 12.904167175293 12.96875 12.9281244277954 12.9229164123535 13.0458335876465 13.3249998092651 13.5010414123535 13.560417175293 13.5645837783813 13.5770835876465 13.7447919845581 13.6260414123535 13.7281246185303 13.9822912216187 14.3718748092651 14.90625 15.3322916030884 15.5572919845581 15.6270837783813 15.4222221374512 15.3269233703613 15.2066659927368 15.1722221374512 15.2066669464111 15.1000003814697 15.1055555343628 -9999 -9999 -9999 -9999 -9999 -9999 -9999 -9999 -9999 -9999 -9999 14.4833335876465 14.6000003814697 14.5833339691162 14.6309518814087 14.6989583969116
13.578125 13.5614585876465 13.4114580154419 13.2770833969116 13.4291667938232 13.4583330154419 13.357292175293 13.5104169845581 13.6052083969116 13.377082824707 13.435417175293 13.5124998092651 13.7312498092651 13.8947916030884 13.9187498092651 13.8208332061768 13.8083333969116 13.888542175293 14.1479167938232 14.65625 15.1572914123535 15.4364585876465 15.4904766082764 15.2512817382813 15.1499996185303 -9999 -9999 -9999 -9999 -9999 -9999 -9999 -9999 -9999 -9999 -9999 -9999 -9999 -9999 -9999 -9999 -9999 -9999 -9999 14.7363634109497 14.8322916030884
13.4145832061768 13.4041662216187 13.5531253814697 13.4177083969116 13.3229160308838 13.3041667938232 13.4375 13.5375003814697 13.8791666030884 13.9562501907349 13.9822912216187 14.0260419845581 13.9010419845581 13.9083337783813 13.8708333969116 14.0208339691162 13.8354167938232 14.1083335876465 14.5166664123535 14.8791666030884 15.0500001907349 15.2124996185303 15.2537031173706 15.1083335876465 -9999 -9999 -9999 -9999 -9999 -9999 -9999 -9999 -9999 -9999 -9999 -9999 -9999 -9999 -9999 -9999 14.7366666793823 14.8016672134399 14.8166666030884 14.8047618865967 14.91428565979 15.1177778244019
13.6531248092651 13.6510419845581 13.6875 13.7145833969116 13.8572912216187 13.875 13.8510417938232 13.8916664123535 13.6770830154419 13.7583332061768 13.8666667938232 14.0874996185303 14.314582824707 14.2208337783813 14.1479167938232 14.1166667938232 14.372917175293 14.4145832061768 14.7916669845581 14.9822912216187 15.1064100265503 15.2416667938232 -9999 -9999 -9999 -9999 -9999 -9999 -9999 -9999 -9999 -9999 -9999 -9999 -9999 -9999 -9999 -9999 -9999 -9999 14.658332824707 14.7136363983154 14.7759256362915 14.8604164123535 15.1320514678955 15.3239583969116
13.326042175293 13.6052083969116 13.6531248092651 13.7208337783813 13.90625 13.9291667938232 14.0375003814697 14.1187496185303 14.15625 13.859375 13.8718748092651 13.9677085876465 14.0500001907349 14.0520830154419 14.1291666030884 14.359375 14.6124992370605 14.7114582061768 14.90625 15.1020832061768 15.0812501907349 -9999 -9999 -9999 -9999 -9999 -9999 -9999 -9999 -9999 -9999 -9999 -9999 -9999 -9999 -9999 -9999 -9999 -9999 14.8916664123535 14.7369050979614 14.6177082061768 14.5625 14.6145830154419 14.7906246185303 14.9937496185303
12.7010412216187 12.9520835876465 13.390625 13.5093746185303 13.8666667938232 14.0270833969116 14.048957824707 14.0843753814697 14.3197917938232 14.2802085876465 14.0885419845581 14.127082824707 14.1760416030884 14.122917175293 13.9739580154419 14.2635412216187 14.6812496185303 14.7708339691162 14.9458332061768 15 15.1476192474365 15.2348489761353 15.158332824707 -9999 -9999 -9999 -9999 -9999 -9999 -9999 -9999 -9999 -9999 -9999 -9999 -9999 -9999 -9999 14.841667175293 14.722222328186 14.6020832061768 14.3999996185303 14.4479169845581 14.502082824707 14.701042175293 14.8666667938232
12.5104169845581 12.6791667938232 12.8979167938232 13.1604166030884 13.6364583969116 13.6520833969116 14.0302085876465 14.359375 14.4343748092651 14.484375 14.3552083969116 14.2958335876465 14.2552089691162 14.1968755722046 14.0187501907349 14.4406242370605 14.4291667938232 14.5531253814697 14.8197917938232 14.9677085876465 15.1510419845581 15.2843751907349 15.1833333969116 -9999 -9999 -9999 -9999 -9999 -9999 -9999 -9999 -9999 -9999 -9999 -9999 -9999 14.8250007629395 14.8633327484131 14.890625 14.7906246185303 14.578125 14.3874998092651 14.3927087783813 14.4947910308838 14.6239585876465 14.7645835876465
13.1343746185303 13.3885412216187 13.34375 13.0645837783813 13.3968753814697 13.8697910308838 14.1479167938232 14.25 14.4427080154419 14.6572914123535 14.6125001907349 14.5260419845581 14.2250003814697 14.1208333969116 14.2354164123535 14.3583335876465 14.5531253814697 14.6916666030884 14.953125 14.9718751907349 15.1145830154419 15.2083330154419 -9999 -9999 -9999 -9999 -9999 -9999 -9999 -9999 -9999 -9999 -9999 -9999 14.7611103057861 14.9740734100342 14.9595241546631 14.923957824707 14.9208335876465 14.8500003814697 14.7291669845581 14.6489582061768 14.6354160308838 14.5947914123535 14.5822916030884 14.6958332061768
13.2979173660278 13.3479166030884 13.654167175293 13.7708330154419 13.5916662216187 13.7697916030884 14.1625003814697 14.4604167938232 14.6708335876465 14.7062501907349 14.8604173660278 14.8291673660278 14.9093751907349 14.7218751907349 14.6666669845581 14.796875 14.7999992370605 14.9343748092651 15.047435760498 15.0166664123535 -9999 -9999 -9999 -9999 -9999 -9999 -9999 -9999 -9999 -9999 -9999 -9999 -9999 15.0638885498047 15.027777671814 14.9458332061768 14.9468746185303 14.9229164123535 14.9083337783813 14.9093751907349 14.8510417938232 14.7739582061768 14.6687507629395 14.6968746185303 14.7385416030884 14.8374996185303
13.2531251907349 13.4458332061768 13.8125 14.0874996185303 13.9114580154419 14.1520833969116 14.419792175293 14.5364580154419 14.9562501907349 15.044792175293 15.2635412216187 15.3427085876465 15.203125 15.1374998092651 15.1125001907349 15.0520839691162 15.0375003814697 15.0233335494995 14.972222328186 -9999 -9999 -9999 -9999 -9999 -9999 -9999 -9999 -9999 15.7333335876465 15.6333332061768 15.5261907577515 15.5261907577515 15.1972217559814 15.0933332443237 14.997917175293 14.9802083969116 14.9520835876465 14.9114580154419 14.9187498092651 14.8781251907349 14.8791666030884 14.9187498092651 14.9812507629395 15.0656251907349 14.9614582061768 14.8958330154419
13.5447912216187 13.484375 13.7562494277954 14.1260414123535 14.1229162216187 14.3791666030884 14.7145824432373 14.8812503814697 15.0406255722046 15.4104166030884 15.6916666030884 15.5843753814697 15.7260417938232 15.5874996185303 15.6187505722046 15.3761901855469 15.203332901001 15 14.9597225189209 14.9833335876465 -9999 -9999 -9999 -9999 -9999 -9999 -9999 -9999 15.8257579803467 15.888542175293 15.6833333969116 15.4812498092651 15.2843751907349 15.1239585876465 15.029167175293 14.9499998092651 14.8833332061768 14.8729162216187 14.9437503814697 14.8895826339722 14.8760423660278 14.908332824707 14.8947916030884 15.0406255722046 15.1729164123535 15.0916662216187
14.279167175293 14.0270833969116 14.2427082061768 14.1583337783813 14.5583333969116 14.5052080154419 14.6520833969116 15.1552085876465 15.4916667938232 16.0988883972168 16.2739582061768 16.351110458374 16.2466659545898 15.9833335876465 15.7291660308838 -9999 -9999 14.966667175293 14.9833335876465 -9999 -9999 -9999 -9999 -9999 -9999 -9999 15.9333333969116 16.0402774810791 15.9395837783813 15.8249998092651 15.591667175293 15.3781242370605 15.201042175293 15.1135416030884 15.0947914123535 15.0354166030884 14.9375 14.9281253814697 14.9739580154419 14.9770832061768 14.9322919845581 15.046875 15.1020832061768 15.09375 15.1625003814697 15.1645841598511
14.279167175293 14.3739585876465 14.5385417938232 14.747917175293 14.6083326339722 14.8739585876465 15.2000007629395 15.5927085876465 16.0089740753174 16.4518527984619 16.6354160308838 16.7533340454102 16.3333339691162 -9999 -9999 -9999 -9999 -9999 -9999 15.5138893127441 15.6047620773315 15.7055549621582 15.7666664123535 15.8611106872559 15.9444446563721 16.0599994659424 15.995454788208 16.0416660308838 15.9312496185303 15.7291669845581 15.4729166030884 15.2895832061768 15.1302080154419 15.0895833969116 15.002082824707 14.9635410308838 14.9916667938232 15.0104169845581 14.9656248092651 14.90625 14.8895835876465 15.0135412216187 15.0874996185303 15.1031246185303 15.1270837783813 15.3916664123535
14.0666666030884 14.0927085876465 14.4989585876465 14.9718751907349 15.2375001907349 15.5302085876465 15.5322217941284 15.7930555343628 16.0444450378418 -9999 -9999 -9999 -9999 -9999 -9999 -9999 -9999 15.8333330154419 -9999 15.6444454193115 15.7864580154419 15.840277671814 15.9583330154419 16.0583324432373 16.1211109161377 16.1770839691162 16.1156253814697 15.9406251907349 15.8031253814697 15.6739587783813 15.4385414123535 15.232292175293 15.1239585876465 14.9822912216187 15.015625 15.0427083969116 15.0104169845581 14.9906253814697 14.9197912216187 14.9447917938232 14.953125 14.9989585876465 15.0927085876465 15.3635416030884 15.328125 15.421875
