input_data/future_climate/BCC_CSM2_585/_bio19_a.asc
ncols  331
nrows  193
xllcorner  17.833372883333
yllcorner  37.9999896166667
cellsize 0.1666667
NODATA_value  -9999
[rows 0 to 29 of 193, columns 207 to 275 of 331]
-9999 -9999 -9999 -9999 -9999 -9999 -9999 -9999 -9999 -9999 -9999 -9999 -9999 -9999 -9999 -9999 -9999 -9999 -9999 -9999 -9999 -9999 -9999 -9999 -9999 -9999 -9999 -9999 -9999 -9999 -9999 -9999 -9999 -9999 -9999 -9999 -9999 65.6666717529297 65.625 65.5 65.8125 66.0625 66.5 65 63.8125 63.75 62.6666641235352 62 -9999 -9999 -9999 -9999 -9999 -9999 -9999 -9999 -9999 -9999 -9999 -9999 -9999 -9999 -9999 -9999 -9999 -9999 -9999 -9999 -9999
-9999 -9999 -9999 -9999 -9999 -9999 -9999 -9999 -9999 -9999 -9999 -9999 -9999 -9999 -9999 -9999 -9999 -9999 -9999 -9999 -9999 -9999 -9999 -9999 -9999 -9999 -9999 -9999 -9999 -9999 -9999 -9999 -9999 -9999 -9999 -9999 -9999 -9999 66 65.7777786254883 64.2666702270508 64.7692337036133 65.4375 65.8125 67.0625 66.75 66.5 66.125 65.8181838989258 66 68.5 70 72.3333282470703 74.3333358764648 78 -9999 -9999 -9999 -9999 -9999 -9999 -9999 -9999 -9999 -9999 -9999 -9999 -9999 -9999
-9999 -9999 -9999 -9999 -9999 -9999 -9999 -9999 -9999 -9999 -9999 -9999 -9999 -9999 -9999 -9999 -9999 -9999 -9999 -9999 -9999 -9999 -9999 -9999 -9999 -9999 -9999 -9999 -9999 -9999 -9999 -9999 -9999 -9999 -9999 -9999 -9999 -9999 -9999 -9999 -9999 -9999 65 65.5 67.375 68 68.1875 68.375 68 66.6666717529297 73.5714263916016 77.6875 82.875 89.25 94.0769195556641 98.5833358764648 102.363632202148 102.375 102.75 102.5 103.125 104.875 104.375 104.5 104.25 104 -9999 -9999 -9999
-9999 -9999 -9999 -9999 -9999 -9999 -9999 -9999 -9999 -9999 -9999 -9999 -9999 -9999 -9999 -9999 -9999 -9999 -9999 -9999 -9999 -9999 -9999 -9999 -9999 -9999 -9999 -9999 -9999 -9999 -9999 -9999 -9999 -9999 -9999 -9999 -9999 -9999 -9999 -9999 -9999 -9999 -9999 -9999 -9999 74 74 74.3333358764648 73.8125 74.8125 76.0625 79 84.25 90.625 95.8125 99.5625 103.4375 104.875 104.8125 105.0625 105.375 105.875 105.8125 106.1875 106.3125 105.5625 104.9375 105.153846740723 105.666664123535
-9999 -9999 -9999 -9999 -9999 -9999 -9999 -9999 -9999 -9999 -9999 -9999 -9999 -9999 -9999 -9999 -9999 -9999 -9999 -9999 -9999 -9999 -9999 -9999 -9999 -9999 -9999 -9999 -9999 -9999 -9999 -9999 -9999 -9999 -9999 -9999 -9999 67 67.5 -9999 -9999 -9999 -9999 -9999 -9999 -9999 -9999 76 76.5 76.9375 79.0625 81.75 85.25 90.9375 95.5625 99.75 103.4375 106.8125 109.0625 109.3125 108.125 108.8125 109.0625 109.4375 109.5625 109.75 109.8125 109.25 108.3125
-9999 -9999 -9999 -9999 -9999 -9999 -9999 -9999 -9999 -9999 -9999 -9999 -9999 -9999 -9999 -9999 -9999 -9999 -9999 -9999 -9999 -9999 -9999 -9999 -9999 -9999 -9999 -9999 -9999 -9999 -9999 -9999 -9999 -9999 -9999 -9999 -9999 -9999 68 67.2857131958008 66.8571472167969 66.875 -9999 -9999 -9999 -9999 -9999 -9999 -9999 80.25 81.6875 84.875 89.1875 93.4375 97.4375 101.375 104.75 107.75 109.9375 111.875 112.375 111.9375 112.0625 111.625 111.875 111.6875 111.4375 111.375 110.5625
-9999 -9999 -9999 -9999 -9999 -9999 -9999 -9999 -9999 -9999 -9999 -9999 -9999 -9999 -9999 -9999 -9999 -9999 -9999 -9999 -9999 -9999 -9999 -9999 -9999 -9999 -9999 -9999 -9999 -9999 -9999 -9999 -9999 -9999 -9999 -9999 -9999 -9999 -9999 -9999 -9999 68 -9999 -9999 -9999 -9999 -9999 -9999 -9999 83 82.5714263916016 87 90.6875 94.6875 97.9375 102.75 106.0625 109.25 110.9375 112.0625 112.1875 114.4375 115.0625 115.375 114.875 114.0625 113.4375 112.625 111.6875
-9999 -9999 -9999 -9999 -9999 76.75 77.875 89.1999969482422 89.9000015258789 90.5454559326172 80.75 80.75 81.3999938964844 82.1666641235352 82 81.3333358764648 81 83 82.8571472167969 82 -9999 -9999 -9999 -9999 -9999 -9999 -9999 -9999 -9999 -9999 -9999 -9999 -9999 -9999 73.5 73 71.75 71.0909118652344 70.8571472167969 70.875 81.5625 69.8888854980469 -9999 -9999 -9999 -9999 -9999 -9999 -9999 -9999 88 88.5833282470703 91.25 93.6875 97.5625 101.5625 105.625 108.5625 111.3125 112.875 115.5625 116.4375 117.5 117.3125 116.9375 117.25 116.8125 116.25 115.4375
-9999 73 72.875 74.1666641235352 75.4375 75.875 87.4375 88.1875 89.125 90 -9999 79.6666717529297 81 -9999 -9999 -9999 -9999 -9999 -9999 -9999 -9999 -9999 -9999 -9999 -9999 -9999 -9999 -9999 -9999 76.75 76.5 75.4545440673828 74.6666641235352 73.533332824707 73 72.3125 84.625 84.4375 83.3125 83.125 83.25 82.8125 83.0833358764648 -9999 -9999 84.3333358764648 83.25 84.75 86 87.4444427490234 88.466667175293 90.625 92.6875 94.8125 97.5 100.5625 103.4375 106.8125 109.9375 112.125 114.25 115.9375 117.375 117.0625 118.375 119.5625 118.25 117.9375 118.125
72 72 73.3125 73.9375 75.0666656494141 84.9375 86.5625 88 89.4285736083984 90.6666641235352 -9999 -9999 -9999 -9999 -9999 -9999 -9999 84 83.8571472167969 84.125 97.5555572509766 82.9285736083984 81.4000015258789 96.0909118652344 95.1999969482422 94 78.4166641235352 92.6666717529297 92.25 77.1999969482422 90.6999969482422 89.75 89.6875 75.1875 88.25 87 86.5 85.75 85.5625 85.0625 84.3125 83.3333358764648 -9999 -9999 85 84.5999984741211 85.375 86.375 86.9375 88.4375 90.0625 92.1875 94.0625 96.4375 98.625 101.625 103.9375 106.0625 109.125 111 113.625 113.5 115 117.75 118.875 121.0625 120.3125 122 121.6875
70.6666641235352 72.4285736083984 72.9285736083984 81.4375 84.1875 85.25 86.4375 88.0625 89.1333312988281 90.2307662963867 -9999 -9999 81 -9999 -9999 84.25 84.2307739257813 84.4375 99.25 99.5 99.375 99.75 99.125 98 96.5 95.0625 94.75 93.4375 93 91.875 91.5 91.5 91.6875 91.6875 90.25 89.5 88.6875 87.8125 87 85.875 85.75 85.6666641235352 86 -9999 86.3333358764648 87 87.0625 88.0625 89.75 90.5 92.375 93.6875 96.125 97.5 99.875 101.8125 104.3125 106.375 108.25 110.125 112.4375 113.625 115.625 117.0625 118.375 120.4375 122.875 125.1875 125.1875
70.3125 78.75 80.6875 83.0625 84.9375 85.5 87.625 89 90.3999938964844 91.5 92.9000015258789 81.25 81.0769195556641 81.4000015258789 -9999 83.8571395874023 98.4375 99.625 100.625 101 100.875 100.75 100.0625 99.875 98.75 96.5625 95.9375 94.625 94.375 93.875 92.9375 92.5625 93.0625 93 92.75 91.6875 90.8125 89.875 89.3125 88.5 87.6875 87.1875 87 86.875 87.25 87.9375 88.5 89.6875 91.125 92.625 93.875 95.625 97.625 100.4375 102.375 104.0625 105.375 107.375 109.0625 110.8125 113.6875 113.9375 116.0625 117.25 119.5625 122 123.6875 125.0625 125.5625
75.625 78.375 80.6875 82.875 84.5625 85.8125 87.375 88.9375 90.25 92.875 94 95.375 81.625 82.875 83 98.625 99.125 99.9375 100.125 100.625 100.625 99.875 99.4375 98.8125 97.8125 96.9375 96.0625 95.1875 95 94.9375 94.5 94.3125 93.6875 93.0625 93 92.9375 92.3125 91.6875 90.8125 90.0625 89.6875 89.0625 88.9375 88.9375 89.1875 89.4375 90.3125 91.5625 93.1875 94.75 96.8125 98.25 100.125 101.875 103.25 105.625 107.0625 109.4375 110.9375 111.5 113.8125 114.3125 116.375 117.875 120.0625 122.75 124.8125 125.8125 127.125
75.6875 78.25 80.25 83.0625 84.9375 86.125 88 89.375 91.25 93.625 94.25 96.125 97.375 97.875 98.3125 99.5 100.3125 101.25 101.0625 100.4375 100.6875 100.6875 100.6875 100.375 100.4375 100.375 98.25 97.4375 96.4375 95.5 95 94.875 94.625 94 93.4375 92.9375 92.9375 92.875 92.1875 91.4375 91.375 90.875 90.5 90.1875 90.75 91.5 92.5625 93.1875 94.8125 96.4375 98.1875 99.5625 101.3125 103.0625 104.6875 106.375 108.9375 110.25 111.4375 112.9375 113.5625 115.3125 116.3125 118.0625 120.25 122.875 124.8125 126.0625 128.0625
75.125 77.8125 80.8125 83.75 86.125 87.6875 89.5 91.4375 93.0625 94.6875 96 97.875 99.0625 99.4375 99.5625 101.375 102.5 102.875 103.125 103.25 103.625 103.25 102.625 102.0625 101.9375 101.375 100.0625 99.1875 98.8125 97.3125 96.1875 95.125 95 95 94.75 93.125 93 93.0625 92.9375 92.4375 92.3125 92.25 92 91.8125 92.25 92.9375 93.8125 95.1875 96.5 97.875 99 100.9375 102.3125 104.625 105.25 108 109.125 110.9375 112.0625 113.1875 114.875 116.125 117.125 118.5625 121.25 124.125 125.6875 127 128.875
74.3125 78 81.5625 84.4375 88.25 90 91.125 92.875 94.6875 95.875 97.3125 98.4375 100.125 101 102 103.5625 103.9375 104.5625 103.625 104.375 104.5 103.6875 102.4375 102.25 102 101.5625 100.5 99.6875 98.875 98.5625 97.8125 97.1875 96.5625 96.25 95.375 95.3125 94.25 94 93.9375 94 94 94 94.0625 93.75 93.5625 95 96 96.5625 98 99.25 100.3125 101.4375 102.375 104.1875 106.125 108.5625 109.9375 111.0625 111.9375 113.3125 115.0625 116.1875 117.5625 119.75 121.5 124.1875 126.1875 128.3125 130
75.4375 78.875 82.375 86.125 89.0625 90.6875 92.4375 93.8125 95.4375 96.625 98.0625 99.25 100.8125 101.9375 103.0625 103.375 104.75 105.1875 105 104.875 104.875 104.4375 103.5 102.875 102.5 101.25 100.125 99.9375 99.625 99.25 98.4375 97.75 97.75 96.9375 96.3125 96 95.9375 95.375 94.625 94 94.0625 94.125 94.125 94.8125 95.625 95.875 96.25 97.625 98.9375 100.0625 100.9375 102 102.9375 104.8125 106 107.625 108.125 108.9375 110.625 112.125 114 114.6875 117.3125 119.3125 121 123.5 125.625 128 129.75
78.125 81.0625 83.875 87 88.625 91 92.875 94.5625 97.625 98.1875 99 101.1875 102.375 103.4375 103.75 103.8125 104.25 104.5625 105 104.75 103.75 103.625 103.1875 103 102.5 101.5625 100.5 100 100 99.5625 99.25 98.5 98 97.1875 97.3125 97.125 96.25 96.0625 96.1875 96.5625 95.25 94.75 94.875 95.25 96 96.5 97.5625 98.3125 99.125 100.375 101.6875 103.25 104.8125 105.375 106.5625 106.5 107.8125 108 108.75 110.4375 111.625 113.75 114.9375 116.9375 119.25 121.25 123.5625 126.6875 128.875
81.5 84 86.125 88.75 90.1875 92.5 94.6875 96.1875 97.625 98.4375 99.875 101.8125 103.375 104.625 104.6875 105.3125 103.8125 104.1875 103.875 104.375 104.625 104.6875 103.8125 103.125 102 101.875 101.125 100.9375 100.75 100.0625 98.9375 99.5 99.1875 99.1875 99.25 98.75 97.875 97.1875 96.875 96.875 96.6875 94.875 95.125 95.8125 96.75 97.4375 97.75 98.8125 100.5625 102.5625 103.0625 103.875 103.5625 103.125 104 104.8125 104.6875 107.375 108.75 110.4375 111.625 113.25 114.4375 115.4375 117.1875 119 121.4375 122.8125 125.3125
85.625 86.0625 87.9375 90.1875 92.375 94.4375 96.125 96.75 98.0625 99.6875 100.8125 102.875 104.1875 104.1875 105.0625 105.125 105.5 105.625 105.5625 105.1875 104.25 103.875 103.5 102.625 102.625 102.5625 101.25 101.0625 100.9375 100.375 99.8125 100.5 100 99.9375 99.75 99.375 98.5625 98 97.125 97.5625 95.625 95.875 95.3125 94.625 96.6875 97.125 99.8125 101.8125 102.75 103.5 102.4375 101.75 102 101.625 101.75 103.8125 104.5 106.375 107.25 109 110.1875 111.875 112.9375 112.6875 114.3125 116.625 118.8125 121.125 122.875
88.125 88.8125 89.6875 91.375 93.6875 96.25 96.875 98.375 99.625 100.875 102.375 103.5625 104.125 104.8125 105.75 105.1875 106.3125 105.875 105.75 105.875 104.6875 103.8125 102.6875 102.9375 102.125 102.25 101.9375 101 101.625 101.3125 101.0625 100.4375 100.5 100 98.9375 98.375 99.125 98.9375 98 97.8125 96.625 97.125 96.75 96.5625 97.4375 99 100.75 100.5625 100.75 101.25 101.1875 101.25 102.5 102.6875 103.3125 103.9375 105.1875 105.75 105.9375 108.5625 109.9375 109.6875 109.375 110.4375 111.9375 114.25 116.5625 118.625 120.4375
91.625 92.25 93.5625 94.875 95.8125 97.0625 98.6875 99.875 100.75 101.875 103.0625 104.8125 105.5625 106.5 107.1875 107 108.8125 107.9375 108.1875 106.1875 105.6875 105.1875 104.5 103.125 102.0625 102.375 101.3125 101.5625 100.6875 100.9375 100.25 100.375 100 100.8125 101.0625 100.5 101.5625 100.0625 98.8125 98.5 96.9375 97.375 97.5 97.125 97.625 97.375 97.25 97.75 99 100.3125 101.875 102.9375 102.5 102.5 102.3125 102.875 102.875 103.9375 104.1875 104.625 105.8125 106.8125 108 108.75 109.875 112.3125 115.625 118.5 121.5625
94.75 94.8125 95.6875 96.375 98.4375 100.3125 101.0625 102.5625 104.1875 105.1875 105.4375 107.625 108.5625 108.625 109.5625 109.875 110.125 109.4375 108.8125 107.375 106.1875 105.9375 105.0625 104.5 103.125 103.125 102.9375 101.875 102 102.6875 102.6875 102.625 101.9375 101.3125 101.25 100.375 100.1875 99.5 99.3125 99.25 97.5 98.1875 98.5625 96.875 96.8125 96.4375 96.8125 97.75 99.125 100.0625 102.6875 101.8125 101.125 100.75 101.3125 101 101.5 101.625 102.8125 103.875 103.625 105.375 107.1875 108.5625 110.125 114.4375 116.8125 116.5 115.3125
96.4375 97.9375 98.8125 98.625 100.1875 101.4375 103.125 104.375 105.0625 107.125 108 108.625 109.125 109.25 109.25 109.375 109.5625 109.5 109.875 110.1875 109.8125 108.9375 108.4375 106.625 105.875 103.4375 103 102.875 103.125 103.875 102.4375 102.3125 102.6875 102.4375 101.4375 101 100.5625 100.5 100.375 99.9375 100.25 99.3125 97.8125 97 96.8125 96.75 97.4375 98.5 98.6875 99.8125 99.5 99.125 99.4375 99.5625 99.875 99.4375 100.0625 100.8125 101.0625 101.625 103.4375 104.9375 106.375 108.9375 112.1875 114.875 113.4375 109.5625 107.1875
100.125 100.625 101.125 101.25 102.625 103.1875 104 104.9375 105.75 107.75 108.375 108.5 109 110.8125 111.375 110.875 111.6875 112.1875 111.6875 111.375 110.8125 110.25 108.9375 108.4375 106.8125 104.9375 104.25 102.8125 103.25 104.0625 106.625 106 105.3125 104.5625 103.875 103.8125 102.75 102.375 102 101.9375 100.1875 98.625 97.1875 97.6875 96.625 97.1875 98.0625 98.5 97.875 97.375 97.6875 98 98.125 98.125 97.875 97.6875 98.875 99.0625 100.4375 100.8125 102.9375 105.5625 106.875 108.4375 108.875 107.625 105.5625 101.6875 100.875
102.9375 103.375 103.875 104.5 105.1875 106.125 107.4375 108.6875 109.125 109.1875 109.8125 111.0625 111.6875 112.125 111.375 111.3125 112.6875 112.1875 112.1875 112.75 112.1875 112.375 110.75 109.6875 108.5 108.375 106.125 105.6875 106.625 107.3125 108 109.0625 108.875 106 105.3125 104.5625 104.1875 104 103.1875 102.3125 100.25 99.375 98.5 98.5 98 97.4375 96.6875 96.75 97.3125 97.125 98.5625 98.125 96.9375 96.375 97.125 97.8125 98.4375 99.5 100.125 101.8125 104.5625 106.375 109.125 109 106.875 103.1875 100.25 97.1875 96
105.1875 106.5625 107.25 107.5625 108.25 108.75 110.1875 110.25 110.4375 111.6875 112.5625 112.375 112.5625 113.8125 114.375 114.5625 114.375 114.75 114.125 114.0625 113.25 113.375 113.0625 111.9375 110.625 110.6875 109.3125 110.25 111.375 112.375 112.1875 111.3125 109.3125 108.5 107.375 106.4375 106.0625 105.625 103.625 102.5625 100.75 100.0625 99.875 98.875 97.875 97.875 98 97.5 97.875 98.75 99.625 100.0625 98.5625 97.25 99.9375 101.0625 101.75 105.6875 107.6875 107.5625 105.875 106.5 105.3125 104.0625 101.1875 98.8125 95.25 93.5625 91.25
107.75 108.3125 109 109.5 110.5625 111 111.5625 112.1875 113.5 114.4375 114.5625 115.8125 117.0625 118.0625 118.375 117.8125 117.9375 118.3125 117.375 116.75 115.5625 115.5625 114.9375 114.75 113.75 112.8125 112.5 112.6875 113.5625 113.75 114.8125 114 112.3125 111.0625 110.25 108.5 107.625 107.125 104.8125 103.125 102.0625 101.5625 100.375 101.5625 102.125 99.1875 101.4375 100.4375 98.8125 100.375 100.375 99.3125 99.0625 99.875 101.875 105.3125 106.1875 105.1875 103.75 100.25 98.6875 96.6875 95.25 94.5 93.5 92.6875 90.75 89.25 87.75
110.9375 111 111.125 111.125 111.25 112.0625 113.75 114.5625 114.875 116.3125 117.5625 118.8125 119.25 120.1875 119.5 119.6875 119.6875 119.4375 119.4375 120 118.9375 118.375 118 117.9375 117.25 116.5 116.25 116.4375 117.0625 117.9375 116.25 115.6875 115 113.9375 112.5 111.0625 110.1875 108.8125 106 104.375 103.8125 103.5 103.0625 107 103.25 108.1875 106.875 102.6875 100.8125 102 98.5625 99.8125 102 105.375 107.9375 103.3125 99.5625 99.4375 96.5625 92.75 91.375 90.9375 90.5 90 89.875 89 87.6875 86.5625 84.875
112.375 111.625 112.5 112.9375 113.875 114.875 115.3125 115.8125 116.5 117.5625 118.75 119.3125 120.0625 119.9375 121 121.375 121.25 121.6875 122.375 123.0625 123.9375 121.875 120.5625 120.6875 120 119.625 120.1875 120.375 121.75 121 120 119.5 118.875 117.4375 115.625 113.4375 112.3125 110.375 108.0625 105.9375 105.25 104.5 104.4375 104.5625 110.875 112.875 108.0625 110.125 109 105.1875 106 102.625 101 107.5625 104.9375 98.9375 95.6875 95.5625 88.8125 88.5625 89 88.8125 88.625 88.9375 86.5625 86.875 84.625 84 83.4375
