input_data/future_climate/BCC_CSM2_585/_bio15_a.asc
ncols  331
nrows  193
xllcorner  17.833372883333
yllcorner  37.9999896166667
cellsize 0.1666667
NODATA_value  -9999
[rows 40 to 59 of 193, columns 230 to 275 of 331]
30.2426643371582 30.0931148529053 30.1128635406494 29.3723640441895 29.7297458648682 29.3891887664795 30.1631259918213 30.677906036377 30.9546794891357 31.2710647583008 31.2531127929688 31.4319248199463 32.0249900817871 32.8418922424316 32.935417175293 33.375545501709 33.1559867858887 32.9307250976563 34.2100067138672 35.2765808105469 36.7458076477051 37.3894538879395 38.1048736572266 38.407886505127 39.2495536804199 39.8343353271484 40.9034233093262 41.8719062805176 42.3790092468262 42.8651428222656 42.7040710449219 42.7707633972168 43.9413299560547 44.660343170166 45.2816696166992 45.2002220153809 43.8249168395996 43.9236793518066 44.1301155090332 44.314510345459 44.2707901000977 43.7604064941406 42.9109230041504 43.8026542663574 44.231128692627 44.2944450378418
30.2897300720215 29.9418621063232 30.470251083374 30.5661544799805 30.2617664337158 30.1544780731201 30.3561782836914 30.387414932251 30.8472366333008 31.4462127685547 31.5006256103516 31.4155654907227 32.1944160461426 32.556324005127 33.0944328308105 33.483211517334 33.1339683532715 32.7608299255371 34.2272338867188 35.5603561401367 37.0461502075195 37.7125968933105 38.9313087463379 39.4541130065918 40.1624984741211 40.6425399780273 40.9768295288086 41.4284439086914 42.4303283691406 42.1993255615234 42.9009208679199 43.7019538879395 43.9234428405762 44.126335144043 44.6278686523438 45.0073661804199 44.9126052856445 44.8295021057129 44.587474822998 44.4978408813477 44.2223358154297 44.3328628540039 43.6157836914063 43.7609443664551 44.1509208679199 44.0137138366699
29.577615737915 29.7984485626221 30.1118755340576 29.9187717437744 30.2250537872314 30.0614738464355 29.8702793121338 30.9783535003662 30.8727416992188 31.2977981567383 31.3045787811279 31.6590576171875 32.3849258422852 32.4659080505371 32.8554267883301 33.0892143249512 33.1968841552734 33.7349548339844 34.1151123046875 36.2258605957031 36.8304443359375 37.8416213989258 38.3262825012207 39.162525177002 40.0995101928711 40.6295204162598 41.3319702148438 42.1094551086426 42.8280601501465 42.531192779541 42.9914588928223 43.5029983520508 43.8324699401855 44.1570587158203 44.2302131652832 44.6675186157227 44.7719230651855 44.7629432678223 44.6695404052734 44.8579177856445 44.9804000854492 44.7928771972656 44.155330657959 44.5522575378418 44.2974014282227 44.1513862609863
29.5463943481445 29.6359634399414 29.2691097259521 30.0709362030029 30.3201599121094 29.3802928924561 29.788516998291 30.3183898925781 30.5951824188232 31.2962589263916 31.812873840332 31.9355087280273 32.2055854797363 32.8301887512207 33.2453460693359 33.1541519165039 33.0799522399902 34.534309387207 35.2206726074219 36.3992805480957 37.1291007995605 37.9520721435547 39.1742134094238 39.1070365905762 39.911994934082 41.0654067993164 41.5642509460449 42.409496307373 43.2378616333008 44.1100769042969 43.9596824645996 43.823184967041 43.8721008300781 44.4723587036133 44.9005317687988 45.0247650146484 44.6650428771973 43.8881492614746 44.9855918884277 44.6756858825684 45.0355072021484 45.1306571960449 45.2753868103027 44.7228927612305 44.4709281921387 44.4498825073242
29.4276695251465 29.647741317749 29.7228889465332 29.8962154388428 29.7421493530273 29.5777397155762 30.2149753570557 30.1149158477783 30.8263130187988 31.2474689483643 31.5842914581299 31.9153633117676 32.5676116943359 32.9504318237305 33.554012298584 33.336067199707 33.9567489624023 34.8215446472168 35.7769584655762 36.3533325195313 37.9039077758789 37.8148612976074 39.6652488708496 39.9986915588379 40.4897689819336 41.3840141296387 41.8984642028809 42.7243537902832 43.4484596252441 44.1910400390625 44.7391242980957 44.5967712402344 43.9569816589355 44.3236656188965 45.1344451904297 44.7692718505859 45.4965858459473 44.5953216552734 44.7242393493652 45.08154296875 45.7791366577148 45.5638198852539 45.1761169433594 44.5718154907227 44.4396781921387 44.1781883239746
29.4649391174316 29.2200126647949 29.8378162384033 29.8646469116211 29.8413124084473 29.8140563964844 29.6337356567383 30.0961055755615 30.3781795501709 30.9523963928223 31.7208652496338 32.2333297729492 32.5981178283691 33.420352935791 34.1052780151367 34.2564888000488 35.2241859436035 35.4741897583008 35.4539909362793 36.0162200927734 37.0047302246094 38.8342475891113 39.4300422668457 39.7952880859375 40.9334106445313 41.5918388366699 42.0040283203125 42.7840805053711 43.6435089111328 44.395092010498 44.8921356201172 45.381965637207 44.7332534790039 44.9883728027344 44.833122253418 45.013542175293 45.4233016967773 45.4566345214844 45.3390464782715 45.6896095275879 46.0048980712891 46.0359802246094 45.4521141052246 45.1162452697754 45.2624206542969 44.6354827880859
29.795280456543 30.2786140441895 30.1828880310059 29.6780967712402 29.5819034576416 29.5970821380615 29.8274631500244 29.7236213684082 30.2305469512939 30.6659622192383 31.5810394287109 31.6793689727783 32.571891784668 33.4811706542969 34.169994354248 34.8421859741211 35.2070655822754 35.804126739502 36.2752799987793 36.596851348877 36.7042045593262 39.6277770996094 39.7026672363281 39.7366981506348 41.0453262329102 41.9988708496094 42.2840805053711 42.7724075317383 43.7116661071777 44.3740615844727 44.6840476989746 44.9678001403809 44.9767150878906 45.4141540527344 45.3404731750488 45.3392448425293 45.761173248291 45.9146537780762 46.0551261901855 46.083137512207 46.3321380615234 46.2694473266602 45.792854309082 45.4016151428223 45.5022850036621 45.7506065368652
29.9873886108398 30.2060546875 29.797779083252 29.3615608215332 29.2935771942139 29.2356433868408 29.6556873321533 30.0718307495117 30.6553707122803 31.2164440155029 31.6790046691895 31.9749660491943 32.7394599914551 33.8253784179688 34.0453834533691 34.6118049621582 34.6810913085938 35.7748374938965 36.376148223877 36.3981895446777 37.8694152832031 39.709358215332 39.9298248291016 40.4932823181152 41.5509490966797 42.2953491210938 42.440601348877 42.9068603515625 43.7733421325684 44.9659423828125 45.1711769104004 45.1652450561523 45.5654602050781 45.7834968566895 45.6731033325195 46.0168266296387 46.32763671875 46.5652046203613 46.727897644043 46.4163360595703 46.1841011047363 46.0246772766113 45.8758163452148 45.3524360656738 46.028923034668 45.6473617553711
29.3687610626221 29.6239719390869 29.7194271087646 29.3464603424072 29.1960105895996 29.0355682373047 29.1275615692139 29.5580177307129 30.3639125823975 31.0152893066406 31.5660858154297 32.3781890869141 32.8883361816406 33.2915534973145 33.7717475891113 34.7027244567871 35.4697914123535 35.5049324035645 36.0847778320313 36.8594131469727 38.8319625854492 39.2174186706543 40.249927520752 40.9001922607422 41.7470474243164 42.0535049438477 42.6958045959473 43.6925277709961 44.7241477966309 44.7358245849609 44.8760681152344 45.2808227539063 45.5607719421387 46.1812591552734 46.2482833862305 46.5521011352539 46.1626281738281 45.8726997375488 46.1264152526855 46.4330520629883 46.2417221069336 46.0686264038086 45.6027374267578 45.1494026184082 45.0437622070313 45.1807403564453
29.4729595184326 29.5767841339111 29.4772720336914 29.2055950164795 28.6232528686523 29.1117172241211 29.4258003234863 29.7748756408691 30.171236038208 30.7923889160156 31.5638542175293 32.3950843811035 32.8276863098145 33.5716400146484 34.3648109436035 34.9417762756348 35.6370735168457 36.2459907531738 36.7655487060547 36.4775314331055 38.5810279846191 40.4529113769531 40.8462524414063 41.2708129882813 41.9301376342773 42.9396171569824 43.6490859985352 44.373104095459 45.0185317993164 45.1167755126953 45.1669311523438 44.4872207641602 45.3841781616211 45.9870719909668 46.4122695922852 46.1403770446777 46.6214942932129 46.4060974121094 45.9565582275391 46.1483917236328 46.1073265075684 46.1490173339844 45.6436958312988 45.4042358398438 45.1349868774414 44.9157867431641
29.3423366546631 29.3071956634521 28.9000759124756 28.8593254089355 28.6883945465088 28.9616069793701 29.4935436248779 29.6843204498291 30.5002517700195 31.266508102417 31.2421779632568 32.1003303527832 32.5121688842773 33.3587532043457 34.389102935791 35.2497940063477 35.8543548583984 35.8574409484863 36.1408615112305 36.9683532714844 40.1075668334961 41.0607757568359 40.8794097900391 41.6540451049805 42.9534072875977 43.820987701416 44.3852272033691 44.4726676940918 44.9521865844727 45.4496536254883 45.4569664001465 45.9694404602051 45.6872177124023 46.108226776123 46.1060562133789 46.496337890625 46.7612342834473 46.8246612548828 46.2520294189453 46.0956726074219 45.9168014526367 45.4784507751465 45.7505073547363 45.4901695251465 45.3782997131348 44.7751045227051
28.9031238555908 29.002815246582 28.7421207427979 28.9799976348877 29.0392189025879 29.2959613800049 29.6777667999268 29.7539081573486 30.3516178131104 31.0499153137207 31.3661365509033 31.8508319854736 32.4657669067383 33.3491592407227 34.393440246582 34.8889389038086 34.7639312744141 34.7946281433105 36.1078948974609 37.1702651977539 40.4729194641113 40.7497940063477 42.2963485717773 42.2543792724609 42.820499420166 44.3733253479004 44.4981079101563 45.3271408081055 45.4267578125 45.9400405883789 46.3449935913086 46.6096649169922 46.3306312561035 46.6067543029785 46.4333114624023 46.6025619506836 46.924690246582 46.6069755554199 46.4028816223145 45.9934883117676 45.9195137023926 45.6569709777832 45.4290618896484 45.2000274658203 44.8756561279297 44.9252243041992
29.2951946258545 28.8028736114502 28.3882026672363 29.013334274292 28.9925155639648 29.2046394348145 29.8566551208496 29.4672374725342 29.6963272094727 30.4659557342529 31.3364276885986 32.1916236877441 32.6061744689941 33.3704986572266 34.402172088623 34.8988876342773 35.9857978820801 36.4855613708496 37.309944152832 38.2611503601074 40.1980438232422 39.958568572998 42.0267562866211 43.0143661499023 43.3232536315918 44.4028015136719 45.0665435791016 45.6254730224609 46.2412223815918 46.9196624755859 46.5256004333496 46.5433692932129 47.1556549072266 47.035945892334 47.2995071411133 47.2149620056152 47.0218162536621 46.792179107666 46.2601203918457 46.2611389160156 45.8459281921387 45.8043479919434 45.4677810668945 45.3748664855957 44.9707412719727 44.9214859008789
29.8323154449463 29.3905220031738 28.5380210876465 29.3388423919678 29.3994598388672 29.2616233825684 29.2095146179199 29.6565704345703 29.9917335510254 30.0694484710693 31.1839790344238 32.0921745300293 32.815299987793 33.695915222168 34.4208984375 35.2630729675293 35.8878479003906 36.5637817382813 36.6845817565918 39.576099395752 40.7850074768066 41.241096496582 42.6784172058105 43.9491653442383 44.1474800109863 45.3202247619629 45.9883918762207 46.447452545166 47.0098457336426 46.9770050048828 47.0162010192871 46.8971862792969 47.2896537780762 47.0515174865723 47.2709045410156 47.166332244873 47.0579490661621 47.0178146362305 46.7604675292969 46.3379669189453 45.867546081543 45.9011840820313 45.6949462890625 45.357723236084 45.5445251464844 45.5610694885254
29.5459308624268 29.5994167327881 29.7208118438721 29.3999156951904 29.2814807891846 29.4703960418701 29.2812995910645 29.8954906463623 30.2469882965088 30.6396598815918 31.4650897979736 32.1946907043457 33.1570091247559 33.8988265991211 34.3268814086914 35.1768379211426 35.3381271362305 36.3936233520508 37.2014274597168 40.0855827331543 41.8484420776367 42.4817276000977 44.0307273864746 44.0888710021973 45.0888290405273 46.3536491394043 46.4786605834961 46.838451385498 46.9698295593262 47.6331596374512 47.6672630310059 47.3144760131836 47.6424331665039 47.4605751037598 47.4825744628906 47.3587608337402 47.168212890625 47.0707626342773 46.886287689209 46.4972686767578 46.5629005432129 46.358642578125 45.9220314025879 45.6044921875 46.194652557373 46.1820335388184
29.3617458343506 29.1245079040527 29.6658821105957 29.5494937896729 29.0350112915039 29.0179061889648 29.7151718139648 29.7664585113525 30.0165271759033 30.755428314209 31.490291595459 31.8864727020264 33.0069274902344 33.9531211853027 34.30029296875 35.3304061889648 36.1670150756836 37.2719078063965 38.4120674133301 39.6598167419434 41.8690452575684 43.1684417724609 44.3447113037109 45.1622047424316 46.4665336608887 46.4929161071777 46.6964988708496 47.6381797790527 48.3099899291992 48.2176094055176 47.7681121826172 47.7300300598145 47.9513092041016 47.8802146911621 47.7775001525879 47.763111114502 47.039176940918 47.3157272338867 47.2108879089355 46.5695915222168 46.7225036621094 46.5694961547852 46.546516418457 46.0143623352051 45.8981056213379 45.5130195617676
29.1546745300293 29.3292484283447 28.8692626953125 28.72878074646 28.7428150177002 29.0972919464111 29.8512268066406 30.1542472839355 30.4745025634766 30.6364879608154 31.4575805664063 32.1229782104492 33.0394630432129 33.5406455993652 34.2353515625 35.6253204345703 36.732421875 38.1449928283691 39.4784164428711 40.2455635070801 42.2519454956055 44.001293182373 45.4262619018555 46.177360534668 46.8447456359863 47.0400352478027 47.6265029907227 48.4272651672363 49.0615234375 49.1117210388184 48.3334922790527 48.1134147644043 48.3248138427734 48.6799468994141 48.1356315612793 47.4330635070801 47.2079582214355 47.5671005249023 47.2662124633789 47.270133972168 46.8349227905273 46.9645576477051 46.8417854309082 46.4094429016113 46.1413841247559 45.6341781616211
29.2581176757813 28.6955165863037 28.2563705444336 28.6399593353271 29.0967140197754 29.0616436004639 29.732837677002 30.1956348419189 30.7410755157471 31.1589450836182 31.7890491485596 32.7420310974121 33.3663101196289 33.6993675231934 34.8028106689453 35.8888549804688 36.8384819030762 38.3379249572754 39.1823883056641 41.273323059082 43.3994560241699 44.6506080627441 45.6258926391602 46.8388137817383 47.392635345459 48.647705078125 48.5045204162598 49.5011978149414 50.2779960632324 49.9828872680664 50.0871696472168 49.1847801208496 49.2073135375977 48.6980209350586 48.7637634277344 48.2932281494141 48.278076171875 47.5876388549805 48.107063293457 47.9261436462402 47.8908920288086 47.5143737792969 47.4195709228516 47.0651397705078 46.8684844970703 46.3680725097656
29.5886287689209 29.2554912567139 28.7442569732666 28.9024219512939 29.2986793518066 29.4450569152832 29.4701862335205 29.904483795166 30.6304798126221 30.9178028106689 31.6660251617432 32.3397560119629 32.9751777648926 33.6168174743652 34.8937530517578 35.9077301025391 37.250804901123 38.2760009765625 39.355583190918 42.3647232055664 43.3887519836426 46.3440055847168 47.3558654785156 48.3235321044922 49.3676986694336 50.2493629455566 50.2142181396484 49.7612380981445 49.7639846801758 50.4774017333984 50.4254188537598 49.2424812316895 48.4323196411133 49.110912322998 48.9370193481445 48.5778503417969 48.8026962280273 48.7840957641602 48.1601600646973 48.288875579834 48.1974983215332 46.4542350769043 47.2164916992188 47.0873489379883 46.6326942443848 46.5589370727539
30.2881603240967 29.8151416778564 29.252815246582 29.3158912658691 29.565673828125 29.650218963623 29.8886604309082 30.5174579620361 30.4414577484131 30.3676490783691 31.1914196014404 31.7826843261719 32.406192779541 33.5379219055176 34.1655349731445 34.8689002990723 37.200626373291 37.321231842041 40.7668228149414 43.3921699523926 46.2586250305176 48.1317253112793 49.1477584838867 50.3930282592773 51.1799011230469 51.2148056030273 51.8854370117188 51.7495346069336 50.7613372802734 49.9499015808105 50.1205673217773 50.1239242553711 49.8661956787109 49.5487594604492 49.4306602478027 49.1183242797852 49.6475067138672 49.2712020874023 48.2731170654297 47.6362266540527 47.8365631103516 47.203010559082 47.6106452941895 47.037841796875 46.4889984130859 46.3698463439941
