input_data/future_climate/BCC_CSM2_585/_bio13_a.asc
ncols  331
nrows  193
xllcorner  17.833372883333
yllcorner  37.9999896166667
cellsize 0.1666667
NODATA_value  -9999
[rows 64 to 95 of 193, columns 71 to 141 of 331]
85.625 85.375 85.125 83.875 81.75 81.125 79.3125 77.8125 77.875 77.375 77.0625 77.5 77.3125 77.125 78.1875 79.875 81.4375 82.5625 83.6875 84.6875 84.8125 84.875 85.5625 85.875 85.8125 86.5625 86.4375 86.1875 85.8125 85.125 84.375 84.6875 83.0625 83 82.3125 81.3125 80 79.5 79.25 79.4375 79.625 79.9375 79.25 79.25 78.9375 79.8125 80.5625 80.625 80.625 80.125 79.875 80.0625 79.3125 79.4375 79.75 80 79.5 79 78.875 78.75 78.3125 78.375 79.0625 78.625 77.8125 77.6875 78.1875 78.25 79.75 79.875 80.0625
85.875 85.3125 85.0625 83.625 81.25 79.9375 78.75 77.1875 76.3125 76 75.9375 76.4375 76.8125 76.8125 78.875 80.9375 82.5625 84.125 84.9375 85.375 85.8125 85.9375 85.5625 87.1875 87.4375 87.1875 86.375 86.1875 86 85.4375 85.125 84.625 83.6875 83 82.4375 81.875 80.125 79.375 79.75 79.6875 80.125 80.1875 80.4375 80.4375 80.1875 80.0625 80.375 80.9375 80.4375 80.5 80.1875 80.3125 80 80.4375 81.6875 81.125 80.875 80.5625 79.9375 79.375 79.375 79.1875 78.5 78.8125 77.875 77.75 78.5 78.8125 79.25 80.0625 80.25
85.4375 85.125 84.1875 81.9375 80.5 78.875 77.6875 76.8125 75.875 74.6875 74.6875 75.25 76.0625 77.3125 79.8125 81.75 83.5625 85.5 86.4375 86.6875 87.1875 87.625 86.8125 88.0625 88.6875 88.375 87.6875 87.3125 86.875 86.875 85.875 85 83.875 83.1875 82.5 81.6875 81.1875 80.8125 80.375 80.75 80.5625 80.25 80.25 80.125 80 80.9375 81.0625 81.3125 80.9375 81.0625 80.625 80.75 81.0625 81.875 82.25 82.5625 82.375 81.8125 80.8125 80.5625 80.9375 80.4375 79.6875 79.1875 79.3125 78.625 79.125 79.1875 78.9375 79.3125 80.375
84.5 84.0625 82.9375 80.875 79.75 78.0625 76.4375 75.6875 74.6875 73.75 73.75 74.5 75.875 77.875 80.375 81.9375 85 87.1875 88.3125 87.875 87.6875 87.8125 87.625 88.1875 88.25 87.6875 87 87.5 87.75 87.375 86.5 84.875 84.0625 83.375 82.75 81.875 81.4375 81.375 80.9375 80.9375 81 81.1875 81.625 81.4375 81.4375 81.6875 82.1875 81.875 81.8125 81.1875 80.75 82.0625 83.5 83.875 84.0625 83.25 82.5625 81.9375 80.9375 81.875 81.4375 80.6875 80.8125 81.0625 80.75 80.0625 79.1875 79.125 78.625 78.6875 79.1875
84.8125 83.75 82.1875 80.5 79.3125 78.0625 76.625 74.6875 73.1875 73.0625 73.5 74 75.5625 77.8125 80.5 82.5 85.25 87.875 89.5 89.25 87.625 85.75 84.5 86.1875 86.625 85.875 86.125 86.625 86.75 86.5625 85.625 84.875 84.1875 83.8125 82.8125 82.375 82.3125 81.9375 81.5 81.1875 81.1875 81.125 81.5 82.125 82.125 81.4375 82.1875 82.4375 82.0625 82.625 81.25 80.375 81.6875 83.625 83.8125 83.25 82.75 81.625 80.5625 81.125 81.25 81.0625 81.5625 82.1875 81.6875 81.75 81.125 80.125 79.625 79.75 79.375
85.4375 83.1875 81.8125 80.5 79.4375 77.5625 76.0625 74.4375 73.125 71.5625 72.0625 73.6875 75.75 78.25 80.3125 82.1875 84.375 87.6875 90.6875 89.875 88.375 85.5 83.8125 84.3125 84.3125 84.875 85.375 85.9375 86.5 86 85.625 84.9375 84.375 84.5625 84 83.25 82.75 81.9375 81.5625 82 81.75 81.3125 81.5625 81.75 82.625 82.1875 81.3125 81.625 81.6875 81.5 81.1875 81.25 80.875 80.75 81.9375 82.9375 82.5625 81.8125 81.375 81.6875 81.625 80.8125 81.25 81.9375 82.125 81.3125 80.9375 80.6875 80.1875 79.5625 78.8125
85.125 83.75 82.125 80.1875 79.1875 78.4375 76.9375 74.375 72.3125 70.75 70.5625 73.125 76.0625 78.6875 80.5 81.75 82.75 85.4375 87.875 88.5625 87.0625 85.0625 84.125 83.625 82.5625 83.125 84.5 85.9375 85.75 85.1875 86 85.625 84.625 84.6875 84.25 83.5 81.9375 81.375 81.0625 81.125 81.375 82.0625 82.0625 82.25 82.625 82.75 82.4375 81.8125 80.4375 79.75 80.1875 80.625 80.625 80.875 80.4375 80.5625 81.9375 82 82.3125 82.0625 81.375 80.875 80.5625 79.9375 80.1875 80.0625 79.4375 79.875 80.1875 79.0625 78.1875
85.5625 84.1875 82.5625 80.9375 79.25 78.0625 77.125 75.1875 73 72.125 72.625 73.9375 76.6875 79.5 81.5625 82 82.5625 84.25 86.3125 87.5 86.6875 85.625 85.5625 85.5 84.4375 84.0625 84.8125 86.125 85.625 85.5625 85.9375 85.9375 86.0625 85.9375 84.625 83 82.0625 81.8125 81.125 80.75 81.0625 81.75 81.9375 82.25 82.8125 83.125 82.9375 82.5 82.0625 81.0625 80.8125 81.375 81 81 80.9375 82.25 83 83.125 82.25 81.5625 81.0625 81 80.5625 79.9375 79.25 78.9375 78.5625 78.25 78.3125 78.25 78.3125
85.6875 84.4375 83.0625 81.8125 80.8125 80.125 79.6875 78.3125 76.6875 76.1875 76.625 77.5625 79.375 81.6875 83.5 83.9375 83.5625 84 85.375 85.6875 86 86.0625 86.8125 86.0625 85.25 85 86.0625 86.125 86.1875 86.75 87.125 86.8125 86.25 85.1875 84.3125 83 82.5 81.875 81.75 81.375 80.75 80.1875 80.9375 80.4375 80.75 81.1875 81.125 81.25 82.0625 82.5 82.6875 81.875 81.6875 82.375 83.0625 82.6875 83.3125 82.9375 82.8125 82.75 82.0625 81.5 80.625 79.6875 79.3125 78.6875 78 78 78.3125 78.5 77.6875
86.375 85.6875 85 83.8125 83.125 82.3125 82 81.5625 80.0625 79.75 80.6875 81.6875 82.5625 83.6875 85.4375 85 85.0625 85.125 87.5 87.25 86.6875 86.0625 86.1875 85.5625 86 86.4375 86.5625 85.875 86.9375 86.8125 86.875 86.5 85.6875 85.5625 84.375 83.4375 82.6875 82.625 82 81.4375 80.25 79.8125 79.9375 80.5 80.6875 80.125 79.5 79.9375 80.8125 81.8125 82.4375 83.3125 83.5 84.0625 84.25 83.6875 83.875 83.1875 82.625 82.25 82.0625 80.25 79.75 78.375 77.75 77.75 77.125 77.8125 78.25 78.4375 77.3125
87.4375 87.0625 86.0625 85.5 84.8125 84.6875 84.4375 84.1875 83.4375 83.5625 83.875 84.5 84.3125 85.4375 86.8125 86.5625 87.125 87.5 88.6875 89.125 87.75 87.1875 86.3125 86.625 86.9375 87.5625 87.25 87.1875 87.125 87.375 86.125 86.5 86 85.5 84.9375 84.25 83.4375 83.1875 82.8125 82 81.3125 80.625 80.4375 80.6875 81.5625 80.9375 79.25 78.875 80.3125 81.25 82.5 83.3125 83.5625 84.6875 84.625 84.8125 84.5 84.125 83.5 82.125 80.8125 79.9375 79.75 78.25 77.6875 78.25 77.25 77.125 77.0625 77.3125 76.1875
89.1875 88.3125 87.4375 87.0625 86.375 86.125 86.4375 86.4375 87.0625 87.125 87.25 87.6875 88.1875 88.5625 89 89.375 89.4375 90.4375 90.625 90.3125 89.1875 88.75 88.625 88 88.0625 88.1875 88.9375 88.75 87.6875 88.0625 87.9375 87.5625 87.375 87.125 85.8125 84.8125 84.375 84.0625 83.875 83.0625 82.875 82.9375 82.125 82.4375 82.125 80.9375 79.25 78.3125 78.875 80.6875 82.375 83.625 84.4375 84.8125 85 84.6875 84.9375 84.4375 83.4375 81.625 80.8125 80.1875 79.0625 78.3125 78.75 80.1875 78.375 77.3125 76.1875 75.8125 76
91 89 88.5625 88.375 87.9375 87.875 88.375 88.8125 89.25 89.875 89.875 91.125 91.4375 91.9375 91.9375 91.1875 92.4375 94.1875 93.5625 92.3125 90.25 90.4375 89.75 90 89 88.9375 89.5 90.3125 89.25 88.8125 88.8125 88.0625 88.625 88.4375 87.875 86.625 86.125 85.6875 85.5 84.9375 85 85.0625 84.9375 84.3125 83.75 82.0625 80.75 79 79.3125 80.6875 81.875 83.4375 85.125 85.8125 86.3125 85.1875 84.875 84 83.5625 82.875 81.6875 80.625 79.625 79 79.125 79.4375 78.25 77.8125 77.1875 75.0625 75.0625
91.5 90.6875 90.0625 89.625 89.25 89.75 90.1875 91 91.75 92.125 92.125 92.8125 93.3125 93.875 95.75 96.625 95.9375 95 94.4375 92.625 91.6875 91.4375 91.5625 91.4375 90.375 91.5625 91 91.0625 91.0625 89.5 88.5625 88.875 89.0625 89.4375 88.3125 87.625 86.75 86.25 85.9375 85.625 85.125 85.3125 85.4375 85.375 84.625 84.1875 82.9375 81.6875 80.3125 81.125 82.6875 84.25 85.125 85.125 84.4375 84.875 84.75 83.3125 82.25 81.4375 81.375 80.625 79.4375 78.375 79.375 79.875 78.5 78.4375 77.0625 75.25 74.4375
92.375 92.25 91.5625 90.875 90.9375 91.125 91.25 91.875 92.625 93.5 94.4375 94.6875 95.25 97.3125 98.6875 97.9375 97.6875 96.4375 95.0625 94.0625 92.5 92.625 92.1875 92.0625 91.8125 91 91 91.875 91.25 91.125 90.8125 90.125 89.5 88.9375 88.25 87.6875 87.5 87.4375 87.4375 87.25 87.4375 86.9375 87.375 87.0625 87.25 86.8125 85.5 84.25 83.0625 82.875 83.625 83.3125 84.4375 85.875 85.0625 84.6875 84.75 83.75 82.4375 82.75 81.625 80.5 79.4375 78.5 79.1875 79.6875 78.6875 78.625 77.9375 75.75 74.625
95.1875 93.75 92.5625 92.375 92.4375 92.25 92.8125 93.375 94.5625 96.0625 97.875 99.25 99.5625 99.4375 99.25 99.375 98.4375 97.375 95.875 94.875 93.75 92.9375 92.625 92.25 92.3125 92.125 91.75 91.3125 91.375 91.25 91.375 90.875 90 89.625 88.6875 88.375 88.125 88.25 88 87.75 88.5 88.625 88.5 88.625 88.9375 88.75 88.4375 86.75 85.3125 84.625 83.625 83.4375 83.625 83.3125 83.625 83.75 83.6875 84 84.25 83.25 82 80.25 78.625 77.8125 78.6875 78.75 78 78.25 77.4375 75.25 73.875
98 96.75 95.5 93.5625 93.5625 93.5625 94.125 94.8125 95.4375 96.5 98.0625 98.9375 99.8125 101 100.375 100 99.4375 98.6875 97.1875 96.75 95.875 94.25 93.4375 91.875 91.3125 91.75 91.6875 92.125 92.3125 91.8125 91.125 91.0625 90.4375 89.6875 89.125 88.4375 88.5625 88.5625 88.3125 88.3125 88.875 89.9375 89.8125 89.875 89.625 89.8125 89.1875 87.9375 86.125 85.5 84.3125 83.5 83.3125 83.8125 82.9375 82.6875 83.9375 84.25 84.25 83.5 82.25 80.8125 78.8125 78 78 78.5 77.875 77.3125 75.5625 75 73.625
98.1875 96.875 95.1875 93.875 94.1875 94.3125 94.4375 95.6875 96.5625 97.75 99.1875 99.3125 100.4375 101.4375 101.4375 99.9375 99.8125 99.125 97.75 97.9375 96.3125 94.875 93.125 92.1875 91.125 90.9375 91.625 92.5625 92.1875 92.1875 92.5625 92.5 91.6875 90.5625 89.875 89.375 88.75 88.8125 87.6875 88.3125 89.1875 90.5 91.8125 91.375 90.6875 90.5625 89.8125 88.125 86.6875 86.0625 84.875 84.9375 84.9375 84.9375 85.0625 84.625 84.9375 84.6875 84.5 83.25 82.3125 80.625 78.8125 76.875 76.125 76.5 76.9375 76.0625 74.5 73.375 72.8125
97 95.9375 94.3125 93.4375 93.0625 92.6875 93.6875 94.625 96.125 98.375 98.625 99.375 100.0625 100.5 100.125 99.875 99.75 99 97.75 97.375 95.9375 94.9375 93.1875 92.125 90.75 89.875 90.1875 90.875 91.125 91.5 92.25 92.625 90.875 88.625 88.0625 87.375 86.75 86.9375 87.1875 88.125 89.5 90.5625 91.875 91.375 90.75 89.625 89.125 88.0625 87.9375 87 87.25 86.8125 86.25 85.75 85.125 85.0625 85.3125 84.75 84 83.3125 81.8125 80.1875 79.1875 77.625 75.75 75.6875 75.125 74.4375 73.375 72.4375 72.5625
96.3125 94.75 93.9375 94.0625 93.4375 92.875 93.375 94.6875 96.5 96.375 98.0625 98.25 99.125 99.25 99.875 100 99.3125 98.4375 97.1875 96.8125 95.9375 94.5625 93.3125 92.8125 91.375 90.125 89.375 88.75 88.8125 90 90.3125 90.6875 89.625 88.1875 87 86.1875 85.5625 85.0625 86 87.375 89.1875 90.3125 91.3125 91.3125 90.5625 89.8125 88.875 87.625 87.75 87.5 86.6875 87.0625 86.125 86 86.4375 86 85.8125 85.1875 84.125 83.0625 81.5 79.4375 79 77.4375 75.5625 74.125 73.6875 72.9375 72.375 72.5 72.9375
94.875 93.9375 93.625 93.25 93.3125 93.125 93.8125 95.25 96.25 96.4375 97.0625 98.25 98.8125 99.125 100.125 99.3125 98.5625 97.6875 96.875 95.6875 95.1875 95.25 93.375 92.5625 91.25 90 89.0625 88.9375 89 88.5 89.4375 89.6875 88.3125 87.75 88.125 87 85.75 85.25 86.625 87.375 88.0625 88.3125 87.8125 88.0625 88.8125 88.625 88.8125 88.5 87.6875 88 87.75 87.1875 86.6875 87.0625 86.875 86.1875 85.625 84.75 83.875 81.375 80.8125 79.1875 77 76.125 75.375 74.25 72.625 72.1875 72.5625 71.875 71.3125
95.125 92.5 92.6875 93.5625 93.3125 93.0625 93.0625 94.1875 95.9375 96.1875 96.625 97.4375 98.4375 99.125 98.9375 98.625 97.8125 97.5 96.8125 95.3125 94.9375 94.375 93.25 92.6875 91 90.0625 88.6875 89.25 89.125 88.6875 88.9375 89.4375 89.125 90.375 90.5625 90.25 89.375 88.875 89.6875 89.875 89.375 88 87.75 88.3125 90 89.9375 89.8125 90 89.0625 89.0625 88.6875 88.125 87.125 87.5625 87.5 87.25 85.125 84 82.875 80.875 79.75 78.1875 76.9375 76 74.5625 72.875 71.5 71.1875 72 71.625 71.375
94.9375 93.4375 92.375 92.625 92.5625 92.5 93.3125 94.3125 95.5 96.4375 95.9375 96.75 97.6875 98.3125 98.3125 98.1875 98.3125 97.5625 97.125 95.625 95.25 95.1875 93.875 92.5 90.6875 90.3125 89.375 89.3125 89.5 88.6875 88.8125 89.0625 90.875 91.875 91.1875 91.625 91.0625 90.6875 89.4375 89.875 90 88.625 88.75 89.25 90.1875 90.875 91.0625 93.4375 91.6875 90.3125 89.375 88.125 87.0625 87.8125 87.875 86.5 84.375 83.375 81.6875 80.125 79.625 77.5625 77 75.3125 73.9375 72.9375 71.875 71.0625 70.875 71.5 71.0625
94.3125 93.9375 93.75 93.625 93.75 93.25 93.3125 94.0625 94.9375 95.25 95.8125 96.8125 98.125 98.1875 98.875 98.875 98.6875 97.875 97.1875 95.5 95.0625 94.125 92.875 91.375 90 90.375 90.375 90.3125 90.0625 89.6875 89.625 89.8125 90.75 92.25 92.5 92.875 92.25 91.0625 90.6875 90.6875 91.1875 90 89.8125 90.5 91.5 91.3125 91.3125 91.8125 89.625 88.8125 87.4375 85.4375 85.6875 86.875 86 84.9375 83.5625 83 81 79.5 78.4375 76.9375 75.8125 74.5 73.3125 71.625 71 71.1875 70.9375 71 70.125
93.75 93.4375 92.9375 93 92.8125 92.875 93.1875 94.0625 94.1875 94.9375 95.8125 96.75 98.25 99.1875 99.5 99.5 99.375 97.9375 96.6875 94.8125 94.75 93.375 92.125 90.5625 90.4375 91.8125 91.6875 90.9375 90.8125 90.1875 90.9375 90.1875 90.75 92.3125 93 93.5 92.375 92.5 92.0625 90.6875 89.875 89.5625 89.6875 89.4375 89.1875 88.9375 88.1875 88.375 87.75 86.8125 85.3125 83.9375 83.5 84.1875 84.3125 83.5 82.75 81.125 80.375 79.4375 77.8125 75.4375 74.75 73.3125 72.375 71.8125 70.625 70.375 70.8125 70.75 70.0625
93.6875 93.0625 93.125 93.5 92.8125 93.6875 93.9375 94.5625 93.9375 94.875 95.6875 97.375 98.5625 99.875 100.5625 100.375 98.6875 97.4375 95.6875 94.4375 93.625 92.4375 91.375 90.1875 91 91.8125 92.0625 91.3125 90.9375 91 91 90.9375 91 91.4375 91.375 92 91.1875 91.8125 91.625 89.875 89.125 87.9375 87.5625 87.375 87.5 87.625 86.8125 86 85.125 85.4375 83.875 82.625 81.25 81.375 81.375 81.4375 80.3125 78.9375 77.9375 77.75 76.25 74.9375 72.8125 71.875 71.375 70.125 70 70.125 70.125 70.5 70.25
92.8125 92.6875 92.5625 92.5625 93.5625 94.3125 94.6875 95.0625 95.0625 96.3125 96.625 97.1875 98.6875 99.5 100.1875 100.0625 98.3125 96.5 95.4375 93.625 92.4375 92.25 91.3125 91.4375 91.6875 90.9375 91.3125 91.75 91.4375 90.5 90.0625 89.8125 90 90 90.5 90.3125 90.25 90 89.9375 88.125 87.6875 86.9375 86.1875 85.5625 85.5625 84.8125 84.875 84.125 83.9375 83.25 82.1875 80.4375 79.875 78.9375 78.625 78.1875 76.8125 75.875 76.125 76.125 74.5625 73.5625 72.375 71.1875 70.6875 69.6875 68.875 68.625 69.125 69.9375 69.9375
93.125 92.875 92.125 92.375 93 93.3125 93.9375 94.4375 94.8125 95.6875 96.375 97.125 98.5625 100.125 101.125 100.125 97.75 95.875 94.5625 93.3125 92.75 92.0625 92.1875 92.375 91.625 91.0625 91 89.5625 88.75 88.5625 89 89.75 88.4375 88.25 88.4375 88.5625 87.75 87.4375 87.875 86.9375 86.375 86.9375 85.875 85.25 84.625 84.375 84.0625 83 82.3125 81.1875 79.9375 79.1875 78.8125 77.0625 76.75 76.1875 75.5625 74.75 74.9375 75.375 74.0625 74.1875 73.3125 71.5 70.875 69.5 68.6875 68.0625 67.625 68.5 68.5
94.5625 93.0625 93.375 92.875 92.1875 91.875 92.375 93.875 94 95.25 96.75 97.8125 98.625 100.0625 101.375 98.0625 96.5625 95.0625 96.3125 95.4375 94.875 94 93.625 92.75 93.0625 91.5 90.0625 89.0625 88.4375 88.75 89.5 89.4375 88.8125 88.0625 88.0625 87.0625 86.6875 86.25 85.9375 86.5 86.25 85.5625 84.75 84.25 84.0625 82.9375 82 81 80.5625 79.6875 78.625 78.3125 76.8125 76.5625 75.8125 74.8125 75.125 74.875 74.0625 73.8125 72.875 73.125 72.375 71.625 70.1875 68.9375 67.4375 66.5 66.0625 67.375 67.4375
95 94.25 93.25 92.75 92.375 92.5 93.125 93.6875 94.0625 94.75 96 97 97.5 98.8125 98.375 96.9375 95.625 95.3125 96.375 96.625 95.6875 95.0625 93.625 92 91.4375 91.3125 90.4375 90.125 89.6875 90.1875 89.125 88.375 88.1875 87.375 86.8125 86.1875 85.8125 84.3125 85.1875 85.3125 85 85.0625 84.3125 82.75 82.3125 81.875 81.1875 79.8125 79.25 77.9375 77.125 77.0625 76.4375 76.375 77.125 75.875 75.375 75.0625 74.6875 74.4375 74.25 72.25 70.75 68.9375 68.0625 66.875 66 64.4375 64.8125 67.25 67.75
94.625 93.9375 93.125 92.875 93.125 93.625 93.9375 93.8125 94.0625 95.125 96.125 95.8125 95.8125 96.1875 95.25 94.875 94.5 95.3125 96.375 96.875 96.375 95.625 94.375 93.5625 91.75 89.875 90.0625 90.1875 89.5625 89.625 89.4375 88.8125 87.5625 86.9375 86.625 85.9375 85.0625 83.75 82.9375 83.9375 83 82.4375 82 81.3125 80.25 80.5625 79.9375 79.5 79.125 77.625 77.4375 76.375 75.5625 74.9375 75.125 75.3125 74.875 75.3125 75.375 74.375 74.0625 72.875 71.125 68 66.375 64.9375 64.625 63.3125 64.6875 66.8125 67.0625
94.9375 94.4375 93.875 92.875 93.125 93.3125 94.25 94.1875 94.875 94.875 95.125 95 94.625 94.3125 94.25 93.5625 94.6875 95.1875 96.1875 96.9375 96.4375 95.375 94.625 93.625 91.75 90.625 89.6875 89.75 89.125 88.9375 87.875 88.1875 87.9375 87.25 85.625 84.5625 83.6875 83.125 82.375 82.75 82.9375 83.375 83.375 82.125 80.875 80.125 79.0625 79.9375 79.125 79.0625 79.1875 77.8125 77.3125 76.3125 75.875 75.125 74.5625 74.9375 75.125 74.5 74.25 72.5625 70.625 68.75 67.375 66.1875 65.1875 64.125 65.375 66.75 67.375
