input_data/future_climate/BCC_CSM2_585/_bio19_a.asc
ncols  331
nrows  193
xllcorner  17.833372883333
yllcorner  37.9999896166667
cellsize 0.1666667
NODATA_value  -9999
[rows 60 to 89 of 193, columns 69 to 137 of 331]
138.33332824707 135 133.75 132 130.5 130.375 130.75 131.5 132.5 133.625 133.8125 133.5 133.625 133 133.1875 133.375 133.9375 134.6875 138.25 142.25 147.5625 152.625 156.875 159.0625 162.5 164.875 165 165 163.9375 161.625 158.5 155.625 153.4375 149.9375 146.875 143.875 141.3125 138.25 135.25 133.125 130.75 126.75 125.5 123.625 120.1875 117.75 113.5625 109.0625 104.625 99.0625 94.3125 94.875 96.375 97.25 98.75 100.8125 100.375 100.25 99.9375 100.6875 102.875 105.125 109.625 112.0625 115.6875 118.625 121.125 122.875 124.8125
136.866668701172 135.928573608398 134.199996948242 131.75 130.25 129.4375 129.875 130.1875 132.0625 132.625 133.625 132.875 133.3125 133.125 133.375 134.4375 134.875 136.875 139.9375 144.5625 148.5625 152.1875 157.75 161.25 164.3125 165.8125 166 165.0625 164.9375 163.5625 160.625 158.5625 155.9375 152.1875 148 143.9375 141.0625 137.9375 134.875 131.6875 129.1875 125.625 126.0625 122.875 121.625 118 115 111.125 106.375 101.4375 96.9375 97.1875 99.1875 101.125 102.1875 101.0625 99.9375 98.6875 97 97.375 98.625 102.1875 107.4375 110.4375 114.3125 117 119.8125 121.6875 124.75
138.5 137.875 136 133.4375 131.875 130.875 130.0625 130.125 130.25 131.0625 132.0625 132.6875 132.125 132.9375 132.5625 133.6875 135.875 137.3125 140.125 144.8125 149.5 152.875 157.75 161.1875 165.3125 166.8125 166.5625 165.8125 165.3125 163.75 161.5 159.125 156.5 152.8125 148.5 143.8125 139.9375 136.125 132.75 130.375 126.375 124.875 122.9375 122.875 120.0625 118.875 117.625 114.9375 111 107.9375 105.6875 105.5625 106.375 105.8125 105.3125 104.3125 101.25 98.8125 95.75 94.375 95.5 99.4375 104.3125 108.5625 113 115.4375 118.5 121.3125 123.4375
140.5 139.125 137.125 134.1875 131.9375 130.5625 128.875 129 129.6875 128.8125 128.8125 129.375 129.9375 130.4375 131.25 133.5 134.375 137 140.4375 144.375 149.3125 152.4375 155.75 159.4375 164.0625 166.9375 165.3125 164.25 163.5625 161.9375 160.1875 158.5 156.5 152.9375 147.8125 142.625 138.5625 135 131.4375 128 125.125 123.75 122.0625 122.9375 122.875 120.75 119.125 118 116.875 115.875 114.1875 114.5625 113.6875 111.5 109.75 107.625 104.8125 100.8125 96.625 93.4375 95.75 100.8125 103.75 107.875 112.0625 115.125 118.0625 119.75 121.125
139.625 138.625 136.625 133.75 131.375 128.25 126.5 126.75 125.875 125.9375 126.5 126.375 127.1875 128.375 130.3125 131.4375 134.6875 137.375 140.0625 144.3125 147.125 152 154.6875 158 160.875 161.5625 161.25 160.5 159.5625 157.9375 156.8125 155.4375 153.8125 150.25 145.875 141.4375 138.3125 135.1875 130.1875 125.1875 123.6875 122.4375 123.0625 122 122.1875 122.1875 122 122.4375 122.9375 124.5 125.25 125.25 123.25 119.5625 115.875 112.5 108.9375 104.625 100.9375 98.9375 99.875 102.75 106.4375 109.6875 113.9375 115.9375 118.375 119.8125 121
137.4375 136.3125 134.8125 132.8125 129.125 126.125 124.6875 124.5 123.5625 123.0625 122.6875 123.0625 123.875 126.0625 127.75 130.4375 132.625 136.5625 140.25 143.9375 146.1875 149.1875 151.875 155 156.375 157.8125 156.5 154.5625 153.3125 151.75 150.5625 149.5625 148.1875 146 142.875 140.75 137.9375 134 130.4375 127.0625 125.0625 124 124.25 124.3125 123.25 123.75 124.1875 125.75 127.6875 131.3125 135.9375 135.8125 131.5 127.5625 122.875 119.25 114.875 109.4375 105.875 103.875 103.8125 105.9375 109.9375 114.0625 115.75 117.1875 118.3125 119.9375 122.0625
137.375 135.125 133.125 130.5 128.125 126.0625 122.9375 122.4375 121.25 120.0625 119.1875 118.625 120.375 123.375 126 129.875 133.5 136.9375 140.4375 143.1875 145.9375 147.75 150.5 151.625 151.8125 152.6875 151.9375 148.9375 147.5 145.5 144 143.0625 143.1875 143.0625 142.5 140.375 139.1875 135.6875 132.5625 129.6875 127.4375 124.75 124.1875 124.6875 124.9375 126 127 129.1875 131.25 135.3125 142.375 145.125 138.8125 132.75 127.625 123.5625 119.6875 115.1875 112.375 109.9375 109.3125 111.125 113.6875 115.8125 116.9375 118.125 119.625 119.9375 121.9375
137.8125 134.8125 131.375 128.5625 126.4375 124.9375 122.625 120.875 119.125 117.25 115.5 114.5 117.375 120 123.5625 127.3125 133.125 136.75 140.5 144.125 145.6875 146.8125 148.0625 148.6875 148.3125 147.125 145.0625 141.8125 139.375 137.625 135.5625 136.75 138.5625 140.8125 140.6875 140.5625 139.375 138 135 132.5 128.9375 125.75 124.5625 123 123.375 124.1875 126.75 129.3125 132.5 136.75 141.375 144 141.75 137.9375 132.75 129.25 124.5625 120.625 117.125 115.25 114.4375 115.3125 115.9375 117.125 118.875 120.25 121.3125 122.125 122.6875
140.1875 136.3125 130.8125 127.5 125.4375 124 122.125 119.5625 117.0625 114.3125 111.75 110.8125 113.6875 117.375 121.3125 125.75 131.6875 135.8125 139.75 142.75 145.125 146.875 146.5625 144.625 142.5 140.9375 137.6875 134.3125 132.3125 131.25 131.1875 133.5 136.4375 138.5625 140.1875 141.8125 141.4375 140 137.25 133.5 130 126.875 125.8125 123.4375 123.8125 124.9375 126.3125 130.3125 133 137.0625 139.8125 140.375 141.25 140.125 135.625 131.5625 129.125 125.4375 122.25 119.875 117.9375 118.1875 118.3125 119.6875 120.5 122.125 122.75 123.25 124
143 138.125 131.9375 127.625 126.75 125.5 121.875 119 115.8125 112.75 108.9375 107 110.375 114.6875 119.4375 125.5 129.6875 134.9375 140.4375 143.75 146.6875 148.0625 146.6875 143.9375 139.0625 134.75 130 127.4375 126.125 126.875 128.8125 130.875 133.5 136.25 139.0625 141.125 142.3125 142.1875 138.125 135.0625 130.75 127.625 124.625 122.25 123.6875 123.6875 125.25 128.125 130.625 133.9375 137.75 138.6875 139.375 140.1875 138.75 135.6875 131.375 128.5625 125.75 123.1875 121.6875 121.0625 121.125 121 121.9375 123.25 123.6875 123.6875 124.125
146.4375 141.6875 135.1875 130.5 127.8125 125.625 122.1875 118.9375 115.75 112.75 111.25 108 110.9375 115.9375 120.0625 125.375 130.8125 135.9375 142.0625 146 147.4375 148.3125 146.1875 144.6875 137.5625 130.625 124.25 121.3125 122.375 124 126.125 128.75 132.5625 135.625 138.25 139.875 140.8125 141.375 138.25 134.3125 129.875 126.6875 122.8125 120.5625 120.3125 121.6875 123.8125 126.6875 128.875 131.375 134.5 137.5 138.9375 139.5 139.125 137.0625 136.0625 132.75 128.5625 127.0625 124.9375 123.125 122.125 122 122.5 122.625 123.1875 123.375 124.1875
148.9375 143.75 138.25 133.75 130.375 125.875 122.8125 119.8125 117.75 116.125 114.625 114.375 115.6875 118.25 122.125 126.25 131.25 136.9375 142.9375 146.25 147.0625 147.8125 145.9375 143.3125 138.375 132.1875 125.5625 121.5625 121.125 122.875 124.875 127.5 130.5 134.1875 137.125 138.5 139.75 139.625 137.4375 133.875 130.1875 125.625 120.0625 117.1875 115.875 117.8125 119.625 122.9375 126.1875 128.3125 130.875 132.5 135.8125 136.8125 139.1875 140.25 139.25 135.125 130.9375 128.0625 126.1875 124.9375 123.125 122.6875 122.75 122.9375 123.5625 124.625 125.125
151.8125 145.9375 139.9375 135.4375 131.625 128.1875 124.9375 122.875 121 120.1875 119.375 120.4375 120.625 121.1875 122.5625 126.1875 119.1875 121.8125 127.75 129.3125 130.6875 144.8125 144.0625 142.75 137.9375 132.8125 127.5 124.25 123.25 123.75 124.5 126.875 129.25 133.375 136 136.875 138.375 137.8125 136.9375 134.5625 130.125 124.5 117.875 112.9375 110.6875 112.5 115.875 120.4375 122.9375 125.25 127.875 130.1875 133.125 135.0625 136.875 139.9375 140.5 136.25 132.4375 128.875 126.625 124.75 123.125 123 123 123 123.5625 125.1875 127.5
150.75 145.625 140.3125 136.1875 133.3125 130 127.8125 125.9375 124.6875 123.9375 123.3125 123.875 124 122.5 122.25 114.3125 117.8125 120.5625 124.625 129.1875 131.5625 129.5625 143.125 141.5 137.0625 132.8125 128.625 125.75 124.875 124.1875 125.75 127.0625 129 132.125 134.125 135.6875 137.4375 138.625 137.6875 135.4375 129.3125 122.4375 114.625 108.3125 105.6875 108 112.4375 116.6875 120.125 122.6875 125.3125 128.375 132.1875 133.25 135.375 136.875 137.4375 135.25 132.625 129.0625 125.375 124.625 122.875 122.5 123.125 124 125 125.9375 128.8125
148.1875 144.4375 140.5 137.8125 135.5625 132.375 129.125 127.4375 126.0625 125.1875 125.3125 125.875 124.8125 123.25 122.625 110.5625 112.6875 114.9375 119.875 126 130.6875 129.3125 141.9375 140.125 136.6875 133.125 129.8125 127.75 126.0625 125.4375 126.125 126.4375 128.4375 130 132.1875 134 135.25 136.375 136.25 134.375 128.4375 121.9375 114.0625 106.8125 104 106.6875 110.9375 114.5625 117.75 121.1875 124.3125 127.5 129.8125 131.6875 132.6875 133.25 133.8125 132.875 130.1875 127.8125 125.25 124.0625 122 122.3125 123.6875 123.8125 124.8125 125.9375 130.6875
150.5 148 141.875 138.1875 135.5625 132.5 130.0625 128.0625 127.375 126.6875 127.1875 126.375 124.8125 122.9375 121 105.5625 107.375 110.6875 116.9375 122.875 126.5 127.5 141.4375 139.375 137.3125 134 131.25 128.6875 126.1875 125.6875 126.25 126.375 128.125 129.6875 131.1875 132.8125 133.9375 133.6875 133.8125 131.375 126.9375 121.25 113.4375 107.5625 106.1875 108.5 111.5 114.9375 116.75 118.625 121.25 124 127.375 128.75 129.875 130.5 130.75 130.125 128.25 126.3125 124.5625 122.5 122.125 121.125 121.5625 122.3125 124.625 126.8125 128.75
151.6875 147.375 142.125 137.8125 135.5 132.5 130.3125 128.875 128.6875 129 128.8125 127.625 126.125 123.625 121.25 103.6875 102.6875 109.0625 115.8125 121.0625 122.5625 139.4375 140.875 139.25 137.125 134.75 131.8125 130.25 128.75 127.25 125.6875 127.125 127.9375 128.5 129.125 130.6875 131.625 131.625 130.5625 129.0625 125.9375 122.1875 116.6875 111.875 109.9375 110.5625 114.1875 116.75 118.0625 118.375 121.375 123.9375 126.875 127.0625 127 128.875 129.5625 128.375 126.5 124.875 124.5 122.3125 121.375 121 121.5 122.4375 124.5 125.625 127.4375
146.25 143.25 139.375 136.4375 134.25 131.25 130.9375 130.6875 130.5625 129 128.9375 129.0625 128.625 126.875 124.0625 121.9375 107.6875 113.3125 116.375 119.25 120.875 139.4375 140.4375 139.1875 137 134.75 132.9375 132.125 129.4375 127.9375 127.0625 127.1875 126.75 126.1875 127.8125 129.1875 129.1875 129.5 127.8125 126.1875 123.5 120.125 117.625 115.3125 113.8125 114.625 116.125 117.5 118.875 121.0625 121.75 123.5 125.125 126.6875 127.125 128.125 127.5 126.5625 124.8125 124.0625 122.1875 122 120.125 120.375 121.3125 122.125 123.5 124.5625 124.75
142.125 139.75 137.6875 135.125 133.125 131.25 130.0625 129.625 129.25 129.3125 130.4375 131.5625 132.75 133.8125 132.75 131.875 132.625 114.625 116.75 137 138.9375 140.0625 141.375 138.3125 136.6875 134.625 132.875 130.25 129.125 128.1875 127 126.6875 125.75 125.75 127.6875 127.5625 127.9375 127.1875 125.9375 124.5 121.875 119.5625 118.6875 117.5 117.0625 117.5625 119.375 120.3125 122.25 123.25 123.9375 125.375 126.0625 127.4375 127.75 128.25 127.0625 125.5 124.375 123.1875 121.3125 121.0625 120.25 119.75 120.0625 120.125 121.5 123.1875 101.5625
145.3125 142.4375 138 134.75 132.1875 130.1875 129 129 129.0625 130.875 132.9375 137.5 141.9375 143.9375 143 141.375 139.4375 138.4375 139.0625 138.75 139.3125 140.8125 139.75 137.9375 135.6875 133.9375 132.375 130.4375 128.75 127.1875 125.3125 125.4375 125.875 126.6875 125.8125 125.625 125.4375 124.5625 123.6875 122.5625 121.125 121.0625 119.5 118.8125 119 120.125 122.5 125.6875 127.25 127.1875 128 127.75 128.625 129.375 128.75 127.9375 126.5 125.1875 124.0625 122.0625 120.4375 119.0625 119.0625 119.25 119.75 120 120.3125 120.375 100.25
143.3125 141.4375 137.75 134.625 131.9375 128.1875 127.125 127.625 128.9375 132.25 136.875 141.3125 147.375 150.875 150.5625 149.5 145.875 142.75 142.125 141.8125 141.0625 142.3125 140.5 138.6875 135.625 133.125 131.6875 129.9375 127.875 126.9375 126.9375 124.875 125.25 126 125.625 125.1875 124 123.625 123 122.125 121.3125 120.6875 119.875 119.8125 120.5625 121.875 124.9375 127.5 129.1875 130.5 131.375 131.375 131.125 130.625 130 128.8125 127.875 127.875 125.625 122.25 119 117.25 117.3125 117.625 118.25 119.625 121.0625 121.1875 99.25
139.5 137.3125 134.625 131.625 129.25 126.8125 125.125 125.5 128.875 134.0625 138.625 146.375 153.3125 158.9375 158.625 155.875 152.1875 148.625 145.9375 144.6875 143.3125 142.5 141.1875 138.8125 135.5625 133.375 131.125 129.125 127.25 126.125 124.6875 123.8125 124.9375 125.4375 124.6875 124.0625 123.4375 122.4375 122.3125 122.125 122 120.8125 120.8125 120.8125 121.9375 124.25 125.8125 128.125 130.5625 132.125 133.75 134.1875 133.875 133.5 133.25 131.625 129.4375 128.125 125.875 124.4375 121.9375 119.625 119.5 119.6875 120.1875 121.0625 121.625 122.125 121.5
136.0625 133.1875 132.375 129.875 127.8125 125.6875 124.625 124.375 127.9375 133.5 140.9375 148.375 155.4375 160.75 160.625 157.1875 153.75 150.625 148.4375 146 144.8125 142.25 142 140.125 136.5625 133.625 131.0625 128.625 127 125 123.3125 122.625 122.5625 122.875 123.375 123.4375 122.3125 119.75 119.1875 119 119.75 120.8125 121.25 121.8125 124.625 126.1875 128.25 131.1875 134 135.6875 136.5 137.0625 136.9375 110.1875 110.0625 108.8125 107.3125 105.625 127.25 124.4375 122.5625 121.0625 120.375 121.25 121.75 121.9375 122.5625 121.8125 121.5625
134.1875 131.1875 129.375 127.625 125.3125 125.3125 124.9375 125.75 129 135 141.625 148.0625 153.25 157.625 158.0625 156.6875 153.5 151.5 149.25 146.4375 144 142.4375 142.375 139.3125 137 134.3125 131.0625 128.8125 125.5625 123.75 121.875 121.375 121.1875 121.125 121.6875 121.0625 121 121.0625 119.6875 119.6875 119.5 121.875 124.4375 125.25 125.625 127.4375 130.1875 132.375 136.375 138.8125 138.875 138.8125 111.3125 111.5625 109.9375 107.9375 106.875 105.1875 103.4375 102.125 123.25 122 121.6875 120.125 121 122.625 123.375 122.1875 122.3125
131.625 129.625 127.5 125.0625 122.8125 123.0625 124 126.6875 130.1875 134.625 140.6875 145.5625 150.5625 153.9375 156.0625 155.1875 152.75 150.8125 148.4375 146.5625 143.5 142.3125 140 139.625 136.9375 134.4375 131.1875 128.875 126.5625 124.1875 122.5625 121.875 120.1875 120.4375 120 120.25 120.75 120.6875 120.75 121.6875 122.1875 123.875 124.75 125.5 126.5625 128.1875 130.625 134.1875 137.6875 140 140.1875 139.75 110.8125 110.875 109.25 108.9375 107.5 106.3125 104.8125 102.875 100.375 121.875 121.25 120.75 120.9375 121.6875 121.0625 120.9375 121.125
131.6875 129.3125 126 122.8125 122.1875 123.5 124.25 126.5625 131.0625 135.4375 140.1875 145.4375 149 152.125 153.25 153.625 152.25 150.5 148.875 146.5 144.8125 143.75 140.5625 140.25 137.4375 134.125 131.625 129.0625 127.5625 125.6875 123.5 121.6875 119.0625 118.875 118.3125 119.0625 119.9375 121.25 120.625 121.875 123.75 125.1875 125.75 125.375 125.625 128.9375 131.4375 135.5 140 143.25 142.75 139.875 110.0625 109.25 109.75 109.9375 109.1875 106.8125 103.625 101.5 99.4375 122.0625 121.25 120.9375 120.3125 121.0625 121.1875 122.75 124.5625
131.9375 129.375 126.5 123.1875 123.3125 124.9375 125.75 129.3125 131.75 135.25 138.1875 143.625 146.6875 149.5 152.75 152.5625 152.6875 150.9375 149.25 147.5625 145.9375 145.125 142.5 141.0625 138.125 135.25 132.6875 130.8125 128.9375 126.8125 124.5 122.125 118.625 117.125 116.625 117.5 118.8125 120.75 122.0625 123.25 124.875 126.3125 127.4375 127.375 127.5 129.375 131.875 135.6875 140.4375 145.375 143.8125 140 108.8125 109.4375 109.8125 109.6875 108.375 105.5625 103.5625 101.6875 101.0625 123.25 122.25 122.125 122.5625 122.4375 123.6875 124.0625 124.4375
132.3125 129.875 128.875 127.5625 126.6875 126.75 127.75 130.4375 132.6875 135 138.1875 141.875 146.3125 149.0625 150.8125 150.5625 151.125 150.8125 150 148.1875 146.5 144.8125 142.4375 141 139 137.3125 135.375 133.625 130.5 128.5 125.625 123.875 118.625 114.6875 114.5625 116.375 119.375 121.5625 123.625 125.375 127.5 127.6875 128.4375 128.875 129.125 130.125 131.8125 134.75 138.3125 140.6875 139.75 137.1875 107.6875 106.5625 105.375 105.125 104.25 103.25 101.625 100.25 100 124.1875 123.125 123.5625 123.25 122.625 123.625 123.5625 124.0625
133.0625 131.3125 130 130.1875 130.4375 129.6875 130.0625 131.875 133.4375 134.6875 137 141.125 145.25 146.6875 148.25 149.5625 149.75 151.0625 150.8125 148.3125 145.3125 142.875 141.5 140.375 137.6875 137.3125 135.4375 134.375 132.3125 130.875 129.25 126.0625 120.625 116.375 115.25 117.5 120 122.625 124.625 127 128.9375 129.875 131.0625 130.4375 131.25 131.8125 130.625 131.8125 132.8125 133.75 133.1875 132.4375 131.4375 103.6875 103.1875 102.25 101.5625 100.875 99.9375 99.1875 122.75 122.625 123.0625 124 122.0625 122.3125 122.6875 122.75 123.0625
132.9375 131.9375 131.75 131.875 133.375 132.875 132.5625 132.8125 132.9375 134.3125 136.625 139.625 142.6875 144.125 146.375 149.75 150.625 149.8125 148.625 145.9375 144.375 141.8125 140.5 138.3125 137 136.3125 135.9375 134.875 133.9375 133.6875 132.1875 127.1875 121.9375 119.0625 117.6875 118.875 120.5 123.6875 126.1875 128.5 130.5 131.3125 132.6875 133.9375 132.625 131.3125 130.125 130.0625 128.75 128.25 127.8125 127.8125 127.25 126.8125 125.375 124.0625 122.25 121.5 121.9375 122.25 121.5625 119.625 120.75 120.1875 121.375 120.75 121.125 121 122.5
