input_data/future_climate/BCC_CSM2_585/_bio10_a.asc
ncols  331
nrows  193
xllcorner  17.833372883333
yllcorner  37.9999896166667
cellsize 0.1666667
NODATA_value  -9999
[rows 168 to 188 of 193, columns 276 to 321 of 331]
31.6572914123535 31.4489574432373 31.1781253814697 31.0531253814697 30.8802089691162 30.4322929382324 30.2145843505859 30.1552085876465 29.8583335876465 30.0750007629395 30.3250007629395 30.3156242370605 30.158332824707 30.0427093505859 29.877082824707 29.8166656494141 29.685417175293 29.6989574432373 29.732292175293 29.8427085876465 29.9729175567627 30.1520824432373 30.1395835876465 30.0385417938232 29.5947914123535 28.9166660308838 29.7593746185303 30.0927085876465 29.890625 29.4260425567627 29.205207824707 28.8156242370605 28.4343757629395 27.622917175293 26.265625 24.9093742370605 23.955207824707 17.7104167938232 14.0947914123535 12 12.3635416030884 12.6729164123535 9.83229160308838 8.39375019073486 9.94479179382324 10.9229164123535
31.9072914123535 31.8958339691162 31.7239570617676 31.5125007629395 31.3999996185303 31.357292175293 31.247917175293 31.0666675567627 30.8531246185303 30.732292175293 30.6479167938232 30.4947910308838 30.2749996185303 30.1083335876465 29.8999996185303 29.6979160308838 29.4895839691162 29.3656253814697 29.482292175293 29.6635417938232 29.8802070617676 30.1208324432373 30.2114582061768 30.0385417938232 28.796875 28.8958320617676 30.015625 29.828125 29.484375 29.2104167938232 28.7302074432373 28.2927093505859 27.7072906494141 26.8052082061768 25.9468746185303 24.861457824707 21.1499996185303 18.1781253814697 15.3447914123535 17.6322917938232 13.4020833969116 10.7885417938232 12.4885416030884 12.1395835876465 14.6572914123535 14.6770830154419
31.7249984741211 31.513542175293 31.2718753814697 31.185417175293 30.9718742370605 30.9427089691162 31.2270832061768 31.2562503814697 31.0687503814697 30.794792175293 30.7468757629395 30.5843753814697 30.3156242370605 30.0718746185303 29.8645839691162 29.6239585876465 29.408332824707 29.2458324432373 29.3781261444092 29.6177101135254 29.8864593505859 30.0270843505859 30.1770839691162 30.279167175293 29.0197906494141 29.3239574432373 30.0114593505859 29.859375 29.372917175293 28.9656257629395 28.7427082061768 28.564582824707 27.6177082061768 27.1291675567627 25.4385414123535 21.5229167938232 20.8822917938232 19.6020832061768 16.9114589691162 14.1604166030884 15.9614582061768 17.6135406494141 17.1239585876465 15.2645835876465 12.8812503814697 9.45937538146973
31.2541656494141 30.5833339691162 29.6322917938232 28.6177082061768 29.1062507629395 30.3656253814697 31.0750007629395 31.1458339691162 31.0458335876465 30.9104175567627 30.7666664123535 30.5395832061768 30.2916660308838 30.0593757629395 29.8854179382324 29.7145824432373 29.5499992370605 29.4614582061768 29.513542175293 29.6468753814697 29.8197917938232 29.9906253814697 30.1979160308838 30.3812503814697 29.6666660308838 29.3656234741211 30.1239585876465 29.8374996185303 29.5145835876465 29.470832824707 29.0635414123535 28.7885417938232 27.9020824432373 27.0687503814697 25.9708347320557 25.1802082061768 23.6770839691162 21.4312496185303 18.8697929382324 15.2208337783813 14.671875 15.9875001907349 12.689582824707 13.2645835876465 11.9749994277954 14.5822916030884
30.8708343505859 30.095832824707 29.6864585876465 29.9791679382324 30.0416660308838 30.3125 30.4020843505859 30.705207824707 30.767707824707 30.7427082061768 30.6135406494141 30.4114570617676 30.2437496185303 30.0968761444092 29.9489574432373 29.8812484741211 29.7135410308838 29.6083335876465 29.6302089691162 29.7072906494141 29.794792175293 29.9322910308838 30.1239585876465 30.3062496185303 29.9437503814697 29.1354160308838 30.1489582061768 29.9104156494141 29.7874984741211 29.5218753814697 28.7177085876465 28.0927085876465 27.6916656494141 27.1218757629395 26.8031253814697 24.6989593505859 21.408332824707 17.4937496185303 18.3364582061768 12.0031242370605 11.7302083969116 12.216667175293 13.3208332061768 15.6125001907349 18.515625 21.1625003814697
30.2312488555908 30.0875015258789 30.5104179382324 30.796875 30.703125 30.2749996185303 30.7333335876465 30.533332824707 30.3114585876465 30.5562496185303 30.5093746185303 30.3802089691162 30.2583332061768 30.1520824432373 30.0531253814697 29.9281253814697 29.875 29.7708339691162 29.7395839691162 29.8062515258789 29.877082824707 29.9187488555908 30.0249996185303 30.1749992370605 29.5395832061768 29.1781253814697 29.765625 29.8624992370605 29.8000011444092 29.2302093505859 28.3781242370605 27.8395843505859 28.1010417938232 27.5416679382324 26.7927074432373 24.6354179382324 18.3354167938232 16.9520835876465 15.5208339691162 14.8135414123535 15.7124996185303 12.4312505722046 15.2604169845581 17.4291667938232 22.2062492370605 24.2718753814697
30.6260414123535 30.6833324432373 31.033332824707 31.3427085876465 31.5635414123535 31.5854167938232 31.5343742370605 31.466667175293 31.122917175293 30.6447906494141 30.4583339691162 30.3447914123535 30.0374984741211 29.1437492370605 28.5062503814697 28.2270832061768 28.8020839691162 29.0562496185303 29.502082824707 29.7822914123535 29.9874992370605 30.0010414123535 30.0572910308838 30.1479167938232 29.9302082061768 28.4010410308838 28.1989593505859 28.3979167938232 28.8604164123535 28.8250007629395 27.9072914123535 27.8979167938232 27.6489582061768 27.5281257629395 27.154167175293 24.4281253814697 21.3666667938232 22.9104175567627 21.2541675567627 19.84375 17.767707824707 18.1499996185303 21.122917175293 24.890625 25.7104167938232 26.5229167938232
30.46875 30.7093753814697 31.044792175293 31.2083339691162 31.2572917938232 31.3656253814697 31.4364585876465 31.388542175293 31.1135425567627 30.6375007629395 30.216667175293 30.0562496185303 29.6802082061768 28.6343746185303 28.5 28.7135410308838 27.9906253814697 27.7604160308838 27.6104164123535 27.6885414123535 28.3552074432373 29.2927074432373 29.8177070617676 29.6812515258789 29.0229167938232 28.8489570617676 28.5531253814697 28.466667175293 28.3406238555908 28.4593753814697 28.2250003814697 28.0125007629395 27.6364574432373 27.720832824707 27.6552085876465 26.5208339691162 25.767707824707 23.9281253814697 18.9874992370605 17.7270832061768 23.5031242370605 25.8666667938232 27.080207824707 27.6979160308838 27.5666656494141 27.689582824707
29.5864582061768 29.877082824707 30.5750007629395 30.6312503814697 30.6062507629395 30.7822914123535 30.8958320617676 30.7406253814697 30.3562507629395 29.997917175293 29.591667175293 29.247917175293 28.8999996185303 28.8187503814697 28.7197914123535 29.0614585876465 29.4312496185303 29.5812492370605 29.5 28.6875 28.2270832061768 27.7260417938232 28.3020839691162 29.5124988555908 28.8989582061768 28.5437507629395 28.5437488555908 28.4906253814697 28.4593753814697 28.4406242370605 28.3125 28.0260429382324 27.7645835876465 27.6010417938232 26.3687496185303 23.3875007629395 21.3479156494141 19.3187503814697 20.7437496185303 23.6208343505859 27.3697910308838 28.296875 28.109375 28.2354164123535 28.4468746185303 28.6197910308838
30.6906261444092 30.689582824707 30.8031253814697 30.5208339691162 30.1656246185303 30.4958324432373 30.46875 30.2218742370605 29.7489585876465 29.2020835876465 28.5656261444092 28.392707824707 28.1333332061768 26.8885402679443 26.1906242370605 25.515625 23.9583320617676 26.2104167938232 28.189582824707 29.6208343505859 29.5614585876465 28.5864582061768 28.1395835876465 29.1260414123535 28.3385429382324 28.3374996185303 28.3843746185303 28.5510406494141 28.6604156494141 28.5125007629395 28.3447914123535 28.359375 28.0791664123535 27.345832824707 24.6281261444092 22.9093742370605 22.7281246185303 24.4656238555908 27.5885429382324 28.4343738555908 28.5270824432373 28.2604160308838 28.1489582061768 27.9583339691162 28.1302089691162 28.2489585876465
30.984375 30.9583320617676 30.7135410308838 30.484375 30.2437496185303 30.2218742370605 30.2291660308838 30.09375 29.2583332061768 28.580207824707 27.6312503814697 26.4291667938232 25.3083324432373 26.2302074432373 26.8656253814697 25.705207824707 23.90625 23.9406242370605 24.1656246185303 26.5885429382324 28.2062492370605 28.9406261444092 29.3406257629395 28.5093746185303 28.127082824707 28.1260414123535 28.2843742370605 28.4781246185303 28.7979164123535 28.8583335876465 28.3645839691162 28.3687496185303 28.4281253814697 28.1864585876465 26.966667175293 27.7218761444092 27.140625 27.8197917938232 28.2875003814697 28.4895820617676 28.2624988555908 28.013542175293 27.59375 27.4583320617676 27.8479156494141 27.7999992370605
31.0197906494141 30.877082824707 30.5614585876465 30.09375 29.7583332061768 29.8427085876465 29.8552074432373 29.9229164123535 29.2239589691162 29.3239593505859 28.877082824707 28.029167175293 27.7625007629395 27.3645820617676 26.2781257629395 25.6833324432373 26.642707824707 26.7333335876465 26.5572910308838 26.1395835876465 24.7385406494141 25.5500011444092 28.4635410308838 28.2093753814697 27.8895835876465 28.0708332061768 28.109375 28.2395839691162 28.408332824707 28.4645843505859 28.279167175293 28.2687492370605 28.591667175293 28.0427093505859 28.3020839691162 28.451042175293 27.9635410308838 28.0052070617676 28.017707824707 27.8041667938232 27.4302082061768 27.1145820617676 27.0895843505859 26.970832824707 27.2614574432373 27.59375
31.0260410308838 30.7145843505859 29.4010410308838 28.953125 28.8677082061768 28.9520835876465 29.6187496185303 29.423957824707 29.3229160308838 28.9281253814697 28.4229164123535 28.4937496185303 28.341667175293 28.3968753814697 28.314582824707 28.0812492370605 27.84375 27.546875 26.890625 26.908332824707 26.6802082061768 26.8625011444092 27.1864585876465 27.6302089691162 27.8645820617676 28.013542175293 27.8531246185303 27.8999996185303 28.2468757629395 27.9229164123535 27.6468753814697 27.4947910308838 27.7197914123535 27.3624992370605 27.0635414123535 26.9604167938232 26.1645832061768 24.8489589691162 23.6062488555908 24.1041660308838 25.877082824707 25.7666664123535 25.4895820617676 24.8958320617676 22.388542175293 20.6145839691162
31.0562496185303 30.2489585876465 29.013542175293 28.877082824707 28.9583339691162 29.3968734741211 29.3520832061768 29.9656257629395 30.1281242370605 29.6218757629395 29.111457824707 28.671875 28.1531238555908 28.1260414123535 27.9458332061768 27.673957824707 27.265625 27.0770835876465 26.8562488555908 26.6770839691162 25.4177093505859 26.2124996185303 26.236457824707 25.1802082061768 25.3208332061768 26.7593746185303 27.419792175293 26.7864570617676 26.546875 25.955207824707 25.5968742370605 25.1364574432373 25.28125 25.142707824707 24.029167175293 23.5739574432373 24.0125007629395 21.4541664123535 20.9145832061768 22.1687507629395 22.6770839691162 20.6802082061768 21.015625 22.794792175293 19.1822910308838 16.1489582061768
30.7979164123535 29.7302074432373 29.1322917938232 29.314582824707 29.5833339691162 30.1364593505859 30.3697910308838 30.7531242370605 30.7083339691162 30.640625 29.9677085876465 28.5249996185303 27.6322917938232 28.5854167938232 28.3979167938232 28.0354156494141 27.1156253814697 26.9364585876465 27.0125007629395 26.658332824707 26.2770824432373 25.8208332061768 25.2281246185303 23.2145843505859 22.8052082061768 21.5989570617676 22.4468746185303 22.9177093505859 20.2489585876465 21.7270832061768 22.5 22.4135417938232 22.4187507629395 20.9322910308838 19.4500007629395 18.330207824707 18.6375007629395 17.6124992370605 14.6802082061768 15.7718753814697 14.1833333969116 14.3093748092651 16.4656257629395 15.0031251907349 9.90104198455811 8.54166698455811
30.3625011444092 30.2708320617676 30.439582824707 30.3083324432373 30.3822917938232 30.46875 30.6437511444092 30.8250007629395 30.9447917938232 31.013542175293 30.8322925567627 30.4458332061768 30.0677089691162 29.4156246185303 29.3364582061768 28.345832824707 27.0677089691162 27.0114593505859 26.6989574432373 26.2770843505859 25.8583335876465 25.4947929382324 22.9593753814697 20.5552082061768 19.3177089691162 18.0729160308838 15.8520832061768 15.814582824707 13.5260419845581 14.125 14.2229166030884 15.2697916030884 14.0052080154419 12.3552083969116 10.5666666030884 8.83541679382324 8.97291660308838 7.81770801544189 8.16250038146973 6.53645849227905 5.79479169845581 8.37604141235352 13.2541666030884 12.2218751907349 9.21354198455811 7.30520820617676
30.002082824707 30.765625 30.7093734741211 30.6208324432373 30.3781242370605 30.5656242370605 30.377082824707 30.4187507629395 30.75 30.890625 30.8270835876465 30.2145843505859 30.3604164123535 29.9312496185303 29.4281253814697 28.4322910308838 25.8541660308838 24.580207824707 24.0218753814697 24.7572917938232 24.6124992370605 24.1104164123535 22.6781253814697 23.142707824707 21.9624996185303 21.046875 18.2739582061768 17.3656253814697 17.9145832061768 15.7718753814697 15.2041664123535 15.1749992370605 15.5458335876465 13.8916664123535 13.8937501907349 12.84375 11.984375 10.5718746185303 10.3843746185303 10.4187498092651 10.0968751907349 10.658332824707 9.17291641235352 8.89479160308838 13.5906248092651 10.9541673660278
30.6833343505859 30.3364582061768 30.7072906494141 30.6187496185303 30.2885417938232 30.4072914123535 30.482292175293 30.3041667938232 30.5322914123535 30.6510410308838 30.314582824707 29.6999988555908 30.2135410308838 29.7156257629395 29.4312496185303 29.0552082061768 28.6791667938232 27.5260429382324 25.0239582061768 24.3895835876465 21.6239585876465 19.6208324432373 18.2781257629395 18.8052082061768 13.8416662216187 15.1395835876465 9.59479141235352 12.7177085876465 16.765625 12.3468751907349 12.4968748092651 11.6989583969116 11.5322914123535 10.6635417938232 9.46354198455811 9.79062461853027 11.7447910308838 13.3000001907349 15.4343748092651 13.0489587783813 13.3083333969116 16.8760414123535 16.5343742370605 14.7937498092651 18.4281253814697 18.1875
31.0437507629395 30.357292175293 29.9406242370605 30.3916664123535 30.6010417938232 30.6333332061768 30.7083320617676 30.3177089691162 29.7093753814697 29.5572910308838 29.439582824707 29.252082824707 30.029167175293 30.0833339691162 29.875 29.4302082061768 28.7395839691162 28.1145820617676 27.5052089691162 25.6437492370605 21.6760425567627 18.236457824707 12.1302080154419 10.2395830154419 10.6302080154419 10.2531251907349 10.2916660308838 13.515625 11.3385419845581 13.283332824707 12.7020835876465 10.0375003814697 12.736457824707 14.0447912216187 9.82187461853027 11.5260419845581 11.328125 18.3583335876465 20.4927082061768 19.1177082061768 19.75 19.951042175293 18.0812492370605 15.6593751907349 13.7895832061768 9.69999980926514
30.0739593505859 30.8833332061768 30.6708335876465 30.6177082061768 30.6364593505859 30.3343753814697 30.7333335876465 30.40625 29.4770832061768 29.265625 29.2781257629395 29.4093742370605 29.9187507629395 30.017707824707 29.4791660308838 29.0770835876465 28.8374996185303 28.0520839691162 26.7041664123535 24.9729156494141 20.8666667938232 13.5218753814697 11.997917175293 15.6302080154419 13.6427087783813 12.0718746185303 9.89687538146973 10.8812503814697 10.5031251907349 16.0104160308838 15.4624996185303 12.5406246185303 17.0979156494141 15.1260414123535 16.1677074432373 16.2572917938232 19.8072910308838 23.0906257629395 19.1822910308838 17.3812503814697 12.8447914123535 13.872917175293 15.3208332061768 13.8614587783813 9.73229217529297 9.98750019073486
29.8854179382324 29.8010406494141 30.234375 30.779167175293 30.8374996185303 30.7541656494141 30.828125 30.6124992370605 29.9020843505859 29.5885410308838 29.5260429382324 29.3843746185303 29.7572917938232 29.8958339691162 29.5260429382324 29.9010429382324 28.7406253814697 25.1531257629395 19.2708339691162 18.314582824707 16.859375 12.1552085876465 13.6187496185303 21.5718746185303 18.1197910308838 14.9927082061768 17.798957824707 19.2999992370605 19.7687492370605 22.2645835876465 19.3531246185303 18.3999996185303 20.8687496185303 19.75 18.8697910308838 22.5208339691162 20.955207824707 17.9020843505859 19.9187507629395 18.484375 18.2239589691162 17.3187503814697 13.7020835876465 11.0062503814697 14.1364583969116 8.69479179382324
