input_data/future_climate/BCC_CSM2_585/_bio19_a.asc
ncols  331
nrows  193
xllcorner  17.833372883333
yllcorner  37.9999896166667
cellsize 0.1666667
NODATA_value  -9999
[rows 150 to 179 of 193, columns 207 to 275 of 331]
25 25.0625 25.625 27.1875 27.5625 28 28.4375 28.125 27.625 26.75 26.375 26.8125 26.6875 27.9375 28.8125 29.5625 30.1875 30.375 30.875 31 31.375 31.3125 31.1875 32.25 34.25 35 36.5625 37 35.25 34.25 33.875 32.0625 31.3125 32.25 31.9375 31.5625 27.625 26.75 36.5625 39.8125 38.6875 31.75 32.875 26.75 27.6875 29.5 34 39.125 43.3125 44.0625 36 39.0625 40 39.3125 36.5625 34.6875 34.4375 34 34 34.3125 34.8125 35.0625 35.9375 36.125 36.5625 37.25 39.375 40.0625 41.4375
25 25.25 27.625 27.25 27.1875 27.1875 27.3125 25.5625 26.6875 26.8125 28.375 29.3125 29 29.125 29.0625 29.1875 29.8125 30.25 30.0625 30.375 31.1875 31.75 31.8125 32.0625 33.8125 35.125 36.5 36.5 34.25 33.5 32.5 30.4375 30 31.0625 30.9375 30.3125 26.625 27.25 34 40.8125 39.125 39.0625 28.125 26.125 27.3125 29.6875 33.5625 38.1875 41.1875 43.0625 35.1875 38.625 39.9375 39.5 38.125 36.8125 35.75 34.125 34 34.5625 35 35.0625 35.125 36.1875 36.8125 37.1875 37.875 38.8125 39.9375
25.0625 25.1875 25.8125 25.9375 25.125 26.5625 24.75 26.375 28 28.125 28 28.5 28.9375 29.125 29.0625 29.0625 29.6875 30 29.8125 29.75 29.6875 30.25 31.6875 33.125 33.375 33.625 34.3125 34.25 32.875 32.3125 31.125 30.3125 30 32.125 31.4375 29.4375 25.25 27.6875 33.625 39.75 40.6875 31.4375 26.0625 25.875 28.8125 31.125 34.375 37.375 39.6875 41.0625 35.0625 38.125 38.625 37.1875 36.9375 34.6875 34.4375 34.375 34.0625 34.1875 34.875 35.0625 35.875 36.4375 36.8125 37.4375 37.875 38.5 38.75
25.9375 25.875 25.4375 25.625 25 24.625 24.625 27.625 28 28 27.75 27.8125 28 27.875 27.8125 28.125 29.0625 29.125 29 29 29 29 30.1875 30.625 32 33 32.9375 32.6875 32.0625 30.75 30.125 29.625 29.25 28.6875 31.6875 31.125 24.6875 28.875 37.6875 39.875 39.375 28.3125 26.5 27.75 30.0625 32.25 35.375 36.6875 39.875 36.9375 39 39.1875 34.75 33.6875 33.9375 34.625 35 34.875 34.625 34.25 34.875 35.125 35.8125 36.625 36.8125 37 37.6875 38.4375 39.125
26.3125 26.6875 26.5 25.875 24.75 24.25 26.3125 27.5625 27.3125 27.0625 27.0625 27.125 26.9375 27.0625 27 27.875 28.25 28.6875 29 29 29 29 29.1875 30 30.25 31 31.875 31.5625 31.25 29.3125 29 29 28.6875 28 31 30.75 28.625 34.0625 37.0625 37.6875 36.5 31.1875 29.8125 30.6875 31.8125 32.6875 34.9375 37.5625 34.0625 38.375 39.5 39 35.375 34.0625 34.4375 34.9375 35 35 34.9375 34.9375 35 35.3125 36.0625 37.125 37.0625 37.0625 37.4375 38.8125 39.875
26.5 26.9375 27.6875 26.8125 24.3125 24.625 26.0625 27 27 27 27 27 27 27 26.9375 26.875 27.4375 27.6875 28.6875 29 29 29 29.0625 29.75 30 30 30.125 30 30 29.1875 28.5 27.875 28.0625 28 27.5 32.9375 35.1875 35.875 35.9375 37.25 35.6875 33.625 32.9375 32.6875 32.8125 34.1875 37.125 36.9375 39.0625 39.9375 39.5625 36.5625 34.5 34.625 35 35 35.0625 35.125 35.1875 35.25 35.9375 36.5 36.875 37.25 37.6875 37.9375 38.5625 39.0625 38.625
26.875 26.375 25.75 26 26.5 26.5625 27.0625 27 27 27 27 27 27 27 27.0625 27 27.0625 27.5625 28.25 28.4375 28.3125 28 28.3125 28.4375 29.25 29.375 28.9375 28.5 28.125 27.5 26.875 26.75 27.3125 28 27.8125 32.75 34.375 34.125 36.6875 35.875 35.6875 38.3125 38.6875 38.1875 38.125 39.125 36.875 38.6875 39.5625 39.1875 36.375 34.0625 34 34 34.25 34.75 35.1875 35.3125 35.375 36.5 36.8125 36.875 37.3125 37.3125 37.5 37.6875 38.375 37.625 37.375
26.5625 26.375 25.25 25.1875 25.125 25 25.6875 26.875 27 26.75 26.875 27 27 27 27 27.6875 27.9375 27.9375 28 28 28 28 28 28.25 28.75 28.875 28.25 27.6875 26.9375 26.0625 26.3125 27.25 27.5625 27.4375 27.625 27.75 35.0625 34.5 35.0625 36.8125 36.6875 40.5 39.0625 39.0625 40.75 36.875 38.8125 39.0625 37.875 35.6875 34 34.0625 34.0625 34.125 34.75 35 35.75 36.4375 37.0625 37.4375 37.5 37.5625 37.125 36.25 35.9375 35.375 36.125 36.9375 37
25.875 25.875 26.5 26.0625 25.625 25.625 25.3125 25.875 25.625 25.75 26.8125 27 27 27 27.1875 27.9375 27.9375 28 28 28 28 28 28 27.875 28 28.3125 27.8125 27.625 26.5625 26 25.25 26 27 27.4375 27.5625 27.9375 32.9375 35.6875 37.25 38 38.125 36.4375 32.4375 33.25 33.8125 34.125 36 37.375 35.3125 34.25 35 35.0625 35.625 35.9375 36.125 37.0625 37.875 38.0625 38.25 38.1875 38.125 37 35.25 35 35.3125 36.3125 36.625 37 37.5625
27.1875 26.9375 26.5 26.0625 25.8125 25.9375 25.25 25.5625 25.9375 25.375 26.5625 27 26.9375 26.9375 27.125 27.875 27.875 28 28 28 28 28 28 28 28 28.0625 28 27.625 26.25 25.75 25.625 26.9375 26.5 27.375 28.6875 28.375 28.4375 39.5625 37.125 32.6875 33.4375 33.125 32.9375 33 33.875 34.5625 34.125 34.0625 34 34.4375 35.4375 35.625 36.0625 36.8125 37.75 37.875 38.9375 39.3125 39.5625 38.25 36.75 35.4375 35.1875 35.5625 36 36.0625 36.75 37.875 37.625
27.75 27.25 27.8125 28 27.75 26.875 27.0625 25.5 27 26.9375 28.0625 26.625 26.125 26.4375 27 27.1875 27.625 28 28 28 28 28 28 28 28 28 28.25 27.9375 26.625 26.125 25.25 24.5625 24.0625 26.375 28.875 28.9375 28.3125 31 31.6875 33.1875 33.875 33.875 33.8125 33.625 34.125 34.0625 34 34.1875 34.875 36.125 36.3125 36.4375 37.3125 38.625 38.875 38.875 38.9375 39.3125 38.6875 38.1875 36.9375 36.4375 36.5 36.8125 36.875 36.875 37.5625 37.6875 37.75
28 27.9375 28.0625 28.0625 27.875 27.4375 26.625 26.1875 26.0625 25.5625 25.625 26.125 25.8125 26.125 26 26.125 27 27.9375 28 28 27.9375 27.6875 27.4375 27.125 27.875 27.75 27.4375 27.75 27.5 26.25 26.375 25.625 24.75 26.625 28.25 28.875 27.875 30.375 30.9375 31.6875 33.0625 34 33.875 34.6875 34.4375 34.9375 35.5625 36 36.5625 37 37.125 37.75 38.875 38.25 38.8125 38.75 39.5625 39.625 38.625 38.1875 37.1875 37.125 37.375 37.5625 37.9375 38.25 38.875 37.75 37.1875
28.5625 28.1875 28 27.5 27.3125 27.125 26.25 26 26.1875 26.125 25.9375 25.4375 25 26.25 25.1875 25.875 26.4375 27.1875 27.4375 27.25 27.1875 27.0625 27.5625 27.0625 27.25 27.0625 27 26.9375 26.5625 26.9375 26.6875 26.5 25.875 25.8125 26.9375 27.75 27.9375 29.8125 29.75 30.1875 31.6875 33.0625 33.9375 35.125 35.375 36.25 36.8125 37 37 36.9375 37 37.875 38.875 38.9375 38.875 39.0625 39.625 38.375 38.1875 37.8125 38 37.9375 38 38.125 38.0625 38.0625 37.9375 37.8125 37
28.0625 28.125 28.125 27.5 26.75 26.8125 26.3125 26 26.0625 26 26.0625 25.5 25.9375 26.125 26.3125 26.1875 26.75 26.875 27.3125 27.625 27 27 27 27 27 27 27 27 27 27.625 27.875 27.4375 26.4375 26.125 26 26.875 27.125 28.5625 29.1875 29.6875 30.25 31.75 33.125 34.5625 35.6875 36.0625 36.75 37.1875 37.5625 37.5625 38.6875 38.625 39.3125 39.25 38.8125 39.8125 39.8125 39.8125 37.75 38 38.0625 38 38 38.0625 38.0625 38.0625 38.4375 38.9375 37.5
29.9375 27.5 27.625 26.625 26.375 26.25 26.0625 26.0625 26.0625 26 26 25.5 25.625 26.1875 26.5 27 27 27 27 27 27 27 27 27 26.9375 26.9375 27 26.9375 26.8125 26.0625 27.25 27.8125 26.8125 26.3125 26.125 26.875 27.8125 28.3125 28.9375 30 30 31.125 32.75 34.1875 35 35.3125 36.875 37.375 37.1875 38.125 38.3125 38.9375 39.875 40.375 40.125 40.5625 40.25 39.6875 38.9375 38.1875 39 38.5 38.0625 38.75 38.375 38.625 39.125 39.0625 38.6875
30.375 29.8125 27.625 27.75 27.1875 27.125 26.4375 26.1875 26.4375 26.4375 26 25.6875 26.25 26.625 26.8125 27 27 27 26.9375 27 27 27 27.25 27.375 27.1875 26.875 26.75 26.375 26.5625 26 27.0625 26.9375 26.75 26.125 26.375 26.5625 27.6875 27.4375 27.625 29.625 30.4375 30.75 32.4375 33.125 34.1875 35.375 36.6875 37.0625 37.25 38.625 39.3125 41.25 40.6875 40.625 40.3125 40 41.3125 40.25 39.9375 39.3125 39 39 38.875 38.5 39.375 40.125 41.875 41.5 39.75
31 31.25 28 28 28 27.75 27.75 26.625 26 26 26.25 26 27 27.5625 27.1875 27.125 27 26.9375 26.9375 27 27 27 27.3125 27 27.375 26.9375 26 26.9375 27.75 26.6875 26.3125 26.6875 27.25 26 26.4375 27.0625 27.3125 27.75 27.9375 29.5 30 30.125 31.0625 31.125 32 32.125 33.625 35.875 37 39.8125 40.25 40.4375 40.4375 40.375 41.3125 40.375 40.8125 40.5625 40.5 40.75 40.75 40 39 38.5625 37.9375 38.1875 39.125 39.9375 41.1875
31.125 28.375 28.3125 28.3125 28.375 27.9375 26.875 26.1875 26.1875 26.5625 26.25 26 26.0625 26.875 27.5 27.4375 27.25 27.0625 27 27 27 27.1875 27.25 27.375 27.5625 27.9375 28.0625 28.1875 26.9375 24.3125 23.625 25.875 27.6875 26.75 27.25 29.125 28.1875 27.5 28.5 29.125 29.75 30.1875 30.375 31.3125 31.375 32.5 32.875 33.9375 35.1875 37.5 39.4375 40.75 40.5 41.25 41.625 40.9375 41.0625 41.125 41.25 41.3125 41.3125 40.6875 39.625 38.8125 38.75 38.875 38.3125 39.0625 39.8125
33.6875 29.875 29.4375 29 27.875 26.6875 26.125 25.6875 25.5 25.8125 26.125 26.5 27.8125 27.375 27.5 27.75 28.625 28.6875 28.4375 28.1875 28.0625 28.125 28 28.3125 28.1875 28.4375 28.875 29 27.75 30.125 30.625 25.375 27.125 28.25 27.8125 28 27.1875 26.5625 28.125 28.6875 29.125 29.3125 30.25 30.375 31.4375 31.875 32.9375 33.0625 33.8125 35.875 38.125 40 39.9375 41 40.4375 41.5625 41.4375 41.4375 40.8125 41.4375 41.625 41.1875 39.375 38.4375 36.125 36.25 36.125 36.4375 36.5
34.375 31.0625 30.375 28.5 27.625 26.5 26 25.4375 25 26.375 27 27.5 27.75 28.375 28.875 29 29 29 29.25 29.1875 29.125 28.6875 29.125 29.1875 28.875 28.5625 28.3125 28.125 26.1875 31 31 31 25.625 27.0625 27.8125 27 26.3125 26.1875 26.8125 28.3125 28.875 29 29.9375 30.75 31.1875 31.5625 32.5 33 33.5 35.0625 36.375 38.125 39.125 39.8125 39.875 42.5 41.875 41.375 40.8125 41.0625 41.0625 39.5 38.375 37.6875 36.1875 35.8125 35.6875 35.75 36.3125
36 31.375 30.5 28 28 27.5625 26.6875 26.4375 26 26 28.25 28.25 28.75 29 29 29.0625 29.0625 29 29.1875 29.5625 29.1875 29.375 29.1875 29.0625 28.9375 28.75 28.5 28.125 26.1875 25.1875 31 30.875 23.4375 26.0625 26.625 26.375 27.4375 27.625 26.3125 26.9375 28.3125 29.0625 29.5 30.1875 30.9375 31.1875 31.875 32.75 33.5 34.4375 36.625 37.875 39.75 40.625 41.625 41.6875 41.875 41.875 41.25 41.4375 41.25 40.25 38.75 37.125 35.6875 35.125 34.5625 35.875 37
38.5 33.9375 33.375 29.25 28.0625 28.0625 28 27 26.875 26.6875 29.5 30.3125 29.125 29.25 29.1875 29 29 29.6875 29.4375 29.375 29.0625 29.125 29.0625 29 29 29 29 28.5625 28 26.625 26.125 25.75 26.6875 27.125 26.625 26.5625 28.1875 26.875 26.8125 27.625 28.9375 29.3125 30.3125 31.1875 31.4375 31.3125 31.8125 32.875 34 34.25 36.6875 38.6875 41 42.25 42.5625 42.1875 42.0625 41.4375 41.1875 41.6875 40.4375 39.875 38.1875 36.25 34.9375 34.4375 34.75 36.8125 37.625
39.875 38.6875 33.6875 31.625 30 29.1875 29.0625 28.75 28.375 28.0625 28.125 30.3125 30.625 30.75 31.0625 30.4375 30.4375 30.1875 30 29.9375 29.875 29.75 30 29.625 29.5625 29.0625 29.1875 29.125 28.875 27.75 27.125 26.75 27.25 27.5 26.4375 26.25 28.75 27.9375 27.5625 28 29 29.3125 29.5625 31.5625 32 31.8125 32.0625 33.125 33.8125 34.625 36.6875 38.6875 40.8125 42.75 44.25 43.4375 43.375 42.9375 42.6875 41.5 40.875 40.1875 38.25 36.6875 35.1875 35 36 37.6875 39.75
41.0625 40.0625 39.125 32.0625 31.8125 30.875 30.5625 30.3125 30 29.875 29.5 29.1875 29.1875 30.6875 31.75 30.8125 30.9375 30.4375 31 31.4375 30.3125 29.5625 31.3125 30.5625 30.4375 30.0625 30.75 29.75 29 28.75 27.8125 27.9375 28.5 27.5 26.625 26.1875 26.75 29.75 27.875 28.5625 28.9375 29.5625 30.375 31.5625 32.0625 32.5 33 33.8125 34.5625 35.3125 37.125 39.9375 40.75 41.625 40.8125 41.0625 42.9375 43.75 42.9375 41.125 41.5 40.4375 38.1875 37.3125 35.625 36 36.75 39.875 42
42.375 41.125 40.6875 33.5625 32.0625 31.875 31.1875 30.5625 30.375 30.5 30.5 30.25 29.9375 29.375 31.5 31.25 31.625 31.5 31 30.625 30.5625 29.875 30.25 31.0625 31.875 30.8125 31.4375 31.375 29.4375 28.875 28.5 28.8125 28.875 28.0625 27.5625 27.0625 28.625 29.1875 27.875 27.5 28.5625 29.875 30.4375 30.9375 31.875 32.9375 33.4375 34.125 35.3125 36.25 37.75 40.0625 41 41.25 40.1875 40.125 41.0625 41.25 42.9375 40.9375 40.625 39.6875 38.0625 36.4375 35.875 35.5 37.5625 40.75 42.625
44.125 43.0625 41.875 35.5625 34.0625 32.5625 32.375 32.0625 31.9375 31.9375 32 31.75 31.4375 31.25 32.5625 33.375 32 31.4375 31.9375 32.125 32 31.8125 32.1875 31.1875 31.1875 31.625 31.5625 31.9375 31 30.4375 30.375 30.75 29.4375 28.5625 27.5625 27 29.5625 27.8125 27.3125 27.75 28.5 29.4375 30.25 31.5625 32 32.6875 33.6875 35 35.75 37.6875 38.3125 40.5625 40.375 40.6875 41.125 40.5 40.25 41.4375 41.5 41.3125 40.5 39 37.8125 36.625 36.125 35.25 37.5625 40.4375 42.4375
45.25 43.3125 42.125 37.25 35.1875 34.375 33.875 34.4375 33.125 33.3125 33.0625 32.625 32.625 33.8125 34.875 34.125 33.6875 32.9375 32.875 33.1875 33.625 34 34.0625 32.9375 32.6875 33.0625 31.6875 33.1875 32.4375 32.5625 32.125 31.875 30.6875 30.25 28.875 28.3125 29 28.25 28 28 28.625 29.625 30.125 31.75 32.375 32.875 33.875 35 36.125 38 38.1875 39.75 40.8125 41 41 41 41.0625 42.25 41.0625 41.4375 41.8125 40.375 38.8125 37.5 37.25 37.375 37.25 40 43.875
47.375 45.375 39.3125 37.8125 36.625 35.5625 35.875 35.625 35.9375 35.875 36.9375 36.9375 37.1875 36.4375 35.8125 34.9375 35.125 35 34.75 35.125 36.0625 36.0625 35.6875 35.375 34.9375 34.6875 34.375 34 33.8125 33.75 33.8125 34.5625 32.75 32.5625 31.9375 31.125 30.25 29.375 28.5625 27.875 28.375 29.5 30.375 31.75 32.75 33 33.75 35.0625 36.4375 38 38 39.5 40.6875 40.875 41 41 41.9375 42.625 41.25 41.25 41.75 42 40.0625 38.625 38.375 38.25 38.5625 39.875 42.5
49 46.875 40.9375 39.375 38 37.4375 37.5 36.0625 36.4375 36.8125 38.3125 39.125 38.25 38.75 38.125 37.4375 36.3125 36.75 36.875 37.1875 38 39.625 37.9375 37.3125 37.0625 36.6875 36.4375 36.8125 35.1875 36.125 36.75 36.625 35.4375 34.4375 33.6875 32.5 31.375 30.625 29.1875 28.625 29 29.5625 30.875 31.0625 32.0625 33 34 35.5 36.5625 38.4375 38.75 39 39.4375 40.75 41 41 41.875 43 42.9375 41.4375 41.8125 42.0625 40.75 40.875 40.5625 39.75 40.8125 42 43.0625
51.125 47.75 42.1875 40.0625 39.0625 37.1875 37.25 37.1875 37.3125 37.625 37.9375 38.375 37.875 37.4375 37.5625 37.625 37.625 39.125 39.5625 39.875 40.5625 41.1875 41.8125 40.0625 39.25 38.625 38.25 38.3125 38.6875 37.875 38.8125 38.6875 37.75 37.1875 35.6875 34.0625 33.625 31.875 30.9375 31 31.0625 31.25 31 31.4375 32.75 33.8125 34.8125 35.9375 36.75 38.6875 39 39 40.0625 41 41 41.1875 42 42.875 43.125 43.4375 43.125 43.5625 41.375 41.625 41.8125 41.8125 42 42.5 45.875
