input_data/future_climate/BCC_CSM2_585/_bio10_a.asc
ncols  331
nrows  193
xllcorner  17.833372883333
yllcorner  37.9999896166667
cellsize 0.1666667
NODATA_value  -9999
[rows 84 to 104 of 193, columns 230 to 275 of 331]
19.4260425567627 19.2604160308838 19.3760414123535 19.220832824707 19.1104164123535 18.8624992370605 18.7875003814697 18.6187496185303 18.6333332061768 18.6124992370605 18.8833332061768 19.1708335876465 19.0635414123535 18.9760417938232 18.7531242370605 18.3624992370605 18.0989589691162 17.8802089691162 18.3864593505859 18.1177082061768 18.0520839691162 17.9364585876465 17.6604175567627 17.6291656494141 18.0239582061768 17.9229164123535 18.5833339691162 18.8697910308838 18.9489593505859 19.0229167938232 19.1104164123535 19.1593742370605 19.2906246185303 19.3760414123535 19.4291667938232 19.3916664123535 19.3677082061768 19.4208335876465 19.7906246185303 19.7281246185303 19.6760425567627 19.7927074432373 20.0249996185303 20.1791667938232 20.216667175293 20.2156257629395
19.7354164123535 19.5218753814697 19.611457824707 19.5302085876465 19.2104167938232 18.9375 18.6947917938232 18.513542175293 18.2906246185303 18.1437492370605 19.0093746185303 19.3833332061768 19.25 19.1802082061768 18.9854164123535 18.5708332061768 18.0218753814697 17.8604164123535 18.2447910308838 18.078125 18.0479164123535 18.0656242370605 17.9760417938232 18.064582824707 17.890625 18.015625 18.627082824707 19.1104164123535 19.0708332061768 19.1000003814697 19.2447910308838 19.3541660308838 19.4781246185303 19.5583343505859 19.5166664123535 19.5302085876465 19.533332824707 19.5510406494141 19.8312492370605 19.763542175293 19.8385429382324 19.966667175293 19.8875007629395 19.9718742370605 20.1635417938232 20.1395835876465
19.625 19.6593742370605 19.5458335876465 19.392707824707 19.2250003814697 18.892707824707 18.5593757629395 18.2864589691162 18.1885414123535 18.0885410308838 18.9489593505859 19.2156257629395 19.15625 19.2447910308838 19.0656242370605 18.6749992370605 18.53125 18.357292175293 18.2177085876465 17.8125 17.7572917938232 17.8760414123535 17.5989589691162 18.0479164123535 18.0625 18.4489574432373 19.0406246185303 19.232292175293 19.2291679382324 19.3791675567627 19.548957824707 19.6625003814697 19.7072906494141 19.7135410308838 19.7041664123535 19.6875 19.7104167938232 19.6104164123535 19.6958332061768 19.8114585876465 19.9312496185303 19.8635425567627 19.892707824707 19.9125003814697 19.8979167938232 19.845832824707
19.451042175293 19.4260425567627 19.4739589691162 19.1572914123535 18.7687492370605 18.8093757629395 18.7437496185303 18.638542175293 18.6333332061768 18.4989585876465 18.982292175293 19.0729160308838 19.3635406494141 19.107292175293 18.8020839691162 18.3739585876465 18.2916660308838 18.1468753814697 17.8541660308838 17.8427085876465 18.0083332061768 17.7270832061768 17.3947906494141 17.6802082061768 18.2531242370605 18.830207824707 18.982292175293 19.1687507629395 19.4635410308838 19.486457824707 19.5072917938232 19.6791667938232 19.8427085876465 19.7458324432373 19.6552085876465 19.6875 19.6760425567627 19.6989574432373 19.7385406494141 19.7708339691162 19.8322925567627 19.923957824707 19.9468746185303 20.0041656494141 20.0718746185303 20.1208324432373
19.6979160308838 19.4125003814697 19.3312492370605 19.0270824432373 18.75 18.5031242370605 18.3760414123535 18.1812496185303 18.3187503814697 18.752082824707 19.142707824707 19.03125 19.2458343505859 19.0187492370605 18.8364582061768 18.3822917938232 18.1770839691162 18.1635417938232 18.076042175293 18.236457824707 17.9114589691162 17.7437496185303 16.9885425567627 17.8802089691162 18.8864574432373 19.0666656494141 19.1291656494141 19.326042175293 19.5739574432373 19.6875 19.7927093505859 19.919792175293 19.939582824707 19.8541660308838 19.8156242370605 19.8156242370605 19.8531246185303 19.9114589691162 19.8854179382324 19.8739585876465 19.9114589691162 20.2260417938232 20.328125 20.2354164123535 20.0989570617676 19.8958339691162
19.7979164123535 19.8864593505859 19.861457824707 19.6916675567627 19.3604164123535 18.9135417938232 18.3187503814697 18.3802089691162 18.4781246185303 18.3427085876465 18.4072914123535 18.8468742370605 18.8166675567627 18.9375 18.8781242370605 18.529167175293 18.5010414123535 18.0072917938232 17.6010417938232 17.9208335876465 17.7124996185303 17.0364589691162 16.8479175567627 18.0072917938232 18.6375007629395 19.0302085876465 19.3854160308838 19.372917175293 19.6875 19.7385425567627 19.9208335876465 20.2937507629395 20.1593742370605 20.1708335876465 20.122917175293 19.9916667938232 20.0562496185303 20.1197910308838 20.1312503814697 20.1479167938232 20.109375 20.0625 20.1802082061768 19.9833335876465 19.9718742370605 19.9489593505859
19.9718742370605 20.0583324432373 20.122917175293 19.8510417938232 19.6135406494141 19.5593757629395 19.0416660308838 18.6124992370605 18.8802089691162 18.6645832061768 18.5281257629395 18.7572917938232 18.4135417938232 17.9885425567627 18.453125 17.8541660308838 17.6927089691162 17.921875 17.5541667938232 17.3020839691162 17.0979175567627 17.4812507629395 17.970832824707 18.6520843505859 18.6947917938232 18.9541664123535 19.1885414123535 19.3822917938232 19.5635414123535 19.6687507629395 19.9010410308838 20.3135414123535 20.3406257629395 20.247917175293 20.2583332061768 20.2312507629395 20.1479167938232 20.1187496185303 20.2260417938232 20.2135410308838 20.017707824707 20.060417175293 20.0562496185303 19.9072914123535 19.8322906494141 19.8718757629395
20.169792175293 20.2156257629395 20.0437507629395 19.8229160308838 19.8187503814697 19.8322925567627 19.6677074432373 18.7916660308838 18.4010410308838 18.4343757629395 18.3312492370605 18.5114593505859 18.1239585876465 18.09375 17.3135414123535 17.2104167938232 16.9562492370605 16.8197917938232 16.1177082061768 16.6447906494141 17.0885410308838 17.9500007629395 18.4947910308838 18.6989593505859 18.8468742370605 19.3166656494141 19.4291667938232 19.5260410308838 19.6989574432373 19.6937503814697 19.8385410308838 20.296875 20.2302093505859 20.3208332061768 20.2645835876465 20.236457824707 20.388542175293 20.3125 20.3937492370605 20.3489570617676 20.1520843505859 20.0739574432373 19.923957824707 20.0145835876465 19.9739589691162 19.875
20.3510417938232 20.1458339691162 19.9479160308838 20.0218753814697 19.8385410308838 19.6000003814697 19.2333335876465 18.3447914123535 17.4406242370605 17.4364585876465 17.6020832061768 17.8197917938232 17.7114582061768 17.5927085876465 17.5572910308838 17.2614574432373 16.421875 15.8374996185303 16.1916675567627 16.7062492370605 17.4406242370605 18.3197917938232 18.6791667938232 18.830207824707 19.138542175293 19.294792175293 19.470832824707 19.7843742370605 19.8916664123535 19.9312496185303 20.1572914123535 20.2937488555908 20.2729167938232 20.216667175293 20.328125 20.3010425567627 20.2979164123535 20.2437496185303 20.3208332061768 20.2927074432373 20.3010406494141 20.2770824432373 20.173957824707 20.1437511444092 20.1687507629395 19.9624996185303
20.3083324432373 20.0739593505859 20.0583324432373 19.9468746185303 19.6239585876465 19.6010417938232 19.1947917938232 18.5354156494141 17.9125003814697 17.7124996185303 16.8687496185303 16.9270839691162 17.060417175293 16.4760417938232 16.158332824707 16.390625 15.716667175293 16.1708335876465 16.8010406494141 17.3624992370605 18.189582824707 18.8989582061768 19.0104160308838 18.830207824707 19.4572906494141 19.7875003814697 19.810417175293 19.6572914123535 20.1041660308838 20.455207824707 20.5375003814697 20.4364585876465 20.4145832061768 20.4760417938232 20.5 20.6031246185303 20.5052089691162 20.328125 20.4249992370605 20.3583335876465 20.3291664123535 20.3072910308838 20.3333339691162 20.2697925567627 20.3052082061768 20.2906246185303
20.5708332061768 20.5239582061768 20.2781238555908 20.1687507629395 19.7875003814697 19.4364585876465 19.029167175293 18.576042175293 18.3677082061768 17.7270832061768 17.107292175293 16.6447925567627 15.7489585876465 16.0166664123535 16.4750003814697 16.7312507629395 16.6104164123535 17.0187492370605 17.8010425567627 18.046875 18.5718746185303 19.111457824707 19.5229167938232 19.4104156494141 19.4583339691162 19.7020835876465 19.6520824432373 19.7718753814697 20.0520839691162 20.564582824707 20.7333335876465 20.486457824707 20.5093746185303 20.6687507629395 20.7468757629395 20.703125 20.7124996185303 20.5677089691162 20.5635414123535 20.642707824707 20.4989585876465 20.5677089691162 20.5427093505859 20.4541664123535 20.2729167938232 20.3510417938232
20.2604179382324 20.4677085876465 20.4281253814697 19.9375 19.0708332061768 18.6677093505859 18.3135414123535 18.1791667938232 18.7281246185303 17.5125007629395 17.1531257629395 15.9510412216187 15.6625003814697 16.2593746185303 17.060417175293 17.0416660308838 16.7885417938232 18.03125 18.1729164123535 18.2927074432373 19.0395832061768 19.2406253814697 19.4645843505859 19.8562507629395 19.673957824707 19.5270843505859 19.591667175293 19.9541664123535 20.2822914123535 20.7510414123535 20.9520835876465 20.8187503814697 20.8697929382324 20.8979167938232 20.8916664123535 20.8979167938232 20.8697910308838 20.8802089691162 20.8760414123535 20.8374996185303 20.7104167938232 20.7510414123535 20.7354164123535 20.6468753814697 20.4416656494141 20.3947906494141
20.4697914123535 20.4010410308838 19.9281253814697 19.6760425567627 18.953125 19.0458335876465 18.0229167938232 18.265625 17.9427070617676 17.7749996185303 16.8864574432373 16.1510410308838 16.2333335876465 16.7489585876465 16.5427093505859 16.810417175293 17.8062496185303 18.5031242370605 18.6052074432373 18.6416664123535 18.5052089691162 19.2291660308838 19.7354164123535 20.0239582061768 20.2239589691162 20.1447925567627 20.0354156494141 20.2604179382324 20.5833339691162 20.9489574432373 21.1291656494141 21.2437496185303 21.2541675567627 21.138542175293 21.1041660308838 21.2041664123535 21.2416667938232 21.2218742370605 21.2229175567627 21.1614589691162 21.0552082061768 20.9583339691162 20.732292175293 20.5416660308838 20.548957824707 20.8010406494141
20.6499996185303 20.310417175293 19.6927089691162 18.9156246185303 18.3604164123535 18.8645839691162 18.1666660308838 17.7437496185303 17.7458343505859 17.654167175293 17.1864585876465 17.2062492370605 17.6447906494141 17.4343757629395 16.8197917938232 17.5531253814697 18.232292175293 18.8364582061768 19 18.9937496185303 19.0104160308838 19.4135417938232 19.8500003814697 20.0062503814697 19.997917175293 20.25 20.486457824707 20.5864582061768 20.7281246185303 20.7510414123535 20.861457824707 21.0531253814697 21.2177085876465 21.2218742370605 21.2708339691162 21.3062496185303 21.2979164123535 21.3541679382324 21.2385425567627 21.0510425567627 20.986457824707 20.9833335876465 20.9270839691162 20.8510417938232 21.0437507629395 21.111457824707
20.6000003814697 20.2718753814697 19.7406253814697 18.5968742370605 18.2843742370605 18.4937496185303 18.109375 17.71875 17.5093746185303 17.140625 17.7875003814697 17.0697917938232 17.3218746185303 16.673957824707 17.361457824707 18.5968742370605 19.1843757629395 19.3291664123535 19.2718753814697 19.2593746185303 19.4249992370605 19.6979160308838 19.560417175293 19.5833339691162 19.611457824707 20.2000007629395 20.3197917938232 20.6302089691162 20.8333339691162 20.8656253814697 20.9541664123535 20.9760417938232 21.1802082061768 21.3427085876465 21.4458332061768 21.4385414123535 21.326042175293 21.173957824707 21.1812496185303 21.1468753814697 21.1145839691162 21.1364593505859 21.0770835876465 21.078125 21.1989593505859 21.3052082061768
20.3979167938232 20.3822917938232 19.8197917938232 18.4781246185303 18.3114585876465 18.109375 17.9854164123535 17.6468753814697 17.9249992370605 18.1906242370605 17.6979160308838 17.2250003814697 16.9177093505859 16.9489574432373 18.095832824707 19.3166675567627 19.625 19.7645835876465 19.5885410308838 19.6875 19.6822910308838 19.9916667938232 19.9677085876465 19.9885406494141 19.9791660308838 20.4416675567627 20.673957824707 20.8822917938232 21.0062503814697 21.0874996185303 21.1520843505859 21.0791664123535 21.1520843505859 21.3447914123535 21.3114585876465 21.2697906494141 21.2197914123535 21.2333335876465 21.2093753814697 21.2531242370605 21.283332824707 21.3010406494141 21.2562503814697 21.236457824707 21.2458343505859 21.3812503814697
20.390625 19.779167175293 18.7749996185303 18.6416664123535 18.2781257629395 18.377082824707 18.2104167938232 18.2135410308838 18.6593742370605 18.1531257629395 17.71875 17.2416667938232 17.5656242370605 17.6812496185303 19.1843757629395 19.7062492370605 19.8364582061768 20.1625003814697 19.935417175293 20.1364593505859 20.1625003814697 20.1312503814697 20.0010414123535 20.1770839691162 20.2885417938232 20.578125 20.7718753814697 20.9427089691162 21.1020832061768 21.1031246185303 21.0499992370605 20.9229164123535 20.9166660308838 20.9020824432373 21.1135406494141 21.095832824707 21.1177082061768 21.2895832061768 21.3479156494141 21.2916660308838 21.3854160308838 21.3812503814697 21.4624996185303 21.4614582061768 21.283332824707 21.5479164123535
20.142707824707 19.517707824707 19.0437507629395 18.7312507629395 18.7562503814697 18.6322917938232 17.8760414123535 18.4583339691162 18.9468746185303 18.5229167938232 17.8979167938232 17.2822914123535 17.982292175293 18.453125 19.6510410308838 19.997917175293 20.2718753814697 20.4989585876465 20.4802093505859 20.3999996185303 20.3802089691162 20.1239585876465 19.6499996185303 19.814582824707 20.109375 20.2906246185303 20.6437511444092 20.7802085876465 20.9791660308838 21.1052093505859 21.127082824707 21.0697917938232 21.0968742370605 21.201042175293 21.1999988555908 21.1729164123535 21.2260417938232 21.2864589691162 21.3843746185303 21.3968753814697 21.4177074432373 21.3989582061768 21.3656253814697 21.5666656494141 21.673957824707 21.7104167938232
20.5072917938232 20.1104164123535 19.4854164123535 19.0322914123535 19.0010414123535 18.8947925567627 18.5572910308838 19.0479164123535 18.7312507629395 18.247917175293 17.689582824707 17.8343753814697 18.1822910308838 18.6989574432373 20.1291675567627 20.2270832061768 20.5364589691162 20.654167175293 20.6083335876465 20.6135425567627 20.4416656494141 20.2062492370605 19.9052085876465 19.8364582061768 20.0479164123535 20.4677085876465 20.7593746185303 20.921875 21.0260410308838 21.2333335876465 21.3489589691162 21.4177074432373 21.4052085876465 21.4916667938232 21.5072917938232 21.5031261444092 21.466667175293 21.3510417938232 21.4937496185303 21.5791664123535 21.5635414123535 21.5260410308838 21.6677093505859 21.8697910308838 21.8697910308838 21.515625
21.1343746185303 20.9406242370605 20.138542175293 19.2104167938232 19.330207824707 19.1343746185303 18.8677082061768 18.8156242370605 18.4312496185303 17.9677085876465 17.8989582061768 18.9718761444092 18.6416664123535 19.5479164123535 20.2093753814697 20.5437507629395 20.8270835876465 20.6187496185303 20.529167175293 20.5687503814697 20.4770832061768 20.330207824707 20.1947917938232 20.5208339691162 20.5697917938232 20.8156242370605 20.9010410308838 21.1031246185303 21.2197914123535 21.294792175293 21.3041667938232 21.5395832061768 21.6958332061768 21.671875 21.7114582061768 21.7625007629395 21.8812503814697 21.8041667938232 21.826042175293 21.7885417938232 21.8187503814697 21.8427085876465 21.8979167938232 21.8875007629395 21.8427085876465 21.7104167938232
20.611457824707 20.7260417938232 20.736457824707 19.8031253814697 19.3229160308838 19.2124996185303 18.9364585876465 18.5864582061768 18.2489585876465 17.9604167938232 18.5437507629395 19.5562496185303 19.1083335876465 18.7552089691162 20.2218742370605 20.6593742370605 20.8624992370605 20.6593761444092 20.9416675567627 20.8541679382324 20.752082824707 20.7375011444092 20.4166660308838 20.4812507629395 20.8520832061768 21.0552082061768 21.1197929382324 21.1656246185303 21.2541656494141 21.3718757629395 21.4645843505859 21.5593757629395 21.560417175293 21.6302089691162 21.736457824707 21.826042175293 21.8843746185303 21.9604167938232 21.9718742370605 22.017707824707 21.8854160308838 21.8635406494141 21.8270835876465 21.8218746185303 21.75 21.6864585876465
