input_data/future_climate/BCC_CSM2_585/_bio10_a.asc
ncols  331
nrows  193
xllcorner  17.833372883333
yllcorner  37.9999896166667
cellsize 0.1666667
NODATA_value  -9999
[rows 0 to 20 of 193, columns 230 to 275 of 331]
-9999 -9999 -9999 -9999 -9999 -9999 -9999 -9999 -9999 -9999 -9999 -9999 -9999 -9999 6.23888874053955 6.359375 6.33541679382324 6.28645849227905 6.23229169845581 6.27708339691162 6.38749980926514 6.55104160308838 6.58888864517212 6.70740747451782 6.91666698455811 -9999 -9999 -9999 -9999 -9999 -9999 -9999 -9999 -9999 -9999 -9999 -9999 -9999 -9999 -9999 -9999 -9999 -9999 -9999 -9999 -9999
-9999 -9999 -9999 -9999 -9999 -9999 -9999 -9999 -9999 -9999 -9999 -9999 -9999 -9999 -9999 6.51666641235352 6.30555582046509 6.54444456100464 6.59102582931519 6.34479188919067 6.67812490463257 6.77604150772095 6.796875 6.88854169845581 7.09062480926514 7.16212129592896 7.15000009536743 7.23333358764648 7.26250028610229 7.13888883590698 6.98333358764648 7.03333330154419 -9999 -9999 -9999 -9999 -9999 -9999 -9999 -9999 -9999 -9999 -9999 -9999 -9999 -9999
-9999 -9999 -9999 -9999 -9999 -9999 -9999 -9999 -9999 -9999 -9999 -9999 -9999 -9999 -9999 -9999 -9999 -9999 -9999 7.15000009536743 6.3527774810791 7.22395849227905 7.21770858764648 7.37187528610229 7.44895839691162 7.4523811340332 7.32777786254883 7.24642848968506 7.28854179382324 7.17812490463257 7.08750009536743 7.19102573394775 7.28472185134888 7.11515140533447 7.27291631698608 7.30208349227905 7.42291688919067 7.49791622161865 7.48124980926514 7.5 7.625 7.57916641235352 7.63333320617676 -9999 -9999 -9999
-9999 -9999 -9999 -9999 -9999 -9999 -9999 -9999 -9999 -9999 -9999 -9999 -9999 -9999 -9999 -9999 -9999 -9999 -9999 -9999 -9999 -9999 7.33333349227905 7.36666679382324 7.5533332824707 7.81770801544189 7.83750009536743 7.88020801544189 7.78125 7.53750038146973 7.36145830154419 7.32187509536743 7.37187480926514 7.16979169845581 7.14687490463257 7.17812490463257 7.234375 7.28958320617676 7.43645858764648 7.60208320617676 7.60312509536743 7.66770839691162 7.73854160308838 7.76249980926514 7.81794881820679 7.81527757644653
-9999 -9999 -9999 -9999 -9999 -9999 -9999 -9999 -9999 -9999 -9999 -9999 -9999 -9999 7.37777757644653 7.53749990463257 -9999 -9999 -9999 -9999 -9999 -9999 -9999 -9999 7.75555515289307 7.97499990463257 8.16770839691162 8.22708320617676 8.03229141235352 7.99375009536743 7.76145839691162 7.81979179382324 7.71041679382324 7.37812519073486 7.17395830154419 6.93958330154419 7.01041650772095 7.34062528610229 7.43854141235352 7.42916679382324 7.35416650772095 7.43229198455811 7.46354150772095 7.41354179382324 7.59895849227905 7.828125
-9999 -9999 -9999 -9999 -9999 -9999 -9999 -9999 -9999 -9999 -9999 -9999 -9999 -9999 -9999 7.375 7.50952386856079 7.56428575515747 7.68333339691162 -9999 -9999 -9999 -9999 -9999 -9999 -9999 7.98333358764648 8.44270801544189 8.41041660308838 8.19583320617676 7.98020839691162 8.01145839691162 7.95937490463257 7.75520801544189 7.58437490463257 7.50624990463257 7.30729150772095 7.39895820617676 7.40416669845581 7.28229141235352 7.46250009536743 7.62291669845581 7.69270849227905 7.80416679382324 7.95625019073486 8.09375
-9999 -9999 -9999 -9999 -9999 -9999 -9999 -9999 -9999 -9999 -9999 -9999 -9999 -9999 -9999 -9999 -9999 -9999 7.3033332824707 -9999 -9999 -9999 -9999 -9999 -9999 -9999 8.51666641235352 8.63333320617676 8.77424240112305 8.89270877838135 8.65833377838135 8.44895839691162 8.05729198455811 7.76354169845581 7.59062480926514 7.73333358764648 7.74791669845581 7.6875 7.53020858764648 7.53333330154419 7.61145830154419 7.66770839691162 7.90416669845581 8.13645839691162 8.36041641235352 8.60312461853027
-9999 -9999 -9999 -9999 -9999 -9999 -9999 -9999 -9999 -9999 -9999 8.86666679382324 8.94999980926514 8.87291622161865 8.82575798034668 8.82023811340332 8.78125 8.71041679382324 8.62407398223877 -9999 -9999 -9999 -9999 -9999 -9999 -9999 -9999 9.19999980926514 9.26666641235352 9.44166660308838 9.41145801544189 9.11458301544189 8.70729160308838 8.47708320617676 8.33749961853027 8.15833282470703 8.11250019073486 7.91666650772095 7.88854169845581 7.80937480926514 8.05416679382324 8.06562519073486 8.07604217529297 8.140625 8.36041641235352 8.64791679382324
-9999 -9999 -9999 -9999 -9999 -9999 9.40416717529297 9.375 9.22727298736572 9.3347225189209 9.28222274780273 9.18333339691162 9.16666698455811 9.06875038146973 9.09166622161865 9.07916641235352 9.04062557220459 8.94999980926514 8.95416641235352 8.91666698455811 -9999 -9999 8.98333358764648 9.14583301544189 9.15833377838135 9.20416641235352 9.27777767181396 9.33333301544189 9.46458339691162 9.70729160308838 9.75208282470703 9.56770801544189 9.43229198455811 9.265625 8.94687557220459 8.70937538146973 8.62812519073486 8.43124961853027 8.31354141235352 8.35729217529297 8.52187538146973 8.390625 8.40520858764648 8.54583358764648 8.75729179382324 8.921875
9.6575756072998 9.74833297729492 9.84027767181396 9.88472270965576 9.89999961853027 9.88749980926514 9.65666675567627 9.57333374023438 9.47604179382324 9.35000038146973 9.11770820617676 9.11041641235352 9.15520858764648 9.03125 9.08541679382324 9.11041641235352 9.14479160308838 9.10104179382324 9.08888912200928 -9999 -9999 8.83333301544189 9.11222267150879 9.33125019073486 9.40416622161865 9.47395801544189 9.55937480926514 9.65625 9.81145858764648 9.86041641235352 10.0249996185303 9.99062538146973 9.72083282470703 9.56562519073486 9.47187519073486 9.25 9.07291698455811 8.87708282470703 9.03645801544189 9.09479141235352 8.82291698455811 8.64375019073486 8.53750038146973 8.71458339691162 8.74479198455811 8.82083320617676
9.37812519073486 9.55416679382324 9.74791622161865 9.81666660308838 9.80312538146973 9.80937480926514 9.76145839691162 9.703125 9.53645801544189 9.32187461853027 8.93645858764648 8.90104198455811 8.93333339691162 8.99270820617676 9.10729217529297 9.15208339691162 9.23541641235352 9.30625057220459 9.47500038146973 9.54583358764648 -9999 9.46666622161865 9.40666675567627 9.65625 9.77708339691162 9.78645801544189 9.85729122161865 9.95520782470703 10.0302085876465 10.09375 10.1229162216187 10.247917175293 10.1541662216187 10.0041666030884 9.87708377838135 9.90937519073486 9.76041698455811 9.64166641235352 9.64791679382324 9.53749942779541 9.44479179382324 9.30208301544189 9.14270877838135 9.03229141235352 8.64895820617676 8.76354217529297
9.49166679382324 9.53541660308838 9.75208377838135 9.87604141235352 9.91145801544189 9.91770839691162 9.9375 9.94479179382324 9.76666641235352 9.41250038146973 9.19270801544189 9.22291660308838 9.27604198455811 9.17291641235352 9.17812442779541 9.20104122161865 9.203125 9.37291622161865 9.66562557220459 9.80520820617676 9.88854122161865 9.86666679382324 9.94166660308838 9.98333358764648 10.0343751907349 10.080207824707 10.0843744277954 10.1614580154419 10.2114582061768 10.2135419845581 9.92916679382324 9.68541622161865 9.82291698455811 10.03125 10.0510416030884 10.0020837783813 10.0177087783813 10.0447912216187 10.2218751907349 10.15625 10.0364580154419 9.63437557220459 9.359375 9.15625 9.13333320617676 9.34895801544189
9.88541698455811 9.93124961853027 9.85520839691162 10.0166664123535 10.1739587783813 10.173957824707 10.2791662216187 10.2843751907349 10.2864580154419 10.0187501907349 9.85104179382324 9.78229141235352 9.86041641235352 9.76249980926514 9.51666641235352 9.46249961853027 9.48750019073486 9.51770877838135 9.70833301544189 9.91666698455811 10.125 10.2385416030884 10.2552080154419 10.1687498092651 9.89375019073486 9.83229160308838 9.89166641235352 9.875 10.0041666030884 9.99270820617676 9.83125019073486 9.81041622161865 9.70833301544189 9.64999961853027 9.703125 9.90937519073486 10.1395835876465 10.2770833969116 10.4447917938232 10.4770832061768 10.3864583969116 10.0500001907349 9.64479160308838 9.53645801544189 9.61562538146973 9.63333320617676
10.0145835876465 9.94999980926514 9.84270858764648 9.83125019073486 9.96458339691162 10.1843748092651 10.4166660308838 10.5895833969116 10.5927085876465 10.4979162216187 10.4406251907349 10.1625003814697 10.3270835876465 10.2270832061768 10.1885414123535 10.095832824707 9.93020820617676 9.75104141235352 9.85416698455811 9.97291660308838 10.372917175293 10.5333337783813 10.4968748092651 10.3427085876465 10.2645835876465 10.4333333969116 10.4583330154419 10.3374996185303 10.4510412216187 10.4322919845581 10.279167175293 10.2947912216187 10.1802082061768 10.0322914123535 10.1135416030884 10.21875 10.2854166030884 10.5052080154419 10.5510416030884 10.6614580154419 10.6833333969116 10.5916662216187 10.1166667938232 9.83229160308838 9.82916641235352 9.93541622161865
10.140625 10.1968746185303 10.1458330154419 10.0947914123535 10.2177085876465 10.2427082061768 10.40625 10.6885414123535 10.8427085876465 10.9031248092651 10.8218746185303 10.4947919845581 10.5416669845581 10.6781253814697 10.5656251907349 10.5833330154419 10.4802083969116 10.2541666030884 10.1354169845581 10.2270832061768 10.6208333969116 10.9312496185303 10.872917175293 10.6031246185303 10.7052087783813 10.6520833969116 10.6291666030884 10.6656246185303 10.6354169845581 10.5864582061768 10.5010414123535 10.4375 10.3489580154419 10.25 10.298957824707 10.3562498092651 10.4802083969116 10.4916667938232 10.6052083969116 10.8020839691162 10.7458333969116 10.4812498092651 10.15625 10.0906248092651 10.1843748092651 10.3114585876465
10.4895830154419 10.580207824707 10.5989580154419 10.6166667938232 10.7333335876465 10.9114580154419 11.0187501907349 11.0072917938232 10.9968748092651 11.0833330154419 11.1999998092651 11.1010417938232 11.0072917938232 11.03125 10.9427089691162 10.8666667938232 10.7864580154419 10.6781253814697 10.7177085876465 10.6374998092651 10.7604169845581 10.9104166030884 10.8062505722046 10.7333335876465 10.7906255722046 10.65625 10.7770833969116 10.8718748092651 10.8489589691162 10.7760419845581 10.765625 10.6270837783813 10.5364580154419 10.5885419845581 10.7052087783813 10.8166666030884 10.6041669845581 10.5687503814697 10.6812496185303 10.7114582061768 10.4604167938232 10.5177087783813 10.4572916030884 10.4468746185303 10.3947916030884 10.5145835876465
10.8708333969116 10.9010419845581 11.015625 11.1447916030884 11.3177080154419 11.372917175293 11.486457824707 11.5229167938232 11.5302085876465 11.5510416030884 11.5864582061768 11.4895830154419 11.4624996185303 11.4572916030884 11.3333330154419 11.2718753814697 11.220832824707 11.1270837783813 11.0416669845581 11.0062503814697 10.9729166030884 10.9854164123535 11.1000003814697 11.0770835876465 11.0895833969116 11.046875 11.1020832061768 11.1645832061768 11.2750005722046 11.1229162216187 11.080207824707 10.8999996185303 10.8781251907349 10.939582824707 11.0656251907349 11.1989583969116 11.1947917938232 11.173957824707 11.1572914123535 11.1020832061768 11.0322914123535 10.8708333969116 10.7541666030884 10.6708335876465 10.6802082061768 10.955207824707
11.140625 11.2583332061768 11.4229164123535 11.5708332061768 11.6541662216187 11.6499996185303 11.7291660308838 11.7270832061768 11.7364587783813 11.6864585876465 11.6958332061768 11.7583332061768 11.78125 11.720832824707 11.6354169845581 11.5343751907349 11.419792175293 11.3552083969116 11.2916669845581 11.2687501907349 11.3177080154419 11.345832824707 11.3833332061768 11.3239583969116 11.2614583969116 11.326042175293 11.3927087783813 11.5281248092651 11.3968753814697 11.3406248092651 11.3458337783813 11.3312501907349 11.3802089691162 11.4968748092651 11.5906248092651 11.5791664123535 11.5687494277954 11.4947919845581 11.3979167938232 11.3666667938232 11.3989582061768 11.2479162216187 11.2062501907349 11.158332824707 11.2041664123535 11.158332824707
11.4437503814697 11.5562496185303 11.78125 11.8770837783813 11.8645839691162 11.765625 11.765625 11.796875 11.9927082061768 11.9916667938232 12.0364580154419 12.0500001907349 12.0083332061768 11.9020833969116 11.7677087783813 11.6958332061768 11.7281246185303 11.6645832061768 11.6166667938232 11.6031246185303 11.4864587783813 11.5093746185303 11.6468753814697 11.7416667938232 11.6843748092651 11.6833333969116 11.6833333969116 11.6645832061768 11.6291666030884 11.6885414123535 11.7697916030884 11.7145833969116 11.8177080154419 11.8656253814697 11.8312492370605 11.7624998092651 11.6343755722046 11.4770832061768 11.4375 11.5145835876465 11.6541662216187 11.5416669845581 11.5562496185303 11.5031251907349 11.4937496185303 11.4458332061768
11.6302080154419 11.8187503814697 12.060417175293 12.0874996185303 12.1468753814697 12.158332824707 12.09375 12.0093746185303 12.2177085876465 12.252082824707 12.2614583969116 12.201042175293 12.1531248092651 12.0114583969116 11.8958330154419 11.71875 11.78125 11.6374998092651 11.6343746185303 11.6916666030884 11.8354167938232 11.9437503814697 11.919792175293 11.8843746185303 11.814582824707 11.8489580154419 11.9229164123535 11.8718748092651 11.8781251907349 12.0614585876465 12.0895833969116 12.0770835876465 12.0979166030884 12.0333337783813 11.8843746185303 11.8697919845581 11.7895832061768 11.6927089691162 11.640625 11.6687498092651 11.8822917938232 11.7062501907349 11.6583337783813 11.6968755722046 11.7312498092651 11.6864576339722
12.0208330154419 12.0250005722046 12.0510416030884 12.1395835876465 12.2947912216187 12.4239587783813 12.3739585876465 12.34375 12.2843751907349 12.2822914123535 12.1999998092651 12.0666666030884 11.9770832061768 11.9458332061768 11.8989582061768 12.0343751907349 12.0833330154419 12.09375 12.2218751907349 12.1166667938232 12.1322917938232 12.173957824707 12.078125 12.0343742370605 12.0364589691162 12.1208333969116 12.0375003814697 12.0489587783813 12.1458339691162 12.2531251907349 12.3812503814697 12.377082824707 12.4260416030884 12.279167175293 12.2479162216187 11.9468746185303 11.8458337783813 11.7406253814697 11.7802085876465 11.9229164123535 12.0052080154419 11.9375 11.9437503814697 11.8354167938232 11.5749998092651 11.2145833969116
