input_data/future_climate/BCC_CSM2_585/_bio13_a.asc
ncols  331
nrows  193
xllcorner  17.833372883333
yllcorner  37.9999896166667
cellsize 0.1666667
NODATA_value  -9999
[rows 128 to 159 of 193, columns 0 to 70 of 331]
86.9375 93 84.9375 93.875 91.0625 103.0625 115 106.1875 97.4375 107.875 104.4375 105.75 113.1875 100.6875 103 93.875 107.25 108.6875 107.375 105.1875 93.8125 94.4375 101 89.5625 90.75 91.6875 102.6875 118.0625 120.5625 141 157.375 164.3125 176.125 173.8125 173.6875 174.75 173.875 161.6875 149.75 137.4375 126.1875 118.375 113.3125 110.875 107.5625 108.4375 106.1875 106.375 106.5 105.6875 104.5 104.1875 104.125 104.375 104.5625 103.6875 103.1875 102.0625 101.25 101.625 102.625 102.9375 102.375 102.5625 102.375 101.625 100.875 100.125 99.6875 98.375 96.9375
81.3125 78.375 78.5 84.375 100.5625 90.6875 91.625 88.25 87.8125 96.75 102.5625 96.4375 88.625 83.75 80.0625 84 88.125 93.125 89.125 87.6875 86.875 96.25 89.4375 84.625 84.625 85.625 89.8125 100.625 114.25 131.9375 138.3125 153.125 174 169.0625 173.125 180.875 183.75 181.25 171.0625 156.375 140.125 129.3125 119.3125 112.875 110.1875 108 106.125 105.4375 105.9375 104.875 103.5625 102.6875 102.1875 101.9375 101.25 99.6875 99.5625 98.5625 99.0625 100.625 100.75 100.625 100.625 100.3125 100.3125 99.9375 99.3125 98 97.5 95.5625 93.9375
73.5625 73.1875 78 78.4375 86.5 86.8125 91.6875 87.1875 94.6875 89.875 83.25 80 78.25 76.125 74.75 78.625 80.8125 82.625 84.5 86.125 88.8125 96.3125 85.4375 81.5625 79.9375 80.6875 84.125 88.8125 95.8125 105.125 127.125 149 142.9375 162.75 161.875 176.0625 178.375 178.6875 176.75 175.5 157 146 127.875 118.0625 111.25 107.6875 106.5625 106.0625 106.625 107.25 104.8125 103.0625 101.625 100.5625 99.6875 99 99 98.25 97.5 99 99.1875 98.4375 98.125 97.375 97.625 96.9375 96.4375 95.4375 94.3125 92.8125 91.125
69.625 69.0625 68.25 68.9375 69.25 72.125 74.3125 78.6875 81.4375 77.3125 77.5 77.375 76.4375 74.25 73.3125 76.1875 79.25 80.5 82.5 83.8125 88.375 86.75 78.75 74.375 74.375 76.1875 81.3125 86.5 93.5 101.8125 110.3125 120.25 136.6875 134.6875 146.75 157.5 163.1875 177.3125 175.6875 164.75 165.5625 162.5625 145.8125 131.9375 120.375 115.4375 111.4375 110.375 106.875 103.9375 102.1875 101.3125 100.5 98.6875 98.3125 98.5625 98.0625 97.4375 96.25 96.625 96.75 95.3125 94.3125 94 94.0625 93.75 93.625 92.875 91.75 90.0625 88.1875
65.375 64.3125 63.9375 65.9375 64.1875 65.4375 67.0625 69.75 70 71.4375 73 74.125 74.5 73.4375 74.75 81.8125 86.625 82.25 80.4375 81.75 81.625 82.3125 76.375 70.3125 69.875 73 80.5625 85.9375 92 98.9375 106.8125 115.75 129.625 125.6875 126 130.375 139.75 155 157.8125 165.75 174.25 158.1875 143.6875 138.6875 138.125 127.3125 117 112.875 110 107 102.4375 99.9375 98.8125 97.6875 97.1875 96.9375 97.1875 95.9375 95.625 94.875 94.625 93.6875 92.75 90.8125 89.25 89.6875 90.4375 89.4375 88.5625 87.3125 84.875
62.6875 61.3125 61.625 63.625 63.5625 64.625 73.8125 68.625 68.75 69.6875 70.5 71.875 74.625 71.875 71.5 74.875 77.375 77 77.875 78.375 78.6875 78.25 74.25 68.5625 66.6875 74.3125 81.125 86.875 91.1875 97.25 103.9375 109.375 116.1875 124.5 142.8125 138.5625 124.9375 135.4375 153.5625 166.4375 165.6875 162.25 151.125 145.25 141.375 135.875 124.9375 115.375 110.75 107.625 104.25 99.5625 96.8125 96.625 96.0625 95.8125 94.9375 96.9375 95.9375 95.625 95.5 93.5625 92.4375 91.4375 89.125 87.0625 86.1875 85.5 85.4375 84.1875 82
61.1875 60.125 59.8125 63 62.75 63.8125 68.375 64.6875 65.4375 66.4375 65.0625 66.5 66.3125 66.1875 67 68.5 70.375 72.25 74.3125 76.3125 77.0625 77 76.1875 74.0625 73.9375 77.75 81.9375 86.5 90.625 95.75 100.375 103.9375 107.75 121.0625 135.1875 148.125 135.9375 130.75 127.875 135.9375 148.4375 153 153.5 147.25 141.3125 136.375 130.625 122.375 111.5625 107.125 105.125 101.1875 98.5625 95.5 95.5 95.4375 94.5 95 95.4375 95.75 95.875 94.6875 93.875 91.375 89.9375 87.125 83.8125 82.5625 82.75 81.4375 79.6875
61.8125 60.875 61.1875 63.9375 63.125 63.5625 65.8125 63.125 64.6875 64.1875 62.5625 62 61.8125 62.75 63.625 65.25 67.25 69.9375 72.75 75.375 77.125 78.1875 79.875 78.75 78.6875 80.5625 83.75 86.9375 90.9375 95.625 100.9375 107.1875 106.4375 104.125 105.9375 117.75 131.5 139.0625 142.8125 135.75 149.125 149.0625 149.8125 141.3125 135.5 130.25 124.1875 120.5625 113.1875 106.125 103.3125 102.25 99.75 97.5 95.1875 95.4375 94.8125 94.25 94.625 94.75 95.375 95.25 93.6875 91.625 88.875 85.8125 83.4375 80.9375 80.125 78.4375 76.9375
64.3125 62 61.6875 62.1875 60.625 60.9375 61.8125 62 61.9375 62.5 61.25 60.1875 59.4375 59.5625 60.25 62 64.625 68.625 71.8125 74.75 76.25 78.3125 80.3125 80.5625 81.3125 83.0625 86.0625 90.6875 94.5625 96.875 99.375 101.5 102.1875 107 108 111.8125 114.4375 118.75 126.125 123.625 134 128.0625 129.125 131.5 128.1875 126.3125 124.75 118.8125 115.375 107.6875 101.9375 100.25 98.4375 99.25 95.6875 94.5625 94.0625 93.75 93.875 95.25 96 95.375 92.125 89.625 86.375 82.75 80.4375 78.4375 76.8125 75.1875 74.0625
68.875 63.75 59.125 59.0625 59.25 59.125 58.75 58.9375 59.375 60.75 60.625 60 59 58.5625 58.5 60.25 63.4375 66 69.6875 72.6875 75.375 77.75 80.4375 82.25 83.375 85.875 88.5 93.75 95.5625 98.125 99.0625 101.625 100.625 102.125 103.25 103.5625 106.0625 106.5625 106.4375 109.1875 111.1875 118.1875 122.75 125.75 125.3125 122.5625 122.75 116.9375 115.25 110.4375 103.6875 97.6875 96.5625 95.875 95.6875 93.9375 92.625 93.625 94.375 93.5625 94.8125 93.875 90.9375 86.875 83.125 79.625 77.5625 75.8125 74.125 72.625 71.75
65 60.0625 57.875 56.9375 57.875 57.6875 58.375 58.75 58.75 60.75 61.375 61.1875 59.8125 58.4375 57.9375 60.5625 62.875 66 68.75 71.1875 74.125 76.4375 80.5 82.75 87 88.8125 92.125 101.6875 105.8125 105.0625 105.3125 103.875 99.4375 101.625 102.375 101.5625 99 102.5625 100.8125 101.6875 104.625 119.125 126.6875 126.625 127.0625 120.25 117.375 114.875 107.75 107 105.3125 98.1875 94.9375 93.9375 93.8125 92.9375 93.5 93.875 94.1875 92.3125 89.4375 89.625 87.75 84.875 80.3125 76.25 73.8125 71.5625 71.1875 69.4375 69.5625
61.6875 60.1875 58.1875 58 57.9375 59.25 60.0625 59.4375 59.5625 61.25 62.6875 62.625 61.9375 60.6875 60.125 61.375 63.8125 65.75 67.5625 70.3125 72.5625 76.5 79.125 83.1875 87.5 91.75 96.0625 108 108.6875 114.5625 110.3125 103.625 102 101.5 100.375 96.3125 98.5 98.5625 98.875 98.1875 100.6875 102.8125 108.375 112.125 112.375 107 108.625 106.5625 105.375 101.9375 101.0625 96.875 94.125 92.25 91.625 92.75 92.25 92.4375 92 90.6875 88.1875 84.5 82.75 80.5625 78.375 74.1875 72.0625 70.0625 68.375 66.8125 66.8125
63.9375 61.625 60.375 60.125 59.6875 60.5 60.25 59.9375 60.75 62.625 64.375 64.875 64.625 63.6875 62.875 63.75 65.375 67.0625 67.75 69.3125 72.375 75.75 79.5 82.8125 86.25 89.25 91.4375 99.5625 125.25 138.6875 123.375 118.875 112.6875 102.6875 101.625 98.125 96.6875 96.6875 96.0625 96 95.4375 95.4375 100.9375 110.125 113.875 103.5625 102.625 106.5625 103.6875 104.5625 104.75 97.5625 91.6875 90.375 90 90.875 91.1875 90 87.8125 86.6875 85.0625 81.875 78.4375 77.125 75.375 72.75 70.125 67.5625 66.625 65.1875 63.0625
67.5625 65.125 63.625 63 62.4375 62.875 61.375 61.1875 63.5 65 66.25 67 67.875 66.8125 65.3125 65.25 66.0625 67.25 68.9375 70.25 73.1875 76.4375 79.0625 82 84.9375 94.125 106.25 97.625 113.5 137.25 136.5 140.375 137.6875 117.125 104.9375 98.0625 94.75 94.75 94.0625 93.75 92.6875 92.9375 96.125 99.75 106.75 106.8125 102.375 98.5625 101.25 101.9375 103.3125 99.125 91.625 90.0625 88.4375 88.625 88.5 87.0625 85.75 82.875 81.5625 78.5625 75.125 74.125 71.8125 70.125 68.75 66.375 65.25 63.8125 62.75
71.125 68.3125 67.875 67.4375 65.3125 63.8125 63.0625 63.75 66.1875 68.25 68.4375 69.8125 70.375 69.125 67.5625 67.1875 68.375 69.125 70.5 72.25 74.625 77.6875 80.25 82.125 85.3125 88.625 99.75 106.9375 111.0625 131.125 121.125 125.1875 126 116.5 110.1875 97.25 94.5 93.875 93.3125 93 92.1875 91.75 93.4375 94.9375 97.3125 97.9375 105.125 95.1875 96.875 100.9375 99.4375 94.125 91.375 88.0625 86.375 85.875 85.5625 84.3125 82.5625 80.5 78.3125 75.6875 72.875 72.3125 70.3125 69.0625 67.5625 66.1875 63.625 62.8125 62.3125
76.5 74.25 74.4375 73.375 69.4375 66.0625 64.0625 66.75 68.25 69.9375 70.75 71.125 70.625 69.375 68.75 69.9375 70.5 71.4375 73.5625 75.3125 77.4375 80.25 83.6875 90.25 91.4375 97 97.875 101.75 98.375 104.25 110.375 114 122.125 117.75 103.1875 94.875 94.5625 94.6875 94 94.125 93.1875 92.9375 92.1875 92.25 91.6875 91.75 94.25 98.1875 91.6875 95 99.3125 95.875 89.4375 85.5625 85.125 82 81.75 80.9375 79.9375 78.4375 76.9375 73.5 72.3125 71.9375 69.375 68.4375 68.8125 66.75 63.125 62 60.5
78.5 78.25 78.75 75.875 72.6875 68.4375 67.125 68.3125 70.4375 72.6875 74.25 73.4375 72.6875 71.3125 71.5625 72 72.75 74.0625 75.4375 76.5625 79.3125 81.6875 85.0625 89.5625 93.375 94.4375 100.25 100.625 104.0625 99.75 101.375 106.3125 108 105 94.25 94.9375 94.4375 94.75 95.9375 95.875 95.5625 94.3125 93.875 92.3125 90.3125 90.25 88.75 90.25 92.0625 90.4375 90.4375 94 92.5 87.875 85.0625 80.6875 77.6875 78.4375 77.8125 77.125 75.875 71.6875 71.3125 70.625 68.375 67.625 71.0625 65.875 61.8125 60.875 59.5625
80.0625 79.375 79.0625 77.6875 74.5 70.875 70.875 71.5 73.875 75.125 75.6875 75.875 76.5 75.1875 75.125 75.25 75.25 77.125 77.0625 78 80 82.25 87.5 89.875 93.3125 95.0625 96 98.5 96.5625 96 92 97.9375 94.5 94.875 96.375 96 96.5625 96.5625 98.1875 96.375 94.9375 93.1875 91.875 90.8125 90.25 92.5625 88.9375 88.875 87.375 85.5625 89.1875 97 94.125 86.75 83.875 80.4375 76.4375 75.5625 75.875 75.25 73 70.0625 69.6875 68.8125 67.4375 66.125 65.3125 62.25 60.6875 59.3125 58.125
84.125 82.125 80 78.4375 76.1875 75.0625 74.1875 76.4375 76.5625 78.125 78.1875 79.1875 79.3125 78.1875 78 77.875 78.5625 78.875 79 79.4375 80.875 82.6875 85.9375 88.9375 92.5 97.3125 104.25 112.8125 116.25 107.3125 93.375 93.5625 102.3125 112.9375 115.5 116.9375 109.25 101.125 97.4375 95.5 95 94.5625 92.5 91.9375 91.75 91.4375 88.3125 86.125 86.625 86.8125 93.625 101 97.625 88.625 83.625 78.125 73.25 72.375 72.0625 71.9375 70.8125 67.75 68.0625 67.75 65.5 65.0625 63.3125 61.625 59.5 57.9375 55.3125
89.6875 86.5 83.125 80.375 78.5 76.75 76.625 77.875 77.75 78.9375 79.6875 81.5625 81.4375 80.875 81 81.125 81.5 81.25 81.875 82.125 83.375 85.4375 88.5 92.25 95.0625 98.4375 109.5625 113.5 113.625 108.0625 99.625 102.9375 115.875 130.5625 131.625 136.125 133.1875 123.6875 106.0625 114.875 124.3125 125.9375 120.625 112.1875 103.5625 93.4375 96.4375 93 94 92.25 94.375 96.4375 95.4375 90.3125 81.5625 76.375 71.875 69.875 70 70.1875 68.8125 65.125 65.8125 65.3125 62.6875 62.625 61.3125 59.5 56.8125 54.9375 52
96.125 92 88.6875 84.75 82.0625 81.0625 80.625 79.9375 79.9375 80.375 80.6875 83.75 85.25 84.5625 83.1875 83.1875 83.0625 83.25 83.875 85.0625 86.25 89 91.1875 95.5 99.3125 103.0625 103.375 112.6875 124.25 127.3125 130.4375 117.375 110.875 114.0625 133.0625 133.125 121.5 116.5625 104.875 103.1875 110.75 113.4375 116.5 111.6875 104.9375 110.6875 102.875 101.6875 99.1875 95.3125 89 86.875 84.625 81.4375 78.9375 73.5625 69.6875 67.9375 67.375 66.6875 65.5625 61.6875 61 60.4375 59.0625 59.1875 57.875 55.625 53.625 50.3125 48.625
97.5 95.9375 92.25 89.3125 87.75 86.0625 85.875 84.4375 82.5625 81.8125 81.625 86 87.9375 86.625 84.75 83.5 84.5 85.625 86.4375 87.4375 88.6875 90.0625 92.5625 97.1875 103.75 112.6875 106.9375 112.3125 133.5 130.5625 128.6875 118.5 116.8125 109.625 120.3125 120.6875 122.5 116.5625 102.375 96.875 97.3125 97.375 96.5 96.4375 101.4375 102.875 97.3125 93.75 90.8125 85.5 82.625 80.75 78.25 76.75 75.25 70.875 68.8125 67 64.8125 63.9375 62.5625 60.0625 61.8125 59.0625 55.6875 54 54.375 52.4375 50.375 47.4375 47.4375
95.75 95 94.75 93 91.375 90.4375 89.25 87.5625 86.3125 85.125 85.875 90.6875 92.5 90.125 87.4375 84.875 85.8125 87.625 88.75 89 90.1875 91.375 89.9375 98.3125 105.3125 111.9375 102.0625 107.625 115.1875 104.1875 99.8125 95.9375 95 93.5625 93.3125 94.5 95.1875 92.875 90.4375 89.5 89.9375 89.5625 88.375 89 87.4375 86.3125 85.125 84.0625 81.25 79.25 78.625 79 76.4375 73.4375 71.1875 68.8125 66.625 65 63.125 61.875 60.25 59.0625 60.375 59.375 57.0625 55.0625 53.25 50.4375 47.5625 45.5625 44
98.5 98.0625 98.9375 96.625 95.1875 94.4375 94.4375 93.375 90.75 88.8125 88.375 89.75 91.375 91.3125 89.875 88.125 87.1875 87.3125 88.9375 89.625 88.875 88 89.875 94.9375 97.5 95.0625 99.4375 95.125 97.1875 90.75 85.0625 86.5 87.25 88.625 88.125 89.125 88.5625 87.125 84.8125 87.25 86.4375 84 83.1875 83.4375 81.3125 80.5 78.25 77.25 77.1875 76.625 75.625 74.25 72 70.9375 68.75 66.9375 66.0625 64.6875 62.875 60.6875 58.4375 58.125 58.9375 58.6875 55.1875 53.375 50.3125 47.4375 46.125 44.625 44.3571434020996
98.8125 99.9375 102.875 102.875 105.0625 103.125 101.1875 99.75 98.125 96.75 95.6875 95.625 95.5625 95 93.3125 92.5 90.6875 87.375 86.625 86.0625 86.375 86.0625 85.6875 91.375 90.4375 95.4375 93.875 81.375 82.4375 80.0625 79.8125 81.375 82.25 82.75 84.0625 85.5 84.3125 83.5625 81.5625 83.3125 83.3125 81.375 79.1875 77.0625 76.3125 76.1875 75.25 74.5625 74.125 73.8125 72.1875 71.3125 70 69.125 67.0625 64.9375 63.625 61.8125 60.4375 59.1875 56.5625 57.375 57.4375 57.8125 54.6875 51.8125 47.875 46.3636360168457 45.5999984741211 44 44.75
99.125 100.625 105.6875 104 108.125 112 111.6875 108.875 105.625 106.125 104.75 103.125 101.875 98.875 97 96.5 93.9375 91.125 87.9375 84.4375 83.75 84.375 84.25 86.0625 85.625 85.75 81.875 78.875 69.125 70.8125 76.8125 78.25 79.25 79.6875 81.25 81.4375 81.25 80.5625 78.625 79.4375 79.125 78.375 76.625 74.625 73.875 73.5625 72.6875 72.5625 73 73.4375 72.125 70.625 68.75 66.4375 64.75 62.625 61.5 59.8125 58.9375 58.125 55.5625 55.5625 55.75 54.6875 53.75 49.5625 48.1818199157715 -9999 -9999 -9999 -9999
102.4375 100.625 105.375 107 107.5625 109.125 111.5 110.4375 114.125 110.375 109.875 111.1875 108.6875 104.1875 99.75 97.625 95.125 91.25 87.8125 84.9375 83.125 83.1875 86.5625 85.625 85.9375 80.5 78.5 71.3125 68.125 69 72.9375 76.875 78.6875 78.9375 78.4375 77.875 78.5 77.625 76.25 76.3125 75.875 75 73.25 72.0625 72.125 71.75 72 72.125 72.8125 74.9375 72.0625 69.25 67.25 65.625 63.4375 61.625 59.125 58.375 57.1875 56.625 54.5 54 53.1875 52.5625 51.1875 47.5999984741211 46 -9999 -9999 -9999 -9999
96.75 103.6875 109.8125 110.5 115.25 114 113.6875 111 112.375 114.375 116.75 115.1875 113.75 107.875 101.9375 100.1875 97.0625 90.9375 87.3125 84 82.3125 83.3125 85.0625 85.75 86.4375 81.9375 80 72 66.5625 67.75 70.125 73.0625 75.75 77.125 76.5625 75.75 76.0625 76 74.3125 73.3125 74.0625 72.3125 70.25 69.9375 69.25 70.3125 70.6875 70.625 71 70.75 69.6875 67.6875 66.625 64.1875 61.875 60.375 58 56.75 55.3125 54 53.375 53 52.1875 50.875 48.2666664123535 -9999 -9999 -9999 -9999 -9999 -9999
102.25 102.125 102.0625 108.875 109.3125 113.8125 117.1875 115.625 114.375 113.3125 114.0625 116.75 114.25 112.3125 106.875 101.625 101.5 94.8125 88.5 85.5625 81.3125 80.75 85.9375 92 86.5625 80 76.125 72 69.625 68.125 67.5 69.3125 70.8125 72.6875 73 73.5 72.8125 73.8125 73.375 71.625 69.5 69.375 67.375 67.0625 68.25 69.3125 70 69.8125 70.4375 69.4375 68.3125 66.5625 65.0625 63.5625 61.3125 59.5 58.375 56.1875 55.25 54.375 53.4375 53.0625 52.1875 51.25 48 45.5 -9999 -9999 -9999 -9999 -9999
112.5625 108.5 107.1875 105.125 109.6875 111 111 112.8125 111.1875 112.3125 109.9375 109.25 107.4375 105.5 101.8125 98.125 97.125 93.5625 92 86.75 80.6875 77.5625 82 86.875 80.5 75.625 72.6875 73.125 71.1875 69.1875 67.8125 68.25 68.375 68.8125 69.0625 69.5625 69.8125 71.5 70.25 68.5625 66.75 66.4375 66 65.0625 66.125 67.4375 68.375 69.0625 68.4375 67.4375 67.625 67.1875 66.5625 65.0625 63.0625 60.6875 60.125 58.875 57.375 55.1875 53.75 52.875 52.5625 50.5625 47.2666664123535 -9999 -9999 -9999 -9999 -9999 -9999
117.75 117.25 116.125 112.875 110.625 108.5 108.5625 106 104.9375 106.25 107.875 105.6875 102.75 98.6875 98.0625 96.125 92.25 90.125 90.3125 85.125 80.375 75.625 78 79.625 80.625 79.6875 74.3125 77 73.1875 71.75 69.5 68.125 69.5 69.1875 69.375 68.4375 68.4375 68.5 67.6875 65.625 64.125 63.0625 62.625 62.75 63.625 64.9375 65.3125 65.75 67.0625 69.375 69.75 69.875 69.0625 66.875 64.625 63.4375 61.1875 60.625 57.8125 57.1875 55.4375 54.125 52.6875 50.25 47 -9999 -9999 -9999 -9999 -9999 -9999
123.5625 122.5625 121.5625 119.5625 118.6875 119.4375 114.5625 106.5 103.25 101.3125 100.75 101.8125 100.375 96.25 93.4375 96.4375 92.75 91.75 86.0625 80.4375 77.25 75.375 73.1875 74 80.4375 79.1875 74.3125 82.3125 81.5 76.5 73.8125 71.375 70.6875 70 69.8125 69.125 69.5 69.625 68.125 67.5625 66.125 65.0625 64.875 63.75 63.8125 63.25 64.4375 67.125 68.8125 70 71.125 70.875 70.6875 69.5 67.0625 64.9375 63 61 58.875 57.4375 55.1875 54.3125 52.1875 49.75 48.5 -9999 -9999 -9999 -9999 -9999 -9999
