input_data/future_climate/BCC_CSM2_585/_bio13_a.asc
ncols  331
nrows  193
xllcorner  17.833372883333
yllcorner  37.9999896166667
cellsize 0.1666667
NODATA_value  -9999
[rows 64 to 95 of 193, columns 142 to 212 of 331]
80.5625 80.625 80.875 82.0625 82.5 82.875 84.1875 84.4375 84.6875 84.25 84.125 84 83.8125 83.625 84.625 84.3125 84.3125 83.9375 84.125 84.8125 85 85.125 85.625 84.75 85.1875 85.1875 85.1875 85.75 85.5 85.1875 85.1875 86.25 87.625 88.625 89.25 89.8125 90.875 91.4375 92.5 93.6875 94.5625 94.8125 95.4375 95.125 95 93.8125 92.6875 91 90 89.1875 89.125 88.0625 88 87.375 87.4375 86.875 87.875 88.4375 88.375 88.625 88.25 88.25 87.5625 86.4375 86 85.0625 84.5 84 83.875 84.9375 85.3125
80.5 81.1875 81.6875 82.5625 83.5 83.125 84.125 84.8125 84.9375 84.625 83.75 83.375 83.4375 83.4375 84.75 85 84.375 84.125 83.875 84.5625 84.6875 85.0625 85.75 85.75 85.6875 85.5 85.9375 86.875 86.5 86 85.9375 86 87.125 88.75 90 90.5 91.9375 92.5625 93.3125 94.625 95.5 96.25 96.6875 96 94.25 93.75 92.75 90.5625 89.25 88.0625 87.75 87.375 87.375 86.6875 86.1875 85.9375 86.25 86.5 87.4375 87.5 88.125 87.625 87.0625 85.5 84.5 84.25 84.125 83.6875 83.125 83.3125 84.6875
80.1875 81.0625 82.0625 82.4375 82.4375 83.6875 83.5625 83.6875 83.625 83.5625 83.625 84.125 84.25 83.8125 83.3125 83.75 84.375 84.875 85.125 85.4375 85.0625 85.125 85.4375 86.0625 85.3125 85.8125 86 86.1875 86.75 86.6875 86.8125 87 87.3125 88 89.0625 91 91.8125 92.25 93.875 94.75 95.625 97.0625 97.6875 96.6875 95.5 93.9375 92 89.8125 88.3125 87.625 86.3125 85.9375 85.375 85.5625 85.9375 85.8125 86.125 86.125 86.375 86.375 86.625 86.3125 85.5625 84.875 83.25 83.125 82.875 82.3125 82.0625 81.1875 81.75
79.875 80.5 81.25 81.9375 82.75 83.25 83.4375 83 83.4375 83.25 84 84.125 83.375 83.375 84.125 84.3125 85.25 86.5 86.1875 85.9375 86 85.6875 85.4375 85.75 84.9375 85.0625 85.4375 85.375 85.625 86.25 87.1875 87.5625 87.5625 88.4375 88.875 89.9375 91.625 92.5625 93.75 95 95.75 97.0625 98.4375 97.375 95.6875 94.25 92.25 90.125 88.5 87.0625 86.0625 85 84.3125 84.4375 84.5625 84.875 85.0625 85.9375 86.625 86.875 86.625 86.5 85.4375 83.6875 81.5625 81.0625 81.5625 81 80.5625 80.125 79.6875
79.4375 80.25 80.8125 82 82.625 82.0625 81.1875 82.0625 82.6875 82.5 83.0625 83.9375 83.875 83.9375 84.4375 84.625 84.5625 86.0625 85.6875 85.8125 85.3125 85.25 84.9375 84.5625 84.25 84.5 84.5625 85.1875 85.4375 85.3125 85.5625 85.875 86.75 87.375 88.5 89.25 90.1875 91.375 93.1875 94.625 96.1875 97.1875 98.4375 98.3125 96.875 94.625 91.625 88.875 86.5 85.8125 85.9375 85.5 84.5625 84.25 84.1875 84.8125 85.375 85.6875 86.375 86.4375 86.4375 86 84.5625 82.875 81.0625 79.9375 80.0625 79.8125 79.3125 78.875 78.375
79.0625 79.75 80.0625 80.5625 81 81.875 82 82.125 82.6875 82.4375 83 83.375 83.5 83.875 83.8125 83.625 84.875 85.875 85.5 84.75 84.375 84.25 84 83.25 83.3125 83.4375 84.0625 84.875 85.125 85 84.9375 84.9375 85.3125 85.75 86.375 87 88.5 89.875 91.3125 92.8125 94.75 96 97.0625 97.1875 96.4375 93.5625 91 88.5625 86.75 85.1875 84.625 84.5 84.3125 84.75 84.9375 85.25 85.1875 85.25 86.4375 86.75 86.1875 85.5 83.625 81.5625 80.375 78.625 78 77.75 77.9375 78.25 77.9375
79.6875 79.5625 78.5 79.1875 79.125 79.375 81.5 82.75 82.5625 82.8125 82.625 82.5 82.125 82.9375 83.8125 83.9375 84.3125 84.9375 84.5 83.375 83.0625 84.1875 84.125 83.625 83.4375 84.0625 84.1875 84.25 83.75 83.6875 84 83.9375 83.9375 83.8125 84.4375 85.6875 86.5 87.8125 89.5 90.8125 92.4375 94.375 93.875 94.4375 94.3125 92.9375 90.1875 88.3125 86.75 85.25 84.3125 84.0625 83.5625 83.4375 84.0625 84.25 84.3125 84.5625 85.3125 85.75 85.5625 83.75 82.5625 80.375 79.25 77.3125 75.6875 74.75 75.0625 75.625 76.875
78.5625 78 77.3125 77.4375 79.25 80 80.0625 80.4375 80.4375 81.1875 81 81.1875 81.75 82 82.875 83.9375 84.3125 84.25 84 83.4375 83.875 84.75 84.25 83.875 84.5 84.5625 84.5 84.75 83.9375 83.1875 82.6875 82.125 81.75 81.875 82.125 83.25 84 85.375 87 89 90.375 90.9375 91.5625 91.6875 92.0625 90.8125 88.6875 87 85.75 84.3125 83.4375 83.625 83.75 83.875 83.8125 84 84 84.0625 85.1875 85.625 84.625 83.1875 80.875 78.3125 75.4375 73.875 72.375 72.1875 72.625 73.6875 74.875
77.6875 77.5625 77.3125 78.1875 78 79.125 79.125 78.5625 78.75 79 79.5625 79.375 79.9375 80.5 81.375 81.9375 81.8125 81.875 82.5625 83.25 84.1875 84.25 83.5625 83.75 84.6875 84.25 83.8125 84.4375 83.3125 82.5 82 81.875 81.3125 80.5 80.3125 81.25 82.0625 83 84.0625 85.25 86.6875 87.125 87.6875 88.5 88.5625 88.6875 87.6875 86 85.1875 83.75 82.625 83.3125 83.875 84.0625 83.75 84.0625 83.75 83.75 84.375 84.5625 83.4375 82.25 80.25 77.375 74.9375 72.5625 70.75 68.9375 69.6875 72.0625 73.3125
77.125 77.4375 77.8125 77.125 76.875 76 76.5 76.375 76.75 77.125 77.3125 77.875 77.625 78.6875 80.125 81.3125 82 82.5625 82.8125 82.625 82.5 82.4375 82.5 83.125 84.25 84.4375 84.25 83.625 82.8125 82.375 83.5625 82.6875 81.75 81.4375 80.5625 79.8125 78.9375 79.375 80.4375 81.875 82.4375 83.125 83.5625 84.4375 85.125 85.4375 85.375 85.4375 84.3125 83.0625 82.125 81.9375 82.5 82.1875 82.6875 83.0625 83.25 82.625 83.4375 83.1875 82.625 80.625 79.0625 76.1875 73.8125 71.9375 69.5 68.3125 69.1875 69.625 71.5625
75.75 76.25 76.125 75.0625 74.8125 74.5625 75 75.0625 75.3125 75.9375 76.1875 76.625 77.375 78.8125 79.8125 80.5625 80.5625 80.3125 79.9375 80.1875 81.5 81.5 81.5 81.5625 82.8125 83.75 84.125 83.75 83.4375 82.8125 83.0625 83.1875 82.5 81.375 81.25 80.1875 79.25 78.3125 77.5 77.625 78.5 79.0625 79.6875 80.125 81.1875 81.875 82.875 82.875 81.75 81.9375 82.375 81.375 80.3125 81.5 81.5625 81.5625 82.1875 82.3125 82.0625 81.1875 80.9375 79.625 76.9375 74.875 73.625 71.625 69.6875 68.9375 69.0625 69.5 71.4375
75.4375 75.5 74.0625 73.3125 73.0625 72.625 72.5625 74.25 73.9375 73.8125 73.875 74.5 76.1875 77.4375 78.125 78.6875 79.875 80.125 79.3125 78.9375 79.3125 78.4375 79.4375 81.875 81.9375 82.25 82.5625 82.625 82.4375 82.0625 82.4375 81.8125 81.75 81.4375 80.3125 79.9375 79.5625 78.75 77.0625 76 75.375 75.375 76.8125 77.4375 77.9375 79.1875 79.6875 79.375 79.5 79.5 79.5 79.375 79.875 80.0625 80.625 80.1875 80.625 80.375 80.3125 79.0625 78.25 76.9375 75 72.9375 71.5625 70.1875 69.9375 68.6875 68.4375 68.75 69.8125
75 74.3125 72.9375 72.4375 71.5625 71.4375 71.125 71 71.5625 71.0625 71 73 75.5 76 76.3125 77.0625 77.3125 78 77.5 77 76.6875 77.25 79.375 80 79.8125 80.1875 80.625 81.25 82.125 82 81.0625 81.3125 80.5 80.625 80.1875 80.375 80.125 78.9375 77.375 76.5625 75.5 73.75 73.9375 74.375 75.1875 76.875 77.125 76.875 76.375 77.125 76.9375 77.9375 78.75 78.25 78.4375 78.9375 78.875 79.3125 78.8125 77.75 76.8125 75.75 73.5625 71.9375 70.6875 69.1875 68.5625 68.3125 67.8125 68.25 69.8125
74.5 73.5625 73.0625 72.875 71.875 71.1875 71.1875 71.0625 70.6875 68.375 69.0625 72.125 73.375 74.0625 74.0625 74.75 75.5 75.75 76.125 76.4375 76.4375 76.3125 77.6875 78.1875 79.4375 80 79.8125 80.875 80.3125 80.25 80.0625 80.25 79.8125 79.375 78.75 79.875 79.75 78.3125 77.5625 77.625 76.0625 75.1875 73.9375 72.5 72.8125 73.375 74.25 74.9375 75.3125 75.5625 76.1875 76.0625 76.625 76.625 77.8125 77.8125 77.4375 77.3125 76.6875 76.375 74.875 73.8125 73 72.1875 69.9375 68.5625 68 69.125 68.4375 69.125 69.25
72.4375 72.375 72.5 72.5625 71.75 71 70.75 71.5625 71.1875 68.75 68.625 71.25 72.625 72.9375 73.25 73.0625 73.0625 72.9375 73.125 73.375 74.875 75.375 75.125 76.25 77.25 78.25 79.8125 79.8125 79.5625 79.4375 79.25 79.1875 78.875 78.3125 77.8125 78 78.25 78.4375 77.625 77.375 76.3125 75.4375 73.5625 72.5625 72.75 73.6875 74.5625 75.625 75.6875 75.25 75.3125 74.8125 75.0625 75.375 76.6875 76.9375 76.875 76.5 75.6875 75.25 74.5625 74.125 72.4375 71.0625 69.3125 68.5 68.3125 68.6875 67.25 67 67.875
72.625 71.875 71.6875 71.625 70.8125 70 70.4375 72 71.625 70.3125 69.0625 69.75 70.9375 71.25 72.1875 72.3125 71.9375 71.4375 71.1875 72.3125 73.4375 73.8125 74.1875 74.625 75.8125 77.125 77.5625 78 78.4375 78.4375 78.9375 79.1875 77.8125 77 76.75 77.625 77.1875 77.125 77.125 76.375 75 74.25 73.75 73.25 73.5 74.9375 75.3125 75.4375 75.125 74.875 74.6875 74.625 74.9375 74.875 75.0625 75.6875 75.4375 75.1875 74.6875 73.625 72.5625 71.875 71.25 70.0625 68.9375 68.75 68.8125 68.75 68.375 67.75 68.375
71.8125 71.625 70.9375 70 69.9375 70.4375 70.0625 71.5 72.0625 70.9375 69.5 69.375 70.6875 70.6875 70.75 70.375 70.0625 70.4375 70.5 71.1875 72.25 73.1875 73.625 74.6875 75.625 76.3125 77.3125 78 78.5625 79.3125 79.5625 79.1875 78.3125 78.1875 77.125 77.6875 76.9375 75.875 75.625 75 74.4375 74.3125 73.375 73.6875 75.5 75.75 74.9375 75.1875 75 75.625 76.0625 76.1875 75.375 74.75 74.125 75 75.25 75.25 74.625 73.9375 72.9375 71.875 70.375 69.25 69.25 68.5625 69.5 69.375 69 67.8125 68.125
71.375 71.5 71.3125 70.9375 70.875 70.5 70.0625 70.0625 70.9375 70.625 69.625 69.3125 68.75 69.3125 70.375 70.125 70.5 71.6875 70.6875 70.625 71.625 71.9375 73.25 73.6875 74.5 74.875 75.75 76.1875 78.5 79.75 80.0625 80.4375 80 79.375 78.25 77.6875 77.5 76.9375 76.6875 76.5625 76 75.8125 75.5 75.875 76 75.625 75.3125 75.875 76.0625 76.3125 76.5 75.8125 75.125 74.5625 74.8125 73.75 74.3125 74.0625 73.125 73.1875 72.875 71.375 70.9375 69.6875 68.8125 69.6875 69.375 68 68.4375 68.5 69.625
71.375 71.3125 70.75 70.75 70.875 70.5 70.0625 70.625 70.9375 71.1875 70.5 70.625 69.6875 68.875 69.375 69.5 70.625 71.4375 71.3125 71.3125 71.0625 71.5 72.25 73.3125 73.8125 74.8125 76.4375 76.3125 75.8125 77.4375 78.625 77.75 78.1875 78.125 77.25 76.9375 77.5625 77.8125 76.4375 76.6875 76.75 76.5 76 75.125 75.6875 75.6875 75.3125 74.75 75.8125 76.25 75.5625 75.5 75 74.875 74.3125 73.6875 72.1875 72.375 72.4375 72.3125 71.5 71.6875 70.5 69.1875 68.6875 68.75 67.9375 67.5625 67.5625 68.125 67.9375
71.3125 70.6875 70 69 68.75 68.625 69 69.5625 69.375 68.375 68.625 69.625 69.5625 69 70.4375 69.625 68.3125 69.125 69.8125 69.9375 69.9375 70.6875 72 72.625 73.25 74.125 73.9375 73.875 75.3125 76.4375 77.0625 75.375 74.875 75.5625 76.1875 76.625 76.375 76.125 75.6875 76.0625 76.375 75.75 75 75.1875 75.3125 75.25 74.25 74.625 76.125 76.6875 75.75 75.9375 76.1875 76.625 75.375 75.1875 75.125 73.3125 72.375 72.0625 71.5 70.4375 69.125 68.875 68 66.8125 67 67 65.875 66.375 66
70.625 69.9375 69.5 68.1875 67.9375 68.125 68.25 68.375 67.9375 67.5625 67.6875 68.5 68.1875 68.375 68.1875 68.75 69.0625 68.6875 68.5625 69.125 68.4375 68.8125 69.1875 68.875 70.3125 71.375 71.4375 72.8125 74.875 77 77.8125 77.75 76.25 75.0625 75.1875 74.4375 73.5625 73.6875 73.625 73.8125 73.5 74.4375 74.375 74.8125 75.1875 75.3125 75.125 75.3125 75.0625 75 76 75.6875 75.875 75.625 76.5 74.9375 74.125 74.9375 73.0625 71.875 72.125 70.0625 69.0625 68.5 66.75 66.125 66.8125 65.625 64.875 65.4375 66.3125
70.625 69.25 69 68.0625 66.875 66.375 67.125 67.8125 66.875 66.875 67.25 67.3125 67.0625 67.8125 67.375 67.375 67.75 68.75 68.875 68.3125 68.375 69.125 69.3125 68.9375 70.1875 70.5625 71.5 72.0625 73.4375 75.125 75.875 76.125 75.4375 75.125 74.3125 73.5625 74 74.25 73.125 72.8125 72.1875 73.4375 74 73.875 74.375 75.75 75.3125 76.1875 75.6875 75.25 75.375 75.5 74.9375 75.3125 75.5625 75.3125 74.6875 74.1875 73.25 71.4375 70.0625 69.5625 68.5 67.1875 65.9375 65.125 63.75 61.9375 62.125 63.75 64.5625
70 68.75 68.3125 68.0625 66.4375 66.6875 67.1875 67.125 67 66.4375 66.9375 67.75 67.9375 67.75 68 67.375 67.125 68.25 68.4375 68.5625 69.25 68.8125 67.8125 68.6875 68.9375 69.6875 70.375 72.6875 74.75 74.75 75.4375 75.625 74.5625 73.875 73 72.375 73.3125 73.375 72.5625 73.125 72.5625 71.8125 70.875 72.375 73.8125 74.3125 76.125 76.3125 75.625 75.1875 74.75 74.9375 75 76 75.5625 75.1875 74.6875 74.875 73.5625 70.875 69.75 69.25 67 66.1875 65.1875 65.4375 65.125 64.25 62.8125 61.25 61.1875
69.875 68.875 67.75 66.9375 66.25 66.5625 67.0625 67.5 66.875 67 66.6875 66.6875 66.375 66.0625 66.4375 66.9375 67.125 67.1875 67 67.3125 67.625 67.1875 67.625 67.5 67.75 69.5 70.4375 71.75 73.8125 75.875 75.25 74.3125 72.875 73.125 71.8125 72.25 72.5 72.625 71.8125 72.4375 72.5625 71.375 72.8125 72.9375 74.3125 73.5 74.875 74.6875 75.875 75.625 75.4375 75.5625 76 75.25 75.5625 75.75 74.9375 73.9375 72.4375 71.375 69.25 68.9375 68.75 68.1875 66.9375 66.5625 66.0625 64.5625 63.4375 63.25 63
69.5625 68.8125 67.4375 67 66.9375 66.625 67.4375 67.25 67.25 66.5 66.25 65.3125 65 65.25 65.625 66.4375 66.4375 66.125 66 65.9375 66.375 66.5 65.9375 66.3125 67.25 69.25 70.9375 72.3125 73.5625 74.375 74.5 73.75 73.9375 74 73 72.8125 72.4375 72.25 72 72 71.375 71.25 72.125 73.4375 73.375 71.75 73.0625 72.25 73.0625 72.625 73.375 72.625 73.375 73.5 73.875 74.5625 73.5625 72.9375 72.5 72 71 69.625 68.9375 68.375 68.4375 67.125 66 65.25 64.625 62.75 64.6875
69.75 68.75 67.0625 68.3125 67.9375 67.75 67.125 66.9375 66.9375 66.1875 65.5625 65 65.0625 64.9375 65.125 65.5 66.25 65.875 65.375 65.125 64.875 65.0625 66.25 66.8125 67.75 68.9375 70.4375 70.9375 72.9375 73.125 73.5 73.125 73.5625 74.625 73.5 72.3125 72.125 71.5625 71.625 72 71.5625 71.4375 71.4375 72.5625 72.875 73.25 71.5 70.1875 69.5625 71 72.75 74.375 75.6875 76.5 77.8125 76.625 75.4375 74.8125 73.9375 73.5625 73.875 72.75 70.3125 69.3125 68.9375 68.8125 67.3125 66.75 65.4375 64.5 65.3125
69.375 68.5 68.625 69.125 69.5 68.6875 67.3125 66.5 66.75 65.75 65 65 64.75 64.9375 64.9375 65.125 64.375 65.0625 65.125 64.4375 64 64.75 65.6875 67.125 67.625 69.1875 69.4375 70.25 71.8125 72.5625 73 73.3125 73.375 73.9375 72.8125 72 71.4375 70.875 70.375 70.3125 69.75 72.3125 72.0625 72.5 72 70.6875 69.6875 69.8125 71.5 74.25 76.1875 78.0625 78.375 78.9375 80.0625 79.625 78.6875 77.125 75.875 75.1875 74.5625 73.5625 72.8125 70.9375 70.4375 70.25 69.5625 69.25 67.8125 67.25 66.0625
69.25 68.5625 69.5625 70.25 69.375 68.375 68.5 66.75 66.625 65.8125 65.6875 65.0625 64.3125 63.75 64.25 64.0625 63.75 64.3125 64.6875 64.3125 64.375 64.75 65.3125 66.8125 67.4375 67.6875 68.8125 70.75 71.5625 72.0625 71.1875 71.3125 71.9375 73.3125 72.875 72.1875 71 70.25 69.9375 69.5 69.75 69.875 71.125 71.3125 68.25 69.8125 70 71.375 73.5 76.375 77.4375 79.8125 79.875 81.8125 81.75 80.8125 79.9375 79.3125 78.5 76 74.75 75.75 74.4375 72.1875 71.4375 71.3125 70.8125 70.6875 69.875 69.1875 67.8125
67.125 67.0625 66.25 67.625 67.4375 66.9375 67 66.625 65.9375 65.5625 65.375 64.9375 64 62.25 62.4375 62.75 63.1875 63 63 62.6875 63.3125 63.625 63.375 64.9375 66 66.6875 67.9375 68.6875 71.125 71.0625 70.5625 69.6875 72.0625 72.125 71.75 71.5625 70.625 69.75 69.25 68.875 69.3125 70.3125 70.4375 69.9375 67.0625 68.0625 71 72.9375 75.25 76.8125 77.9375 79.8125 81.1875 82.3125 82.3125 81.125 80.9375 80.375 78.5 77.5625 75.625 75.25 75.5 74.5625 74.625 72.625 72.6875 72 72 71.0625 69.875
66.875 67.5625 66.875 67.3125 67.6875 66.875 66.6875 66.9375 67.0625 66 64.875 63.375 62.625 61.1875 61.3125 62.3125 63.0625 63.25 62.75 62.8125 63.6875 64 63.0625 63.875 66.375 66.5625 67.4375 69.5 70.375 70.9375 70.125 69.125 69.75 70.1875 70.9375 71 70.625 70.4375 70.125 69.5 69.9375 68.6875 66.0625 65.75 66.6875 69.0625 71.5625 73.25 74.4375 77.1875 78.5625 80.9375 83.0625 83.625 83.25 82.5 81.625 80.25 78.9375 78.5625 77.4375 76.9375 75.25 74.4375 75 75.1875 73.125 74.25 72.75 72.1875 70.8125
67.1875 67.375 67.0625 66.625 68.5 67.9375 67.5625 66.9375 67.1875 66.5625 65.0625 64 61.6875 60.625 60.625 62.5 63.0625 62.8125 63.625 62.6875 63.3125 63.25 63.875 64.8125 66.3125 66.9375 67.9375 67.375 68.8125 69.4375 70.0625 69.625 70.3125 69.0625 70.6875 71.3125 70.4375 70.0625 69.9375 70.125 69.25 67.1875 65.1875 66 67.4375 69.9375 72.5 73.6875 75.1875 76.5 78.6875 81.8125 83.4375 85.3125 85.1875 84.5 83.0625 82.375 82.0625 80.375 79.375 77 76.6875 75.5625 76.1875 75.25 75 74.375 73.25 72.0625 71.9375
68.125 68.125 67 68.125 69.375 68.75 67.8125 67.625 67.25 66.5625 64.5 64.1875 62.875 62 63 63.0625 63.5 63.25 62.375 63.3125 63.125 63.4375 64.125 65.9375 66.1875 65.875 65.5625 65.8125 67.0625 68.4375 69.8125 70.125 69.125 69.1875 68.8125 69.75 69.875 69.1875 69 68.6875 68.375 66.4375 66.6875 67.9375 68.75 70.125 72.75 73.0625 74.75 75.1875 78.75 82.25 85.875 87.875 86.4375 86.875 84.9375 82.75 81.125 78.9375 77.875 76.25 76.4375 75.75 75.1875 75.3125 74.5625 73.9375 73.3125 72.625 71.5625
