input_data/future_climate/BCC_CSM2_585/bio1_a.asc
ncols  331
nrows  193
xllcorner  17.833372883333
yllcorner  37.9999896166667
cellsize 0.1666667
NODATA_value  -9999
[rows 21 to 41 of 193, columns 230 to 275 of 331]
-1.39609372615814 -1.32968747615814 -1.40338540077209 -1.38463532924652 -1.44192707538605 -1.49010407924652 -1.53307282924652 -1.56354165077209 -1.5703125 -1.63854157924652 -1.72526049613953 -1.80677080154419 -1.80755198001862 -1.89166653156281 -1.94895815849304 -2.03541660308838 -2.06510424613953 -2.05286455154419 -2.04427075386047 -2.10885405540466 -2.17734360694885 -2.32604169845581 -2.37994790077209 -2.36536455154419 -2.31484365463257 -2.26145839691162 -2.23020839691162 -2.22968745231628 -2.23958349227905 -2.25911474227905 -2.30729174613953 -2.38828134536743 -2.44843745231628 -2.50338530540466 -2.57942724227905 -2.66171884536743 -2.72760415077209 -2.74375009536743 -2.76276040077209 -2.80494809150696 -2.84427070617676 -2.94661474227905 -2.92369794845581 -3.08020830154419 -3.56614589691162 -4.28645849227905
-1.02161455154419 -1.00911462306976 -1.17083334922791 -1.20130205154419 -1.20833337306976 -1.19453132152557 -1.17109370231628 -1.25703120231628 -1.34791660308838 -1.46380198001862 -1.54062509536743 -1.56093752384186 -1.60234379768372 -1.68958330154419 -1.69453132152557 -1.70286452770233 -1.74088537693024 -1.80625009536743 -1.96510410308838 -2.08307290077209 -2.01953125 -2.06145834922791 -2.13046884536743 -2.05078125 -2.00807285308838 -1.94661462306976 -1.92135417461395 -1.91432285308838 -1.99401032924652 -2.13593745231628 -2.30703115463257 -2.40703129768372 -2.44505214691162 -2.43020820617676 -2.43437528610229 -2.47109365463257 -2.48567724227905 -2.59270811080933 -2.65234375 -2.62942719459534 -2.70859384536743 -2.91822910308838 -3.49010419845581 -3.96796870231628 -3.74166679382324 -3.39817714691162
-0.763541638851166 -0.829687476158142 -0.791145920753479 -0.869010508060455 -0.973177134990692 -1.06718742847443 -1.02708339691162 -1.14791667461395 -1.31328129768372 -1.38072919845581 -1.43880200386047 -1.40130198001862 -1.328125 -1.36927080154419 -1.40598964691162 -1.53541672229767 -1.71354162693024 -1.83333349227905 -1.89609384536743 -1.88072919845581 -1.83020842075348 -1.79374992847443 -1.77057301998138 -1.77083337306976 -1.76588547229767 -1.79375004768372 -1.82708346843719 -1.92031252384186 -2.07187509536743 -2.22421884536743 -2.30234360694885 -2.39218735694885 -2.39635419845581 -2.38567709922791 -2.40078115463257 -2.42005205154419 -2.46822905540466 -2.51744794845581 -2.54921865463257 -2.80546855926514 -3.13854169845581 -3.64479184150696 -4.34375 -3.95026040077209 -2.89921879768372 -2.79062485694885
-0.797395825386047 -0.840364515781403 -0.698958337306976 -0.649479269981384 -0.773958265781403 -0.866406261920929 -0.874218642711639 -1.04947912693024 -1.12369787693024 -1.17161440849304 -1.18802094459534 -1.11562490463257 -1.13203132152557 -1.27421879768372 -1.51015627384186 -1.62083339691162 -1.71979165077209 -1.66145825386047 -1.56874990463257 -1.55364573001862 -1.546875 -1.53333330154419 -1.55937492847443 -1.52473950386047 -1.61848962306976 -1.7734375 -1.87734353542328 -2.02395820617676 -2.18281245231628 -2.26796865463257 -2.26614570617676 -2.29583334922791 -2.36171865463257 -2.41770839691162 -2.46979165077209 -2.52734375 -2.55572915077209 -2.61484384536743 -2.93880224227905 -3.24817705154419 -3.53463554382324 -3.43593764305115 -3.07421875 -2.70755219459534 -2.52708339691162 -2.58567714691162
-0.632031261920929 -0.576562464237213 -0.542708277702332 -0.514322936534882 -0.561197936534882 -0.632031321525574 -0.715624928474426 -0.740104198455811 -0.764062464237213 -0.839322865009308 -0.915364563465118 -1.02005207538605 -1.08281230926514 -1.26145827770233 -1.4296875 -1.44375002384186 -1.37578117847443 -1.34687495231628 -1.30937504768372 -1.30312502384186 -1.32604169845581 -1.42005205154419 -1.51588535308838 -1.64713537693024 -1.82734358310699 -1.99739575386047 -2.04218745231628 -2.14140629768372 -2.20755219459534 -2.20078110694885 -2.24062514305115 -2.36093735694885 -2.45885419845581 -2.50364589691162 -2.61302089691162 -2.62213563919067 -2.73177075386047 -3.04609370231628 -3.36588549613953 -3.82682299613953 -3.91718745231628 -3.39348959922791 -2.65338540077209 -2.50104165077209 -2.30677080154419 -2.30286455154419
-0.38125005364418 -0.379687428474426 -0.437239587306976 -0.369531333446503 -0.411979019641876 -0.46770828962326 -0.560416638851166 -0.623437523841858 -0.749999940395355 -0.796875 -0.903385400772095 -0.953385412693024 -0.955729067325592 -1.10390627384186 -1.29947924613953 -1.11328125 -1.08750021457672 -1.05208325386047 -1.08359384536743 -1.15989589691162 -1.24765622615814 -1.41458332538605 -1.60312497615814 -1.76458334922791 -1.88723945617676 -2.08072900772095 -2.34010410308838 -2.45911455154419 -2.55494809150696 -2.45729184150696 -2.47083330154419 -2.68385410308838 -2.77135419845581 -2.9453125 -3.70963549613953 -3.98697924613953 -3.91796875 -3.53593754768372 -3.50807285308838 -3.21041679382324 -3.05598950386047 -2.70755219459534 -2.57213544845581 -2.35833334922791 -2.38593745231628 -2.41796875
-0.295572876930237 -0.290104240179062 -0.334895819425583 -0.32552096247673 -0.326041638851166 -0.367187559604645 -0.462500154972076 -0.560416698455811 -0.686197876930237 -0.724739551544189 -0.760937452316284 -0.81536453962326 -0.834114491939545 -0.935416638851166 -1.06796872615814 -0.944791734218597 -0.922395825386047 -0.9765625 -1.15911459922791 -1.29505217075348 -1.71875 -1.98098957538605 -1.69010412693024 -2.27239584922791 -2.26223969459534 -2.30416679382324 -2.71432280540466 -2.71145820617676 -2.65885400772095 -2.70468759536743 -2.86744785308838 -3.26171875 -3.86822915077209 -3.99427080154419 -3.76223969459534 -3.31067705154419 -2.83046865463257 -2.71692705154419 -2.51848959922791 -2.31354165077209 -2.23593759536743 -2.32343745231628 -2.39687514305115 -2.40364575386047 -2.41276025772095 -2.43385410308838
-0.198437511920929 -0.262499988079071 -0.342187494039536 -0.29973965883255 -0.313802123069763 -0.255208253860474 -0.355989664793015 -0.517708420753479 -0.593229115009308 -0.6619793176651 -0.713020861148834 -0.699739515781403 -0.813802123069763 -0.980208277702332 -1.06927096843719 -0.911979138851166 -0.987499952316284 -1.18984377384186 -1.48281252384186 -1.77682292461395 -2.53098940849304 -2.32239580154419 -3.25312495231628 -3.06770849227905 -2.69114589691162 -2.90677070617676 -3.21848964691162 -2.64401030540466 -2.90520834922791 -3.21718740463257 -4.01354169845581 -4.43984365463257 -3.65130209922791 -2.97421884536743 -2.89427089691162 -2.57187485694885 -2.28020834922791 -2.21197915077209 -2.20885419845581 -2.22942709922791 -2.19765639305115 -2.23828125 -2.25989580154419 -2.23411440849304 -2.25338554382324 -2.30729150772095
-0.0851562321186066 -0.177604258060455 -0.23932296037674 -0.221614569425583 -0.199999913573265 -0.154947876930237 -0.316927045583725 -0.519010424613953 -0.62109375 -0.710677146911621 -0.781510412693024 -0.806510388851166 -0.788541615009308 -0.897135376930237 -1.02005219459534 -1.05651044845581 -1.09765625 -1.29322922229767 -1.60416662693024 -1.86458325386047 -2.31796860694885 -3.63906240463257 -4.3125 -3.50911474227905 -4.12161493301392 -4.01458358764648 -3.61953115463257 -3.96380209922791 -3.52395844459534 -3.47239589691162 -4.52421855926514 -3.98411464691162 -3.22447896003723 -2.87630224227905 -2.67161464691162 -2.00026035308838 -2.09869790077209 -2.16302084922791 -2.22994780540466 -2.25130200386047 -2.24609375 -2.14505195617676 -2.11927080154419 -2.06640625 -2.09531235694885 -2.23958325386047
0.010937474668026 -0.0408853217959404 -0.0604167617857456 -0.102083295583725 -0.137760385870934 -0.120833300054073 -0.140364468097687 -0.301041722297668 -0.44296857714653 -0.514843702316284 -0.596093654632568 -0.674479186534882 -0.724739372730255 -0.878645896911621 -0.990364670753479 -1.11536467075348 -1.32317709922791 -1.68854165077209 -2.40833353996277 -3.18359375 -3.02031254768372 -3.81640625 -4.31718730926514 -4.84713554382324 -4.46354150772095 -4.26197910308838 -4.03177070617676 -3.66223955154419 -3.66666674613953 -3.87864565849304 -3.67630219459534 -3.46458315849304 -3.08958339691162 -2.74348950386047 -2.12552070617676 -1.88385415077209 -1.91770839691162 -1.96145832538605 -1.98932301998138 -2.06276035308838 -2.02786445617676 -2.10703134536743 -2.12187504768372 -2.00755214691162 -1.93125009536743 -2.07760429382324
0.163020849227905 0.173437550663948 0.0109375948086381 -0.0802083685994148 -0.139322906732559 -0.195052102208138 -0.179687470197678 -0.203125044703484 -0.234635412693024 -0.333853960037231 -0.375520765781403 -0.469531118869781 -0.644010305404663 -0.840624988079071 -1.08307313919067 -1.31145834922791 -1.97864580154419 -2.24713563919067 -2.78307271003723 -3.40338540077209 -3.42864584922791 -4.08125019073486 -4.59166669845581 -4.20260429382324 -3.26822924613953 -3.08671879768372 -3.70677089691162 -3.36458325386047 -3.03255200386047 -2.78411459922791 -2.47447919845581 -2.74921870231628 -2.64895820617676 -2.24765610694885 -1.70937514305115 -1.69557297229767 -1.82187521457672 -1.94999992847443 -1.90651047229767 -1.91354155540466 -1.90677082538605 -1.94270837306976 -1.84401047229767 -1.74088537693024 -1.72421872615814 -1.83515620231628
0.22812508046627 0.183593779802322 0.00755198439583182 -0.103906206786633 -0.173697710037231 -0.220312401652336 -0.222395792603493 -0.217447891831398 -0.205989509820938 -0.177083373069763 -0.230729162693024 -0.372656226158142 -0.528645932674408 -0.828385472297668 -1.10546875 -1.35572910308838 -2.07656264305115 -2.19244790077209 -2.46875 -2.67526054382324 -3.34114599227905 -3.24583339691162 -2.38177084922791 -2.2421875 -2.18098950386047 -2.64817714691162 -2.33072900772095 -2.14661455154419 -2.12135410308838 -2.54140639305115 -2.30651044845581 -1.90755212306976 -1.92604172229767 -1.67239582538605 -1.53020846843719 -1.61796867847443 -1.72526037693024 -1.75364589691162 -1.70989573001862 -1.72864580154419 -1.64296877384186 -1.62760424613953 -1.56588542461395 -1.55416667461395 -1.61640608310699 -1.66953122615814
0.328385353088379 0.259895861148834 0.149218708276749 -0.00104172469582409 -0.16822911798954 -0.257812589406967 -0.309374868869781 -0.277864545583725 -0.213281184434891 -0.113802015781403 -0.205729246139526 -0.38229164481163 -0.549218773841858 -0.762760400772095 -0.837760508060455 -0.896614551544189 -1.11614584922791 -1.81901049613953 -2.34401035308838 -2.87526035308838 -3.31588554382324 -2.59375 -2.26171875 -2.07395839691162 -1.75442719459534 -1.79947924613953 -1.72526049613953 -1.60260415077209 -1.66171884536743 -1.70781254768372 -1.69401037693024 -1.62786459922791 -1.49322915077209 -1.44244790077209 -1.41145825386047 -1.39947915077209 -1.49973940849304 -1.51119780540466 -1.46041667461395 -1.40052080154419 -1.39036464691162 -1.43307292461395 -1.42239594459534 -1.44166672229767 -1.51015627384186 -1.55312502384186
0.295312434434891 0.286718726158142 0.203645884990692 0.111979193985462 -0.0265625566244125 -0.0916667506098747 -0.0374999865889549 -0.079166553914547 -0.0463541485369205 -0.00338544440455735 -0.252343714237213 -0.493749976158142 -0.438281327486038 -0.514062464237213 -0.76276046037674 -1.00598955154419 -1.24479162693024 -2.09557294845581 -2.91328120231628 -2.97135424613953 -3.16927075386047 -2.11119794845581 -1.54661464691162 -1.58723950386047 -1.61171877384186 -1.47968745231628 -1.32343745231628 -1.40989589691162 -1.54713535308838 -1.51067721843719 -1.45182287693024 -1.37864589691162 -1.40130209922791 -1.34479165077209 -1.27473950386047 -1.17447912693024 -1.18255209922791 -1.23020827770233 -1.22291672229767 -1.23749995231628 -1.25078117847443 -1.34166657924652 -1.41119790077209 -1.5078125 -1.52031254768372 -1.56119799613953
0.277083277702332 0.20651039481163 0.154166579246521 0.157291680574417 0.118749961256981 0.0716145485639572 0.0455729439854622 0.0565104559063911 0.104427076876163 0.0380208380520344 -0.133854106068611 -0.198697954416275 -0.343749970197678 -0.60651046037674 -0.612760484218597 -0.934635400772095 -0.961979269981384 -1.36432278156281 -2.16276049613953 -2.18619799613953 -1.81927084922791 -1.67499995231628 -1.65468752384186 -1.68046879768372 -1.31223976612091 -1.16874992847443 -1.12031257152557 -1.23020827770233 -1.31302082538605 -1.30755209922791 -1.24270832538605 -1.14895832538605 -1.08437490463257 -1.01093769073486 -0.931249916553497 -0.90130215883255 -0.857291579246521 -0.886458218097687 -1.00026035308838 -1.05156242847443 -1.07552075386047 -1.20755219459534 -1.38750004768372 -1.45833337306976 -1.43828141689301 -1.45859384536743
0.483072936534882 0.4609375 0.430468797683716 0.370833337306976 0.322395861148834 0.225520879030228 0.200520873069763 0.138541549444199 0.206510439515114 -0.00572902709245682 -0.225260451436043 -0.32760426402092 -0.598697900772095 -0.718229174613953 -0.543229222297668 -0.736979126930237 -0.923958420753479 -0.835677146911621 -1.45208346843719 -1.25286459922791 -1.69036459922791 -2.11588549613953 -1.64453125 -1.42760419845581 -1.28151047229767 -0.98333328962326 -0.977083265781403 -1.09427082538605 -1.06614589691162 -0.983072817325592 -0.986979126930237 -0.955208361148834 -0.877083301544189 -0.80963546037674 -0.718750059604645 -0.78125011920929 -0.929947912693024 -0.869270741939545 -0.931770801544189 -0.998697936534882 -1.11666655540466 -1.26406264305115 -1.33463549613953 -1.36874997615814 -1.29999995231628 -1.06119811534882
0.491666793823242 0.530989527702332 0.573697924613953 0.564583361148834 0.477604150772095 0.446875035762787 0.353125005960464 0.328906238079071 0.300520867109299 0.0867188796401024 -0.0710939094424248 -0.223177030682564 -0.4453125 -0.572135448455811 -0.477604269981384 -0.662760376930237 -0.769791662693024 -1.80052089691162 -1.86796879768372 -1.41718757152557 -1.59505200386047 -1.44088542461395 -1.24505198001862 -1.62682294845581 -0.886197865009308 -0.729166626930237 -0.801562607288361 -0.981250047683716 -0.972916543483734 -0.800520718097687 -0.816145896911621 -0.770572900772095 -0.683593571186066 -0.653124988079071 -0.583854138851166 -0.705729305744171 -0.761198043823242 -0.780729174613953 -0.791406214237213 -0.882291674613953 -0.994531333446503 -1.0703125 -1.05286455154419 -1.02187490463257 -0.903645753860474 -0.890625
0.61223953962326 0.650260210037231 0.703385293483734 0.644791662693024 0.508593678474426 0.512499988079071 0.406510412693024 0.421093821525574 0.260416656732559 0.0809895470738411 -0.350781291723251 -0.308072984218597 -0.293489545583725 -0.470833361148834 -0.597656190395355 -0.861458480358124 -1.58776044845581 -2.54192709922791 -1.67890620231628 -1.23541676998138 -1.42942714691162 -0.979948043823242 -0.96770840883255 -0.814843654632568 -0.62786453962326 -0.703385531902313 -0.899999976158142 -0.987760365009308 -0.9296875 -0.69817703962326 -0.552343845367432 -0.548958241939545 -0.506510376930237 -0.445833295583725 -0.385156273841858 -0.35546886920929 -0.37005215883255 -0.509374976158142 -0.593229115009308 -0.745572865009308 -0.747135400772095 -0.726822912693024 -0.725260555744171 -0.694791555404663 -0.713281273841858 -0.792447924613953
0.668229222297668 0.741927146911621 0.776302099227905 0.622916758060455 0.490364551544189 0.455989480018616 0.490624994039536 0.434374839067459 0.0291667375713587 0.00651025446131825 -0.517447829246521 -0.754687488079071 -0.492968708276749 -0.366666674613953 -0.50104171037674 -0.763802111148834 -1.54322934150696 -1.90703129768372 -1.40286457538605 -1.20598959922791 -0.925781071186066 -0.661197781562805 -0.491666793823242 -0.336197942495346 -0.49505215883255 -0.686458349227905 -0.770572900772095 -0.779166638851166 -0.676301956176758 -0.471874952316284 -0.488281279802322 -0.389843672513962 -0.235937565565109 -0.281510531902313 -0.14713542163372 -0.0101561946794391 -0.120052061975002 -0.21614582836628 -0.24661460518837 -0.508593797683716 -0.595052003860474 -0.545312523841858 -0.653124988079071 -0.751562535762787 -0.890104115009308 -0.719531357288361
0.815624952316284 0.917447984218597 0.837239563465118 0.683333337306976 0.650260388851166 0.557551980018616 0.5291668176651 0.367187440395355 0.183593779802322 0.014062512665987 -0.448958337306976 -0.537239730358124 -0.630468666553497 -0.441927075386047 -0.411979168653488 -0.609895765781403 -1.43203127384186 -1.44088530540466 -1.20208346843719 -1.11041676998138 -0.543229162693024 -0.380468726158142 -0.128645852208138 -0.103645853698254 -0.181510493159294 -0.312239557504654 -0.36874994635582 -0.422135442495346 -0.333333253860474 -0.215364560484886 -0.265364557504654 -0.172135457396507 -0.112760372459888 -0.370572924613953 -0.275260329246521 0.0559895895421505 0.0505208261311054 -0.0208332389593124 -0.0687499716877937 -0.178645849227905 -0.209895923733711 -0.297395884990692 -0.438281178474426 -0.480729132890701 -0.554166674613953 -0.548437535762787
0.983854174613953 0.947135388851166 0.851822853088379 0.848958373069763 0.76666659116745 0.640364527702332 0.543489694595337 0.441145867109299 0.385937601327896 0.0783853903412819 -0.3984375 -0.339843839406967 -0.444270849227905 -0.541406214237213 -0.233333319425583 -0.770312607288361 -1.23776042461395 -1.82682287693024 -1.52057290077209 -1.06588542461395 -0.461197882890701 -0.214322939515114 0.0195312891155481 0.00468755280598998 0.043750062584877 -0.00442698830738664 -0.0244791936129332 -0.0690103396773338 -0.095052033662796 -0.145312502980232 -0.0632812529802322 0.00833342969417572 -0.0263019595295191 -0.148437336087227 -0.118749976158142 0.0625000223517418 0.113020814955235 0.0867188647389412 0.0312499199062586 -0.0645833909511566 -0.0776040926575661 -0.0731770396232605 -0.188020750880241 -0.266666769981384 -0.284375071525574 -0.328385353088379
