input_data/future_climate/BCC_CSM2_585/bio1_a.asc
ncols  331
nrows  193
xllcorner  17.833372883333
yllcorner  37.9999896166667
cellsize 0.1666667
NODATA_value  -9999
[rows 0 to 20 of 193, columns 92 to 137 of 331]
-9999 -9999 -9999 -9999 -9999 -9999 -9999 -9999 -9999 -9999 -9999 -9999 -9999 -9999 -9999 -9999 -9999 -9999 -9999 -9999 -9999 -9999 -9999 -9999 -9999 -9999 -9999 -9999 -9999 -9999 -9999 -9999 -9999 -9999 -9999 -9999 -9999 -9999 -9999 -9999 -9999 -9999 -9999 -9999 -9999 -9999
-9999 -9999 -9999 -9999 -9999 -9999 -9999 -9999 -9999 -9999 -9999 -9999 -9999 -9999 -9999 -9999 -9999 -9999 -9999 -9999 -9999 -9999 -9999 -9999 -9999 -9999 -9999 -9999 -9999 -9999 -9999 -9999 -9999 -9999 -9999 -9999 -9999 -9999 -9999 -9999 -9999 -9999 -9999 -9999 -9999 -9999
-9999 -9999 -9999 -9999 -9999 -9999 -9999 -9999 -9999 -9999 -9999 -9999 -9999 -9999 -9999 -9999 -9999 -9999 -9999 -9999 -9999 -9999 -9999 -9999 -9999 -9999 -9999 -9999 -9999 -9999 -9999 -9999 -9999 -9999 -9999 -9999 -9999 -9999 -9999 -9999 -9999 -9999 -9999 -9999 -9999 -9999
-9999 -9999 -9999 -9999 -9999 -9999 -9999 -9999 -9999 -9999 -9999 -9999 -9999 -9999 -9999 -9999 -9999 -9999 -9999 -9999 -9999 -9999 -9999 -9999 -9999 -9999 -9999 -9999 -9999 -9999 -9999 -9999 -9999 -9999 -9999 -9999 -9999 -9999 -9999 -9999 -9999 -9999 -9999 -9999 -9999 -9999
3.3768937587738 3.59583330154419 -9999 -9999 3.27500009536743 2.95937490463257 3.02416658401489 3.64166665077209 -9999 -9999 -9999 -9999 -9999 -9999 -9999 -9999 -9999 -9999 -9999 -9999 -9999 -9999 -9999 -9999 -9999 -9999 -9999 -9999 -9999 -9999 -9999 -9999 -9999 -9999 -9999 -9999 -9999 -9999 -9999 -9999 -9999 -9999 -9999 -9999 -9999 -9999
3.04401040077209 3.47805547714233 3.24374985694885 3.01361107826233 2.67734384536743 2.46432280540466 2.57994794845581 2.87857127189636 2.90265154838562 2.94356060028076 3.09523797035217 3.36547613143921 3.06354165077209 2.87343740463257 3.02847218513489 3.10416674613953 3.16388893127441 -9999 -9999 -9999 -9999 -9999 -9999 -9999 -9999 -9999 -9999 -9999 -9999 -9999 -9999 -9999 -9999 -9999 -9999 -9999 -9999 -9999 -9999 -9999 -9999 -9999 -9999 -9999 -9999 -9999
2.78697919845581 3.05937504768372 2.80755209922791 2.41093754768372 2.12994790077209 1.92526042461395 1.83385419845581 2.00989580154419 2.09505200386047 2.11588525772095 2.27473950386047 2.52265620231628 2.45911455154419 2.37421870231628 2.46328115463257 2.66770839691162 2.61614584922791 2.83108973503113 2.96477270126343 3.30833339691162 3.32500004768372 -9999 -9999 -9999 -9999 -9999 -9999 -9999 -9999 -9999 -9999 -9999 -9999 -9999 -9999 -9999 -9999 -9999 -9999 -9999 -9999 -9999 -9999 -9999 -9999 -9999
2.00364589691162 2.00911450386047 2.07786464691162 2.10416674613953 1.88854169845581 1.72838544845581 1.71145832538605 1.72708332538605 1.72265625 1.74088537693024 1.70234370231628 1.84765625 1.93203127384186 2.03749990463257 2.20703125 2.08229160308838 1.93020832538605 2.09583330154419 2.29427075386047 2.49244785308838 2.703125 3.07767868041992 3.20520830154419 3.50833320617676 -9999 -9999 -9999 -9999 -9999 -9999 -9999 -9999 -9999 -9999 -9999 -9999 -9999 -9999 -9999 -9999 -9999 -9999 -9999 -9999 -9999 -9999
1.63411462306976 1.58307301998138 1.66666674613953 1.63385415077209 1.53125 1.52265632152557 1.578125 1.49140632152557 1.35520839691162 1.36041676998138 1.37812507152557 1.57369780540466 1.70052087306976 1.77239584922791 1.78750002384186 1.63541674613953 1.44140625 1.54140627384186 1.63932287693024 1.79218757152557 1.97604167461395 2.15807294845581 2.37447929382324 2.68515634536743 3.02526044845581 3.05243062973022 3.16785717010498 3.21666669845581 -9999 -9999 -9999 -9999 -9999 -9999 -9999 -9999 -9999 -9999 -9999 -9999 -9999 -9999 -9999 -9999 -9999 -9999
1.63880205154419 1.42526042461395 1.40703117847443 1.56510412693024 1.44244790077209 1.30078125 1.26041674613953 1.28020834922791 1.10598957538605 1.27864587306976 1.41145837306976 1.44010424613953 1.52213537693024 1.63098955154419 1.49270832538605 1.48255205154419 1.26901042461395 1.4140625 1.46328115463257 1.45885419845581 1.69765627384186 1.71614587306976 1.73567712306976 1.99791669845581 2.23958349227905 2.30260419845581 2.32942700386047 2.46640634536743 2.48625016212463 2.71875 -9999 -9999 -9999 -9999 -9999 -9999 -9999 -9999 -9999 -9999 -9999 -9999 -9999 -9999 -9999 -9999
1.53046870231628 1.41588532924652 1.21067702770233 1.06302082538605 0.956250011920929 1.07369792461395 1.14531242847443 1.10286462306976 1.00104165077209 1.04010415077209 1.07109379768372 1.11093747615814 1.29661464691162 1.22291672229767 1.11692702770233 1.11354172229767 1.18020832538605 1.23281252384186 1.33203125 1.44218754768372 1.42421877384186 1.56093752384186 1.63697922229767 1.75625002384186 1.81197917461395 1.70026040077209 1.78619790077209 1.87760412693024 1.93984377384186 2.15416669845581 2.47243595123291 2.77916669845581 2.57083344459534 2.51666688919067 -9999 -9999 -9999 -9999 -9999 -9999 -9999 -9999 -9999 -9999 -9999 -9999
1.38177073001862 1.24817705154419 1.10963547229767 0.893229305744171 0.756250023841858 0.865885317325592 1.11614584922791 1.12630212306976 1.10312509536743 0.977083325386047 1.00703120231628 1.05963540077209 1.14583337306976 1.09010410308838 1.07447922229767 1.07656240463257 1.03046870231628 1.16171872615814 1.27942705154419 1.26171875 1.29973959922791 1.34218752384186 1.43098962306976 1.50677084922791 1.50338542461395 1.33333325386047 1.21119785308838 1.28255212306976 1.33723962306976 1.52317702770233 1.60833334922791 1.89817714691162 1.86536455154419 1.99687492847443 2.14166665077209 2.33611106872559 2.5625 -9999 -9999 -9999 -9999 -9999 -9999 -9999 -9999 -9999
1.48854172229767 1.31927073001862 1.05703127384186 0.968229234218597 0.867968738079071 0.88385421037674 1.03515625 1.04453122615814 1.00390625 0.911718785762787 0.940104246139526 1.01328122615814 1.06822919845581 0.98723953962326 0.987760484218597 1.06276035308838 1.05312502384186 1.08984375 1.07369792461395 1.09609377384186 1.07187497615814 1.17656242847443 1.13749992847443 1.15911459922791 1.08776044845581 1.03593742847443 1.15312504768372 1.16953134536743 1.10260415077209 1.03880214691162 1.09114587306976 1.14244794845581 1.12265622615814 1.23932290077209 1.32604169845581 1.60729157924652 1.87239587306976 2.23333334922791 2.74166655540466 2.82045459747314 2.47962975502014 -9999 -9999 -9999 -9999 -9999
1.69322919845581 1.19609367847443 1.00859379768372 0.6953125 0.666666686534882 0.945572912693024 1.29036462306976 0.90729171037674 0.303124994039536 0.320572942495346 0.463020920753479 1.13697910308838 1.24140620231628 1.11380207538605 1.12447905540466 1.09479165077209 1.06796884536743 1.05703127384186 0.948437511920929 0.962239563465118 1.00026047229767 1.11093747615814 1.10651040077209 1.09218764305115 1.04322922229767 0.986197948455811 1.03333330154419 1.00182294845581 0.963541626930237 0.979166686534882 1.02213537693024 1.08229160308838 1.06718742847443 1.12291669845581 1.21927082538605 1.1640625 1.34635412693024 1.43098962306976 1.65781247615814 1.63723957538605 1.61223959922791 2.12999987602234 2.5091667175293 2.54999995231628 -9999 -9999
0.829427063465118 -0.453385472297668 -0.309114515781403 -0.423958301544189 0.246354162693024 0.768489599227905 1.2890625 0.968489527702332 -0.164322942495346 0.190624952316284 0.701822936534882 1.33828127384186 1.08489584922791 1.10234367847443 0.989843785762787 0.96979171037674 1.03932297229767 1.00677073001862 1.02864587306976 0.940104186534882 0.93749988079071 0.886718690395355 0.846354126930237 0.842447876930237 0.860416650772095 0.93854159116745 0.991406321525574 0.996874988079071 0.994270801544189 0.90130203962326 1.00182294845581 0.973958373069763 1.0703125 1.07369792461395 0.984895825386047 0.776041686534882 0.769791662693024 0.687760472297668 0.867968738079071 0.918489575386047 1.13151037693024 1.38098955154419 1.72578132152557 1.99294865131378 2.26916670799255 2.37333345413208
1.36171877384186 0.932031273841858 0.600781261920929 0.308593720197678 0.305208414793015 0.964062452316284 1.42005205154419 1.58151042461395 1.37760412693024 1.2109375 1.14765632152557 1.16953122615814 1.08567702770233 1.02942705154419 1.05885422229767 1.10755217075348 1.03645825386047 1.18333339691162 1.17994785308838 1.14895832538605 1.08750009536743 0.848697900772095 0.915885448455811 0.82708340883255 0.881770849227905 0.873697936534882 0.759635508060455 0.842447936534882 0.941406190395355 0.910677075386047 0.874479234218597 0.961197972297668 0.879687488079071 0.890625 0.758854150772095 0.572395801544189 0.526302099227905 0.532031297683716 0.546875 0.636718690395355 0.709114551544189 0.832552075386047 0.873958349227905 1.11796879768372 1.35572922229767 1.49583327770233
1.36328113079071 1.24192714691162 1.33515620231628 1.39218759536743 1.44661462306976 1.49921870231628 1.47187495231628 1.32760417461395 1.22734379768372 1.18567717075348 1.11640632152557 1.20833337306976 1.22916662693024 1.08020830154419 0.96979171037674 0.952343761920929 1.12578117847443 1.19869792461395 1.20963537693024 1.19401037693024 1.15677082538605 1.06536471843719 0.978906214237213 0.957812488079071 1.06354165077209 1.08671879768372 1.06536459922791 1.05677080154419 1.07083332538605 1.0838543176651 0.976041615009308 0.895833313465118 0.924739599227905 0.827343761920929 0.713020801544189 0.615364551544189 0.663541674613953 0.600520849227905 0.492708265781403 0.453645795583725 0.434635370969772 0.478125005960464 0.571614563465118 0.731249988079071 0.955989599227905 1.16328120231628
1.42343759536743 1.62187504768372 1.67369794845581 1.66041672229767 1.68880212306976 1.73854172229767 1.72031247615814 1.70130205154419 1.38932287693024 1.30026042461395 1.36328125 1.32213544845581 1.36536455154419 1.31223952770233 1.18541669845581 1.09348952770233 1.14036464691162 1.19218742847443 1.14869785308838 1.12552082538605 1.10182297229767 1.06015622615814 1.02135419845581 0.978385329246521 1.09817707538605 1.13359367847443 1.18854165077209 1.14192712306976 1.14114582538605 1.06953132152557 1.01458334922791 0.978645801544189 0.965104162693024 0.800000071525574 0.723958313465118 0.602083384990692 0.553124964237213 0.514062404632568 0.520572900772095 0.413281261920929 0.465364575386047 0.47942715883255 0.440364509820938 0.510677099227905 0.617447912693024 0.7890625
1.74479174613953 2.08072924613953 2.05156254768372 1.93723964691162 2.03776049613953 2.15286469459534 2.0859375 1.95130217075348 1.74869787693024 1.63593745231628 1.53697907924652 1.59947919845581 1.60755205154419 1.60885429382324 1.60911464691162 1.47526049613953 1.47421872615814 1.34895837306976 1.27864587306976 1.19244790077209 1.08776044845581 1.078125 1.08880209922791 1.12395834922791 1.19088542461395 1.21744787693024 1.29609370231628 1.32499992847443 1.33098959922791 1.20651042461395 1.19166672229767 1.04583334922791 0.971093714237213 0.802604138851166 0.73723965883255 0.690104126930237 0.690104186534882 0.483593702316284 0.383072912693024 0.338281184434891 0.299479246139526 0.421354204416275 0.448177099227905 0.498697906732559 0.504687547683716 0.671354174613953
1.71718740463257 2.05572915077209 2.16067719459534 2.18411445617676 2.22473955154419 2.31640625 2.34453129768372 2.27473950386047 2.09583330154419 1.97187495231628 1.92682290077209 1.92265629768372 1.78177082538605 1.73151040077209 1.76406252384186 1.76484370231628 1.76250004768372 1.54296875 1.38906252384186 1.37786448001862 1.33854174613953 1.27526032924652 1.18880212306976 1.20494794845581 1.27604174613953 1.30494785308838 1.26744782924652 1.29010415077209 1.22552084922791 1.15833330154419 1.12213540077209 1.00182294845581 0.919531285762787 0.862760424613953 0.744270801544189 0.610416650772095 0.480468720197678 0.35885414481163 0.241145864129066 0.247656241059303 0.174218684434891 0.191666543483734 0.269270777702332 0.15000008046627 0.186197906732559 0.420572936534882
2.42499995231628 2.38208341598511 2.56570506095886 2.59791660308838 2.49817705154419 2.66927075386047 2.70624995231628 2.63515615463257 2.41223955154419 2.29140615463257 2.19088530540466 2.06223964691162 1.98359370231628 1.83072924613953 1.81119787693024 1.83984375 1.85546863079071 1.73151051998138 1.59609377384186 1.53958332538605 1.52083337306976 1.48098957538605 1.39114582538605 1.36328136920929 1.37213540077209 1.42109382152557 1.42239582538605 1.44218742847443 1.43619787693024 1.40104174613953 1.27031242847443 1.10182285308838 0.990364551544189 0.895312428474426 0.778124988079071 0.639062523841858 0.532812535762787 0.380468815565109 0.220052093267441 0.125260397791862 0.0911458879709244 0.130468785762787 0.151562452316284 0.0942708253860474 0.127604186534882 0.474739611148834
