input_data/future_climate/BCC_CSM2_585/bio1_a.asc
ncols  331
nrows  193
xllcorner  17.833372883333
yllcorner  37.9999896166667
cellsize 0.1666667
NODATA_value  -9999
[rows 105 to 125 of 193, columns 92 to 137 of 331]
8.42786502838135 8.33958339691162 8.34713554382324 8.47161483764648 8.42760372161865 8.29531288146973 8.16510391235352 8.08984375 8.08307266235352 8.08151054382324 8.05312538146973 8.00807285308838 7.97968769073486 7.99661445617676 8.04869747161865 8.04973983764648 8.12343788146973 7.97916650772095 7.90885400772095 7.84192705154419 7.72343730926514 7.70729160308838 7.76250028610229 7.79921865463257 7.85520839691162 7.89609384536743 7.83177089691162 7.98958349227905 8.16953086853027 8.17994785308838 8.14505195617676 8.08828163146973 7.99713563919067 7.96406269073486 8.19817733764648 7.95989561080933 7.80546855926514 7.74244785308838 8.03671836853027 7.82135438919067 7.75651025772095 7.69765615463257 7.70807313919067 7.70234394073486 7.71796894073486 7.78072929382324
8.42526054382324 8.46380233764648 8.48124980926514 8.44401073455811 8.36640644073486 8.29947948455811 8.23802089691162 8.20651054382324 8.19348907470703 8.20755195617676 8.20182323455811 8.10911464691162 8.05208301544189 8.11770820617676 8.06302070617676 8.04166698455811 8.00807285308838 8.00598907470703 7.89713525772095 7.87109375 7.84427070617676 7.81041669845581 7.76171875 7.80729150772095 7.82083320617676 7.93072938919067 7.99947929382324 8.04322910308838 8.1640625 8.26640605926514 8.09817695617676 8.01484394073486 7.96588563919067 8.12031269073486 8.39635467529297 8.30807304382324 8.25364589691162 8.21197891235352 8.02682304382324 7.84505224227905 7.91744804382324 7.91432285308838 7.84687519073486 7.86614561080933 7.85911464691162 7.87630224227905
8.42291641235352 8.52473926544189 8.46458339691162 8.30442714691162 8.14583301544189 8.15520858764648 8.24791622161865 8.30026054382324 8.29505157470703 8.31119823455811 8.25703144073486 8.21770858764648 8.28255176544189 8.38125038146973 8.23281288146973 8.17578125 8.14322948455811 8.05677127838135 8.00078105926514 7.94765615463257 7.93619775772095 7.96979188919067 7.94661474227905 7.94843721389771 7.96197938919067 7.98932313919067 7.92578125 8.0546875 8.02890586853027 8.18385410308838 8.07057285308838 8.07968711853027 8.20416641235352 8.39817714691162 8.65104198455811 8.81302070617676 8.71015644073486 8.50963497161865 8.22395801544189 7.99713563919067 8.00989627838135 8.03359317779541 7.99713563919067 8.01901054382324 7.96666669845581 7.96171855926514
8.54140663146973 8.54895877838135 8.38723945617676 8.19453144073486 8.04765605926514 8.06119823455811 8.1328125 8.30364608764648 8.45286464691162 8.41588497161865 8.48229217529297 8.52604198455811 8.50703144073486 8.40130233764648 8.36328125 8.29010391235352 8.21510410308838 8.10260391235352 8.078125 8.08645820617676 7.95546865463257 7.94583320617676 7.99296903610229 7.98932313919067 8.06770801544189 8.07604122161865 8.01380252838135 8.11119747161865 8.06953144073486 8.21796894073486 8.17369747161865 8.14999961853027 8.27812480926514 8.46015644073486 8.67369747161865 9.04661464691162 8.90572929382324 8.69010448455811 8.43932247161865 8.21302127838135 8.10807323455811 8.09192657470703 8.10130214691162 8.10494804382324 8.14036464691162 8.109375
8.85494804382324 8.92473983764648 8.81953144073486 8.69739627838135 8.66588497161865 8.62968730926514 8.56822872161865 8.60104179382324 8.68177032470703 8.61796855926514 8.69999980926514 8.74348926544189 8.59453105926514 8.44062519073486 8.32786464691162 8.24140644073486 8.17057323455811 8.13958358764648 8.1953125 8.18307304382324 8.12604141235352 8.10104179382324 8.11380195617676 8.22083377838135 8.32708358764648 8.20833301544189 8.20494842529297 8.28619766235352 8.18020820617676 8.29947948455811 8.19349002838135 8.20833301544189 8.20468711853027 8.23645877838135 8.34088516235352 8.51380252838135 8.45963573455811 8.48098945617676 8.30286407470703 8.20911502838135 8.28750038146973 8.27604198455811 8.33229160308838 8.39947891235352 8.42161464691162 8.34531211853027
9.00859355926514 8.94687461853027 8.81718730926514 8.76614570617676 8.77942752838135 8.78307247161865 8.86692714691162 8.86979198455811 8.84062480926514 8.88229179382324 8.85963535308838 8.87473964691162 8.78125 8.58984375 8.59010410308838 8.53072929382324 8.41822910308838 8.40260410308838 8.47812461853027 8.27838516235352 8.29921913146973 8.29479122161865 8.21875 8.28828144073486 8.33567714691162 8.30650997161865 8.34088516235352 8.33046913146973 8.22239589691162 8.33802127838135 8.24166679382324 8.17760372161865 8.41458320617676 8.44349002838135 8.51067733764648 8.67239570617676 8.63723945617676 8.51875019073486 8.46484375 8.43828105926514 8.45963573455811 8.39505195617676 8.47682285308838 8.52682304382324 8.52395820617676 8.40807247161865
9.07421875 8.98359394073486 8.8828125 8.86223983764648 8.99088573455811 8.99088573455811 8.94010448455811 8.96666717529297 8.98020839691162 9.09609413146973 9.01015567779541 8.84895801544189 8.80364608764648 8.75442695617676 8.78854179382324 8.66692733764648 8.60781288146973 8.50677108764648 8.46536445617676 8.51354122161865 8.54947948455811 8.45026016235352 8.36171913146973 8.33697891235352 8.42291641235352 8.453125 8.39114570617676 8.39296913146973 8.328125 8.32499980926514 8.30234336853027 8.44895839691162 8.50156211853027 8.54869747161865 8.60468769073486 8.77604198455811 8.88723945617676 8.72317695617676 8.68802070617676 8.59036445617676 8.48255252838135 8.48151016235352 8.52317714691162 8.64973926544189 8.64791679382324 8.59974002838135
9.1328125 9.09479141235352 9.06328105926514 9.06380176544189 9.04505157470703 9.00651073455811 9.02682304382324 9.06718730926514 9.04947948455811 9.06510448455811 9.10624980926514 8.90364551544189 8.77369785308838 8.72578144073486 8.68802070617676 8.65885448455811 8.6171875 8.51822948455811 8.55572891235352 8.48541641235352 8.56744766235352 8.70130252838135 8.62994766235352 8.56796836853027 8.52578163146973 8.63359355926514 8.671875 8.71640586853027 8.60208320617676 8.5625 8.46875 8.48932266235352 8.52395820617676 8.46223926544189 8.53645801544189 8.73593711853027 8.77864551544189 8.79921913146973 8.79921913146973 8.70807266235352 8.703125 8.68723964691162 8.76276016235352 8.79374980926514 8.83098983764648 8.80338573455811
9.31718730926514 9.22968769073486 9.20572948455811 9.23984336853027 9.21067714691162 9.19661426544189 9.22526073455811 9.16197872161865 9.14218711853027 9.13593769073486 9.09869766235352 9.07317733764648 9.07682323455811 8.87213516235352 8.7578125 8.65625 8.64296913146973 8.68802070617676 8.70156288146973 8.70520782470703 8.61666679382324 8.67890644073486 8.68385410308838 8.57239532470703 8.55416679382324 8.65546894073486 8.83151054382324 8.88593769073486 8.92552089691162 8.60859394073486 8.6171875 8.66562461853027 8.62395858764648 8.58255195617676 8.67864608764648 8.70494747161865 8.89375019073486 8.91067695617676 8.94843769073486 8.90911483764648 8.90911483764648 8.93177127838135 8.91197967529297 8.93489551544189 8.94999980926514 8.89817714691162
9.26536464691162 9.24531269073486 9.22291660308838 9.23932266235352 9.25286483764648 9.16224002838135 9.23489570617676 9.22343730926514 9.15494823455811 9.09322929382324 8.96015644073486 8.97031307220459 9.04244804382324 9.00364589691162 9.00390625 8.96848964691162 8.97317695617676 8.91822910308838 8.88411426544189 8.88984394073486 8.81770801544189 8.74322891235352 8.72291660308838 8.6484375 8.61536502838135 8.71848964691162 8.77838516235352 8.82083320617676 8.92708301544189 8.79322910308838 8.85729122161865 8.90572929382324 8.96406269073486 8.93229198455811 8.93489551544189 8.98906230926514 9.01354122161865 9.00729179382324 8.99400997161865 9.10833358764648 9.00468730926514 9.05182266235352 8.94010448455811 9.00598907470703 9.10781288146973 8.99375057220459
9.28515625 9.2265625 9.20442676544189 9.23046875 9.22708320617676 9.22708320617676 9.19713497161865 9.19010448455811 9.18697929382324 9.32187461853027 9.22031211853027 8.94244766235352 8.95364570617676 8.91380214691162 9.01119804382324 8.95598983764648 8.99869823455811 9.03854179382324 8.95052051544189 8.94895839691162 9.03098964691162 9.01145839691162 8.9140625 8.84322929382324 8.80520820617676 8.78671836853027 8.82890605926514 8.99921894073486 8.86328125 8.79609394073486 8.84583282470703 8.80104160308838 8.81223964691162 8.80130195617676 8.78125 8.99947929382324 9.05130195617676 8.93723964691162 9.02890586853027 9.15234375 9.15052127838135 9.21119785308838 9.15130233764648 9.04817676544189 9.02161502838135 8.90520858764648
9.3359375 9.37864589691162 9.40677070617676 9.36328125 9.32864570617676 9.26953125 9.22031211853027 9.18072891235352 9.13958358764648 9.27708339691162 9.16796875 9.03072929382324 8.96979141235352 8.88463497161865 9.00468730926514 9.03411483764648 9.02421855926514 9.07942676544189 9.18437480926514 9.24505233764648 9.30442714691162 9.23098945617676 9.06875038146973 8.97447872161865 8.92447948455811 8.81901073455811 8.89531230926514 8.94036483764648 9.04140663146973 8.89453125 8.88020801544189 9.03671836853027 9.0390625 9.00885391235352 9.11927032470703 9.10598945617676 8.98723983764648 8.87369823455811 9.02005195617676 9.19453144073486 9.25963592529297 9.27708339691162 8.96484375 9.04895877838135 9.13099002838135 8.94062519073486
9.54869747161865 9.56510448455811 9.46171855926514 9.45234394073486 9.40312480926514 9.40572929382324 9.36614608764648 9.43020820617676 9.35598945617676 9.15416622161865 9.15703105926514 9.05624961853027 9.07239627838135 9.07552051544189 9.16848945617676 9.18072891235352 9.26927089691162 9.31614589691162 9.32421875 9.44427108764648 9.68072891235352 9.43958377838135 9.21119785308838 9.08046913146973 8.96432304382324 8.90546894073486 8.82786464691162 9.04531288146973 8.98359394073486 9.02942752838135 9.08645820617676 9.12265586853027 9.19401073455811 9.19296836853027 9.13359355926514 9.02812480926514 9.06406211853027 9.00885391235352 9.06276035308838 9.08072948455811 9.33541679382324 9.45625019073486 9.20442676544189 9.31302070617676 9.05208301544189 8.93880176544189
9.77760410308838 9.76432323455811 9.61953163146973 9.59869766235352 9.55000019073486 9.52708339691162 9.51406288146973 9.43333339691162 9.36276054382324 9.21848964691162 9.28359413146973 9.26484394073486 9.27916622161865 9.32213592529297 9.28046894073486 9.30807304382324 9.34192752838135 9.42343807220459 9.46588516235352 9.48124980926514 9.52890586853027 9.53020858764648 9.44453144073486 9.22760391235352 9.08177089691162 9.00572967529297 9.00442695617676 9.12812519073486 9.20885372161865 9.07291698455811 9.1484375 9.15416622161865 9.10078144073486 9.2265625 9.22447872161865 9.25729179382324 9.33828163146973 9.22265625 9.39895820617676 9.28567695617676 9.27317714691162 9.55364608764648 9.56119823455811 9.32291698455811 9.10260391235352 9.14583301544189
10.0208330154419 9.94322872161865 9.80703163146973 9.75234413146973 9.71979141235352 9.71249961853027 9.53776073455811 9.57161426544189 9.42083358764648 9.40859413146973 9.50052070617676 9.34114551544189 9.27864551544189 9.22239589691162 9.20442676544189 9.28697872161865 9.51302051544189 9.63776016235352 9.64375019073486 9.64192676544189 9.54921913146973 9.43177127838135 9.515625 9.34505176544189 9.1171875 8.94661426544189 9.03359413146973 9.11093711853027 9.29036521911621 9.4140625 9.39661502838135 9.29114627838135 9.22291660308838 9.21614551544189 9.32682323455811 9.47864627838135 9.50963592529297 9.59192752838135 9.71041679382324 9.52447891235352 9.50390625 9.66848945617676 9.61223983764648 9.61250019073486 9.52057266235352 9.30677127838135
10.2447919845581 10.0382814407349 9.95052051544189 9.96796894073486 9.93229198455811 9.81692695617676 9.75677108764648 9.67343711853027 9.52265644073486 9.68098926544189 9.55807304382324 9.3125 9.23593711853027 9.24947929382324 9.3125 9.39088535308838 9.70781230926514 9.80677032470703 9.94218730926514 9.82499980926514 9.62968730926514 9.6171875 9.60208320617676 9.34843730926514 9.09166622161865 8.9765625 9.12526035308838 9.29114627838135 9.42578125 9.64192676544189 9.54401016235352 9.42031288146973 9.30494785308838 9.35442733764648 9.49505233764648 9.44296836853027 9.38411426544189 9.54036426544189 9.68645858764648 9.71718788146973 9.7890625 9.72291660308838 9.72474002838135 9.69270801544189 9.72604179382324 9.66041660308838
10.2809896469116 10.2361974716187 10.2768230438232 10.1864585876465 10.122917175293 9.83749961853027 9.80182266235352 9.72265625 9.67890644073486 9.77265644073486 9.64322948455811 9.49062538146973 9.28958320617676 9.31484413146973 9.39244842529297 9.54088497161865 9.70833301544189 10.0799474716187 10.3671875 10.0721349716187 9.85286426544189 9.68619823455811 9.67473983764648 9.57291698455811 9.3515625 9.22734355926514 9.37395858764648 9.53255176544189 9.5859375 9.51484394073486 9.56692695617676 9.47187519073486 9.48593711853027 9.57213497161865 9.71067714691162 9.58437442779541 9.55416679382324 9.65104198455811 9.62265586853027 9.62552070617676 9.71536445617676 9.78723907470703 9.90286445617676 9.88125038146973 9.90572929382324 9.6328125
10.5515623092651 10.5114583969116 10.3825521469116 10.2981767654419 10.1442708969116 10.0656251907349 10.0221357345581 9.94609355926514 9.94843769073486 9.94791698455811 9.76145839691162 9.62265586853027 9.54531288146973 9.49583339691162 9.57083320617676 9.73281288146973 9.96015644073486 10.0567712783813 10.0893230438232 10.1096353530884 10.0531244277954 9.99140644073486 9.84036445617676 9.72760391235352 9.57161426544189 9.46328163146973 9.62526035308838 9.70546913146973 9.5703125 9.58567714691162 9.63177108764648 9.63125038146973 9.57213592529297 9.59218788146973 9.74531269073486 9.81718730926514 9.84088516235352 9.74531269073486 9.68515586853027 9.73177051544189 9.87369823455811 9.76796913146973 9.83723926544189 9.95807266235352 9.81510448455811 9.66953086853027
10.8002605438232 10.6414060592651 10.5015621185303 10.4026041030884 10.3630208969116 10.3054685592651 10.2468748092651 10.1473960876465 10.2721357345581 10.1723957061768 10.0192708969116 9.84531211853027 9.80208301544189 9.78046894073486 9.78984355926514 9.81223964691162 9.92760467529297 9.97213554382324 9.94140625 10.1708335876465 10.2406253814697 10.1296873092651 10.0179681777954 9.89218711853027 9.73776054382324 9.66328144073486 9.79635429382324 9.84479141235352 9.671875 9.78281307220459 9.83802127838135 9.74765682220459 9.67161464691162 9.78125 9.74322891235352 9.95338535308838 9.90703105926514 9.79635429382324 9.74973964691162 9.78541660308838 9.80182266235352 9.72187519073486 9.78984355926514 9.74791622161865 9.65651035308838 9.73385429382324
10.9955730438232 10.7802085876465 10.5914058685303 10.5252599716187 10.5096349716187 10.3578128814697 10.4192705154419 10.3098955154419 10.3515625 10.30078125 10.1828126907349 10.1138019561768 10.0546875 9.98619842529297 10.0083332061768 10.0244789123535 10.0320310592651 9.99791717529297 10.0580730438232 10.0598955154419 10.0578126907349 10.1703128814697 10.1729164123535 10.0851564407349 9.92734336853027 9.86562538146973 9.99947929382324 9.92708301544189 9.76249980926514 9.86796855926514 9.95859336853027 9.80937480926514 9.78697872161865 9.86484432220459 9.96927070617676 10.0494794845581 9.91119766235352 9.87005233764648 10.0265626907349 10.0375003814697 10.0848960876465 10.0880212783813 10.1083335876465 9.91901016235352 9.79427051544189 9.64817714691162
11.2697916030884 10.9533853530884 10.7104167938232 10.6119794845581 10.4927082061768 10.4830732345581 10.5166664123535 10.5484371185303 10.5249996185303 10.4671878814697 10.4067707061768 10.3552083969116 10.3125 10.2265625 10.1588544845581 10.1640625 10.1127605438232 10.1692705154419 10.1156253814697 10.1768226623535 10.2018232345581 10.1179685592651 10.2708330154419 10.2020835876465 10.2429685592651 10.1611976623535 10.1929693222046 10.0138025283813 9.95494842529297 10.0119791030884 10.1216144561768 9.95885372161865 10.060417175293 9.92005252838135 10.1458330154419 10.0085935592651 9.87135410308838 9.97916698455811 10.2278642654419 10.158332824707 10.2908849716187 10.1276044845581 10.0151042938232 10.1135416030884 10.0445308685303 9.97890663146973
