input_data/future_climate/BCC_CSM2_585/bio1_a.asc
ncols  331
nrows  193
xllcorner  17.833372883333
yllcorner  37.9999896166667
cellsize 0.1666667
NODATA_value  -9999
[rows 126 to 146 of 193, columns 230 to 275 of 331]
8.32734394073486 8.24713516235352 8.11432266235352 7.94192743301392 7.69479179382324 7.85598945617676 7.84401035308838 7.80338573455811 7.84895849227905 7.86015605926514 7.75364589691162 7.58385419845581 7.69062471389771 7.74296903610229 7.62109375 6.96171855926514 7.01119804382324 6.99322938919067 6.90729188919067 6.88906240463257 6.89869785308838 6.97369813919067 7.02031230926514 7.14921855926514 7.19088554382324 7.07864570617676 7.078125 7.14973974227905 7.24895858764648 7.37526035308838 7.32942724227905 7.42395830154419 7.32734394073486 7.43645858764648 7.56979179382324 7.52317667007446 7.57083320617676 7.58151054382324 7.57109355926514 7.58958339691162 7.57369804382324 7.53854179382324 7.67109346389771 7.71979188919067 7.76197910308838 7.75598955154419
8.41067695617676 8.27057266235352 8.09635448455811 7.89687490463257 7.88359355926514 7.95807266235352 7.99296855926514 8.04635429382324 7.99765634536743 7.99270820617676 7.97734355926514 8.01302051544189 8.09583282470703 8.05677127838135 7.73359394073486 7.16718769073486 7.24348926544189 7.24895858764648 7.24661445617676 7.23958349227905 7.19062519073486 7.17552089691162 7.30859375 7.38932275772095 7.265625 7.16640615463257 7.31041669845581 7.37526035308838 7.45989608764648 7.56093740463257 7.63593769073486 7.70625019073486 7.72109365463257 7.76067686080933 7.68411445617676 7.64609384536743 7.64218759536743 7.59687519073486 7.44895839691162 7.56927108764648 7.58463573455811 7.71015596389771 7.79765653610229 7.88463544845581 7.81640625 7.828125
8.46614551544189 8.27265644073486 8.22864627838135 7.97187471389771 8.01171875 8.14895820617676 8.17734336853027 8.20781230926514 8.07942676544189 8.16432285308838 8.30963516235352 8.40286445617676 8.35026073455811 8.27317714691162 7.84270811080933 7.37109375 7.42994785308838 7.57656240463257 7.58463525772095 7.54765605926514 7.52239608764648 7.50546884536743 7.51536464691162 7.5546875 7.66119813919067 7.65260410308838 7.70286464691162 7.84088563919067 7.92578125 8.05104160308838 8.10494804382324 8.09531211853027 7.99088525772095 7.88723993301392 7.79270839691162 7.72083330154419 7.73489570617676 7.76979160308838 7.59427070617676 7.59974002838135 7.74817705154419 7.77473926544189 7.81770849227905 7.8125 7.76302099227905 7.84609365463257
8.71015644073486 8.60885429382324 8.49400997161865 8.18124961853027 8.13098907470703 8.27395820617676 8.35624980926514 8.39427089691162 8.44791698455811 8.45182323455811 8.50390625 8.54036426544189 8.55989551544189 8.37552070617676 7.90130186080933 7.88723945617676 7.91640615463257 7.91197919845581 7.79427099227905 7.71875 7.56145811080933 7.52109384536743 7.56145811080933 7.58697938919067 7.59062480926514 7.83750009536743 8.00468730926514 8.06536483764648 8.11822891235352 8.25208282470703 8.32499980926514 8.25833320617676 8.12994766235352 8.04114627838135 7.99817705154419 7.97604179382324 7.92291641235352 7.87838554382324 7.70755195617676 7.54973983764648 7.63437509536743 7.74895811080933 7.81640625 7.84218740463257 7.93567705154419 8.04218769073486
8.80208301544189 8.73750019073486 8.58359336853027 8.36119747161865 8.21145820617676 8.31718730926514 8.49036502838135 8.47187519073486 8.35364627838135 8.48333358764648 8.59270858764648 8.67786502838135 8.65703105926514 8.24374961853027 8.14869785308838 8.17682266235352 8.06484413146973 7.96770811080933 7.86119794845581 7.79479169845581 7.73984384536743 7.77656269073486 7.74375009536743 7.65911483764648 7.57005214691162 7.88359403610229 7.91484355926514 8.01458358764648 8.04088592529297 8.28854179382324 8.41380214691162 8.38645839691162 8.30442714691162 8.20989608764648 8.14479160308838 8.14921855926514 8.11328125 8.07838535308838 7.99296903610229 8.01119804382324 8.07708358764648 8.06302070617676 8.14635467529297 8.30234336853027 8.27760410308838 8.19557285308838
8.85781288146973 8.64505195617676 8.64921855926514 8.71171855926514 8.50599002838135 8.58567714691162 8.64114570617676 8.63515567779541 8.64479160308838 8.67447948455811 8.70442676544189 8.72187519073486 8.68489551544189 8.3203125 8.35208320617676 8.32890605926514 8.23515605926514 8.12994766235352 8.07578182220459 8.04166698455811 8.04765605926514 8.02473926544189 7.87994813919067 7.66979169845581 7.77135419845581 7.89296865463257 7.89583301544189 8.03750038146973 8.19244766235352 8.41223907470703 8.48489570617676 8.49739551544189 8.49010467529297 8.34947872161865 8.2890625 8.27968788146973 8.29479122161865 8.27786445617676 8.23828125 8.36093711853027 8.47968769073486 8.50546836853027 8.60651016235352 8.57421875 8.47057342529297 8.29140567779541
9.02239608764648 8.91796875 9.00078105926514 9.01979160308838 8.89947891235352 8.70781230926514 8.53750038146973 8.56875038146973 8.67578125 8.73984336853027 8.7734375 8.81849002838135 8.78359413146973 8.59974002838135 8.58046913146973 8.55052089691162 8.49114608764648 8.40208339691162 8.29322910308838 8.24531269073486 8.26614570617676 8.20234394073486 8.09947967529297 7.92552089691162 8.08463573455811 8.18671894073486 8.24661445617676 8.37656307220459 8.52604198455811 8.57864570617676 8.6171875 8.65234375 8.62708282470703 8.5546875 8.44661426544189 8.42994785308838 8.44036483764648 8.48385429382324 8.51276016235352 8.61927032470703 8.66692733764648 8.71249961853027 8.84791660308838 8.69114589691162 8.62708377838135 8.66171836853027
9.44973945617676 9.37968730926514 9.25078105926514 9.03072929382324 8.88932323455811 8.70755195617676 8.578125 8.58567714691162 8.68906211853027 8.63854122161865 8.63593769073486 8.67109394073486 8.67916679382324 8.53125 8.60572910308838 8.64921855926514 8.66640663146973 8.56484413146973 8.50182247161865 8.45625019073486 8.42630195617676 8.35520839691162 8.36744785308838 8.26692676544189 8.21380233764648 8.16145801544189 8.28281211853027 8.6171875 8.77968788146973 8.77213573455811 8.72135448455811 8.69427108764648 8.67890548706055 8.62213516235352 8.52525997161865 8.58385372161865 8.59348964691162 8.68255233764648 8.72239589691162 8.77317714691162 8.81171894073486 8.9296875 8.90390586853027 8.90520858764648 8.87395858764648 8.82161426544189
9.61770820617676 9.38645839691162 9.14270877838135 9.02265644073486 8.93567657470703 8.95989608764648 8.88671875 8.76328086853027 8.78567695617676 8.73385429382324 8.75286483764648 8.54661464691162 8.34453105926514 8.52604198455811 8.64609336853027 8.69635391235352 8.74817752838135 8.74843788146973 8.7109375 8.69218730926514 8.58958339691162 8.46458339691162 8.41979122161865 8.38020801544189 8.19791698455811 8.22031211853027 8.52369785308838 8.81953144073486 8.80182266235352 8.73671817779541 8.71145820617676 8.72708320617676 8.75364589691162 8.71822929382324 8.67682266235352 8.6875 8.77109336853027 8.81562519073486 8.84010410308838 8.89114570617676 8.91041660308838 8.93567752838135 8.95130252838135 8.98541641235352 8.96822929382324 8.95052146911621
9.69557285308838 9.42265605926514 9.31822872161865 9.328125 9.28151035308838 9.21979141235352 9.19739532470703 9.21328163146973 9.11900997161865 8.99505233764648 8.88593769073486 8.6328125 8.75651073455811 8.74348926544189 8.81614589691162 8.90494823455811 8.94114589691162 8.93828105926514 8.92135429382324 8.81119823455811 8.74062538146973 8.54817676544189 8.40546894073486 8.42421913146973 8.46484375 8.48046875 8.78593730926514 8.94427108764648 8.78437519073486 8.62135410308838 8.72734355926514 8.82578182220459 8.88125038146973 8.81614589691162 8.76848983764648 8.80156230926514 8.89479160308838 8.95468711853027 8.97057247161865 9.00442695617676 8.99765586853027 9.04765605926514 9.10104179382324 9.14218711853027 9.11302089691162 9.11041641235352
9.78802108764648 9.61380195617676 9.57213497161865 9.55442714691162 9.61588573455811 9.53333377838135 9.49947929382324 9.59765625 9.50390625 9.43541622161865 9.38333320617676 9.02291679382324 9.14583301544189 9.02083301544189 9.07057285308838 9.09661388397217 9.09088516235352 9.17656230926514 9.03958320617676 8.87760448455811 8.86848926544189 8.52291679382324 8.53645896911621 8.85286426544189 8.95130252838135 9.04609394073486 9.16015625 8.98411464691162 8.68958282470703 8.71510410308838 9.01041698455811 9.06901073455811 9.05807304382324 8.97057247161865 8.98932266235352 9.01927089691162 9.08177089691162 9.12187480926514 9.15989589691162 9.16224002838135 9.16015625 9.26510429382324 9.296875 9.31484413146973 9.27369785308838 9.32604217529297
10.0783853530884 9.98750019073486 9.98203182220459 9.92005252838135 9.86328125 9.84010410308838 9.78697872161865 9.78958320617676 9.76380157470703 9.71354198455811 9.48750019073486 9.26588535308838 9.36484336853027 9.27760410308838 9.33958339691162 9.33125019073486 9.27525997161865 9.20833301544189 9.12031269073486 9.0859375 9.02057266235352 8.82994747161865 8.66640663146973 8.72942733764648 8.92942714691162 9.14348983764648 9.14166641235352 8.97864532470703 8.79453086853027 8.88906288146973 9.0859375 9.12473964691162 9.18020820617676 9.18203163146973 9.19010448455811 9.18776035308838 9.23593711853027 9.26015663146973 9.24427032470703 9.26171875 9.359375 9.41901111602783 9.45026016235352 9.38489627838135 9.40625 9.44322872161865
10.4286460876465 10.3541669845581 10.2591142654419 10.1994791030884 10.1122398376465 10.0953121185303 10.0893230438232 9.97421836853027 9.88072967529297 9.97812461853027 9.75833320617676 9.52239608764648 9.45651054382324 9.53541660308838 9.50963497161865 9.53203105926514 9.49661445617676 9.38151073455811 9.21953105926514 9.16510391235352 9.03541660308838 8.92083358764648 8.77109336853027 8.85755252838135 8.9921875 9.15260410308838 9.22890663146973 9.07916641235352 9.11874961853027 9.17031288146973 9.26770782470703 9.39817714691162 9.36536502838135 9.28619766235352 9.28697967529297 9.39192676544189 9.41224002838135 9.40859413146973 9.33958339691162 9.42786502838135 9.52291679382324 9.55546855926514 9.47552108764648 9.53776073455811 9.51041698455811 9.53567695617676
10.627082824707 10.584114074707 10.5059900283813 10.4393224716187 10.4148435592651 10.3736982345581 10.3484373092651 10.2132816314697 10.0619792938232 10.0880212783813 10.0083332061768 9.53489589691162 9.45182228088379 9.52421855926514 9.58359336853027 9.63515663146973 9.59062480926514 9.54401016235352 9.48697948455811 9.30807304382324 9.06614589691162 9.16848945617676 9.171875 9.04088497161865 9.20963573455811 9.36354160308838 9.33828163146973 9.07994747161865 9.13515663146973 9.26119804382324 9.25520801544189 9.37395858764648 9.46119785308838 9.48307323455811 9.59348964691162 9.65833377838135 9.58281230926514 9.61692714691162 9.69557285308838 9.71406269073486 9.69687461853027 9.62656211853027 9.61302089691162 9.69062519073486 9.74739551544189 9.75755214691162
10.8625001907349 10.822135925293 10.7992191314697 10.8052082061768 10.7653646469116 10.7075519561768 10.6320314407349 10.6343746185303 9.93802070617676 9.81484413146973 9.74166679382324 9.71406269073486 9.78125 9.92786407470703 9.96510410308838 9.88098907470703 9.78072929382324 9.79921913146973 9.78645801544189 9.65025997161865 9.41432285308838 9.62369823455811 9.72265625 9.51718711853027 9.58776092529297 9.72057342529297 9.65807342529297 9.50390625 9.66223907470703 9.47317695617676 9.56276035308838 9.70494747161865 9.79296875 9.73802089691162 9.76875019073486 9.7734375 9.78828144073486 9.81067657470703 9.87265586853027 9.92682266235352 9.87447929382324 9.84974002838135 9.86900997161865 9.84218788146973 9.80624961853027 9.79062461853027
11.1335935592651 11.1695318222046 11.1648435592651 11.0934896469116 10.9572916030884 10.8804683685303 10.8781251907349 10.8966150283813 10.6307287216187 10.2078123092651 10.0749998092651 10.0716142654419 10.0692710876465 10.2744789123535 10.130729675293 10.0356769561768 10.0151042938232 10.0911455154419 10.1554689407349 10.0575523376465 9.83984375 9.95364570617676 10.1390628814697 9.96406269073486 9.77682304382324 9.81692695617676 9.76614570617676 9.70755195617676 9.67994785308838 9.73802089691162 9.76380252838135 9.67161464691162 9.88854122161865 9.92656230926514 9.92526054382324 9.95026016235352 9.99479198455811 9.94817733764648 10.0020837783813 10.0109376907349 10.0447912216187 9.95416641235352 9.984375 9.96380233764648 9.81588554382324 9.76171875
11.3239583969116 10.9382810592651 10.6828126907349 10.6304683685303 10.4791669845581 10.6169271469116 10.7242183685303 10.5054683685303 10.2221355438232 10.0260419845581 10.0388021469116 9.98177051544189 10.1598958969116 10.1502599716187 10.1869792938232 10.0911455154419 10.0869789123535 10.1544275283813 10.3054685592651 10.3153648376465 10.052604675293 9.98854160308838 10.2213544845581 10.0335941314697 9.91015625 9.87447929382324 9.72968769073486 9.64921855926514 9.63593769073486 9.63151073455811 9.59479141235352 9.94947910308838 9.99270820617676 10.0127601623535 10.0541667938232 10.1231775283813 10.1585941314697 10.1015625 10.1666669845581 10.1781253814697 10.2354164123535 10.2023439407349 10.1575517654419 10.2312498092651 10.1828126907349 10.1434898376465
11.0346355438232 10.7065105438232 10.6328125 10.5687503814697 10.4216146469116 10.2528648376465 10.2669277191162 10.28515625 10.2809896469116 10.1833333969116 10.103645324707 10.0265626907349 10.0835933685303 10.0861978530884 10.1593751907349 10.1731767654419 10.1630210876465 10.2135419845581 10.3169269561768 10.4802083969116 10.4752607345581 10.271354675293 10.2302083969116 10.4546880722046 10.4773435592651 10.3622398376465 10.2221355438232 10.0473957061768 9.57578086853027 9.61484336853027 9.80885410308838 10.0716142654419 10.0731773376465 9.9765625 10.060417175293 10.3062496185303 10.3380212783813 10.4033851623535 10.4039058685303 10.4283857345581 10.4171876907349 10.3971357345581 10.4046869277954 10.4317712783813 10.4458332061768 10.4802083969116
11.5184898376465 11.26171875 10.8981771469116 10.8122396469116 10.6502599716187 10.5942707061768 10.6447916030884 10.5924482345581 10.5851564407349 10.5416669845581 10.3317708969116 10.1924476623535 10.0994787216187 9.98489570617676 10.0661458969116 10.2046871185303 10.2635412216187 10.4309902191162 10.4445314407349 10.6611976623535 10.8106775283813 10.6708335876465 10.6179685592651 10.5427083969116 10.5354166030884 10.4182291030884 10.2903642654419 10.2067708969116 10.1049480438232 10.0651044845581 10.0635414123535 10.1739587783813 10.1359376907349 10.0658855438232 10.4093751907349 10.4776039123535 10.4859380722046 10.5250005722046 10.5755205154419 10.6398439407349 10.564582824707 10.5226564407349 10.5596351623535 10.5927085876465 10.6291666030884 10.6692705154419
11.9026041030884 11.7807292938232 11.3763027191162 11.0666666030884 10.9736976623535 10.8726558685303 10.9588537216187 10.8580732345581 10.8757810592651 10.8075523376465 10.5916662216187 10.4296875 10.2312498092651 10.0731773376465 10.0148439407349 10.5562496185303 10.7276039123535 10.6856775283813 10.6315107345581 10.8460941314697 10.9984378814697 10.8125 10.7468748092651 10.7239580154419 10.7367191314697 10.5791664123535 10.4856777191162 10.497917175293 10.3796873092651 10.2236976623535 10.2502603530884 10.3135414123535 10.2632808685303 10.3367185592651 10.4773435592651 10.63671875 10.6614580154419 10.7406253814697 10.7591142654419 10.8257808685303 10.7169275283813 10.7145833969116 10.7692708969116 10.7630205154419 10.8151044845581 10.8531246185303
11.6315107345581 11.8335943222046 11.8374996185303 11.318489074707 11.3046875 11.1031246185303 10.9692707061768 10.955207824707 10.9455728530884 10.9619789123535 10.7273435592651 10.5145835876465 10.3713541030884 10.2466144561768 10.4067707061768 10.8757810592651 10.7664060592651 10.7497396469116 10.875 10.9156246185303 10.9187498092651 11.0697917938232 11.2098960876465 11.1591148376465 11.0463542938232 10.9322919845581 10.8671875 10.8151044845581 10.6260414123535 10.4468746185303 10.4458332061768 10.4351558685303 10.4710931777954 10.5046873092651 10.5859375 10.7210931777954 10.7505207061768 10.8997392654419 10.9499998092651 10.9526042938232 10.9791669845581 10.9739580154419 11.0127601623535 11.0533857345581 11.0234375 11.0007810592651
