input_data/future_climate/BCC_CSM2_585/bio8_a.asc
ncols  331
nrows  193
xllcorner  17.833372883333
yllcorner  37.9999896166667
cellsize 0.1666667
NODATA_value  -9999
[rows 84 to 104 of 193, columns 0 to 45 of 331]
-9999 -9999 -9999 -9999 -9999 -9999 -9999 -9999 -9999 -9999 -9999 -9999 -9999 -9999 -9999 -9999 -9999 -9999 -9999 10.1756410598755 9.88229179382324 9.65416717529297 9.46249961853027 9.12395858764648 8.88229179382324 8.86770820617676 16.4604167938232 16.4812507629395 16.607292175293 16.6479167938232 16.7875003814697 16.8343753814697 16.9468746185303 17.1010417938232 17.2312507629395 17.2510414123535 17.3250007629395 17.3208332061768 17.3250007629395 17.298957824707 17.125 17.015625 16.923957824707 16.9770832061768 17.0145835876465 17.0520839691162
-9999 -9999 -9999 -9999 -9999 -9999 -9999 -9999 -9999 -9999 -9999 -9999 -9999 -9999 -9999 -9999 -9999 -9999 -9999 10.2958335876465 10.0822916030884 9.75416660308838 9.45833301544189 9.18645858764648 8.96562480926514 8.80416679382324 8.75104141235352 16.4885406494141 16.5625 16.6031246185303 16.689582824707 16.747917175293 16.8312492370605 16.9281253814697 17.0687503814697 17.1531257629395 17.2937507629395 17.3208332061768 17.4104156494141 17.3479175567627 17.1020832061768 17.0614585876465 17.0114574432373 17.03125 17.0239582061768 17.0510425567627
-9999 -9999 -9999 -9999 -9999 -9999 -9999 -9999 -9999 -9999 -9999 -9999 -9999 -9999 -9999 -9999 -9999 -9999 -9999 10.4700002670288 10.2260417938232 9.90833282470703 9.45208358764648 9.16666698455811 9.05937480926514 8.92500019073486 8.70208358764648 16.5270843505859 16.4854164123535 16.6416664123535 16.5843753814697 16.5635414123535 16.622917175293 16.7468757629395 16.857292175293 17.0427093505859 17.2239589691162 17.3510417938232 17.4968757629395 17.5239582061768 17.1635417938232 17.0458335876465 16.9781246185303 16.9697914123535 17.0072917938232 17.1197929382324
-9999 -9999 -9999 -9999 -9999 -9999 -9999 -9999 -9999 -9999 -9999 -9999 -9999 -9999 -9999 -9999 -9999 -9999 -9999 10.5785713195801 10.2843751907349 10.0437498092651 9.6875 9.32395839691162 9.10729217529297 8.96354103088379 8.78437519073486 16.6770839691162 16.5864582061768 16.5104160308838 16.5052089691162 16.5499992370605 16.517707824707 16.6197910308838 16.7958335876465 16.9968757629395 17.1927089691162 17.3489589691162 17.3447914123535 17.3343753814697 17.138542175293 16.9989585876465 16.9364585876465 16.9802093505859 16.951042175293 17.0458335876465
-9999 -9999 -9999 -9999 -9999 -9999 -9999 -9999 -9999 -9999 -9999 -9999 -9999 -9999 -9999 -9999 -9999 -9999 -9999 10.481481552124 10.2819442749023 10.1041669845581 9.80104160308838 9.48750019073486 9.25416660308838 9.18958282470703 17.1208324432373 16.970832824707 16.8947925567627 16.8406257629395 16.7385406494141 16.6395835876465 16.6395835876465 16.7114582061768 17.9145832061768 18.0635414123535 17.2260417938232 17.3010425567627 17.205207824707 17.1041660308838 16.935417175293 16.9072914123535 16.9260425567627 16.8479175567627 16.8656253814697 16.8583335876465
-9999 -9999 -9999 -9999 -9999 -9999 -9999 -9999 -9999 -9999 -9999 -9999 -9999 -9999 -9999 -9999 -9999 10.6166667938232 10.5500001907349 10.4250001907349 10.1999998092651 10.0708332061768 17.6177082061768 17.548957824707 17.4614582061768 17.4249992370605 17.451042175293 17.310417175293 17.2104167938232 17.127082824707 16.9697914123535 16.8697929382324 16.7760410308838 17.9885406494141 18.0927085876465 18.169792175293 18.3635406494141 17.263542175293 17.1520824432373 16.997917175293 16.8999996185303 16.877082824707 16.7572917938232 16.75 16.7614574432373 16.8999996185303
-9999 -9999 -9999 -9999 -9999 -9999 -9999 -9999 -9999 -9999 -9999 -9999 -9999 -9999 -9999 -9999 10.722222328186 10.5722227096558 10.5833339691162 -9999 10.0988092422485 9.93854141235352 17.544792175293 17.5427093505859 17.5416660308838 17.5093746185303 17.4833335876465 17.3333339691162 17.314582824707 17.2979164123535 17.2072906494141 18.1447906494141 18.109375 18.1625003814697 18.1864585876465 18.2354164123535 18.2802085876465 18.2374992370605 17.1364574432373 16.9937496185303 16.8500003814697 16.6760406494141 16.6635417938232 16.6791667938232 16.7093753814697 16.7020835876465
-9999 -9999 -9999 -9999 -9999 -9999 -9999 -9999 -9999 -9999 -9999 -9999 10.9416666030884 10.7236108779907 10.5782051086426 10.4871797561646 10.3822221755981 10.3083333969116 10.2074069976807 10.1125001907349 17.6399993896484 17.6062507629395 17.6062507629395 17.5406246185303 17.4927082061768 17.5 17.5166664123535 17.4187507629395 17.3312492370605 18.2937507629395 18.3510417938232 18.2864570617676 18.232292175293 18.0791664123535 18.1906242370605 18.326042175293 18.65625 18.4229164123535 17.0114593505859 16.9156246185303 16.8635406494141 16.783332824707 16.7697906494141 16.7197914123535 16.6958332061768 16.71875
17.4406242370605 17.625 17.6843757629395 18.0025634765625 17.9566669464111 18.0833339691162 -9999 -9999 -9999 -9999 -9999 -9999 11.0547618865967 10.8366670608521 10.5822916030884 10.4177083969116 10.2229166030884 10.1041669845581 10.0729169845581 17.625 17.5718746185303 17.5531253814697 17.5770835876465 17.5583343505859 17.5479164123535 17.5302085876465 17.5104160308838 18.4135417938232 18.3843746185303 18.3843746185303 18.4677085876465 18.4010429382324 18.3989582061768 18.326042175293 18.2250003814697 18.2822914123535 18.3604164123535 18.3531246185303 18.173957824707 16.752082824707 16.8125 16.7385425567627 16.8239574432373 16.7770843505859 17.0708332061768 16.8552093505859
17.1468753814697 17.2770843505859 17.3270835876465 17.7666664123535 18.161111831665 18.1333332061768 -9999 -9999 -9999 -9999 -9999 18.3899993896484 11.2541666030884 10.8625001907349 10.5035715103149 10.359375 10.1291666030884 9.984375 17.5874996185303 17.6208343505859 18.4729156494141 18.4458332061768 18.4885406494141 18.6197910308838 18.6416664123535 18.6083335876465 18.5822925567627 18.4927082061768 18.3875007629395 18.2604160308838 18.3406257629395 18.3875007629395 18.4156246185303 18.5062503814697 18.3052082061768 18.2927074432373 18.3177089691162 18.3177089691162 18.185417175293 16.7197914123535 16.6447906494141 16.673957824707 16.7260417938232 16.8666667938232 16.90625 16.5750007629395
16.7770824432373 16.8197917938232 16.888542175293 17.2468757629395 17.9346160888672 18.3805561065674 18.1666660308838 18.1291656494141 18.5833339691162 17.9916667938232 18.0962963104248 18.1916675567627 18.1468753814697 17.7510414123535 17.4760417938232 9.84687519073486 17.4489574432373 17.513542175293 18.4281253814697 18.497917175293 18.5697917938232 18.578125 18.6000003814697 18.5895824432373 18.4802074432373 18.4791660308838 18.3604164123535 18.0697917938232 17.8531246185303 17.6364574432373 17.703125 18.0072917938232 18.2760410308838 18.4187507629395 18.4364585876465 18.4770832061768 18.4187507629395 18.2687492370605 17.9885406494141 18.076042175293 16.7510414123535 16.7250003814697 16.763542175293 16.7875003814697 16.720832824707 16.6187496185303
16.8083343505859 16.8354167938232 16.7885417938232 17.0145835876465 17.779167175293 18.1760425567627 18.7062492370605 18.7447910308838 18.7600002288818 18.4641017913818 18.109375 18.5270824432373 18.5697917938232 18.392707824707 18.279167175293 18.1906242370605 18.4375 18.6104164123535 18.7718753814697 18.8500003814697 18.892707824707 18.8854160308838 18.8708324432373 18.7416667938232 18.7104167938232 18.4645843505859 18.1520824432373 17.9416675567627 17.8937492370605 17.6604156494141 17.767707824707 17.8562507629395 18.1302089691162 18.2625007629395 18.3447914123535 18.3645839691162 18.2937507629395 16.4583339691162 16.4364585876465 16.4874992370605 16.4427089691162 16.357292175293 16.4031257629395 16.388542175293 16.3875007629395 16.3041667938232
17.7958335876465 17.810417175293 17.8333339691162 17.9145832061768 18.3197917938232 18.701042175293 18.7885417938232 18.8229160308838 18.7739582061768 18.7552089691162 18.5770835876465 18.5229167938232 18.4375 18.5677089691162 18.4874992370605 18.5083332061768 18.5656242370605 18.5562496185303 18.642707824707 18.8999996185303 18.9760417938232 19.0562496185303 19.0218753814697 19.0614585876465 18.9114589691162 18.564582824707 18.435417175293 18.2291660308838 18.1260414123535 18.0510406494141 18.0822906494141 18.0520839691162 18.2218742370605 18.3875007629395 18.4125003814697 18.4270839691162 16.548957824707 16.591667175293 16.5031261444092 16.4385414123535 16.359375 16.3125 16.3354167938232 16.4489593505859 16.3697910308838 16.3760414123535
18.076042175293 18.0104160308838 18.1124992370605 18.2854175567627 18.5052089691162 18.6864585876465 18.7489585876465 18.671875 18.5864582061768 18.5302085876465 18.3979167938232 18.3406257629395 18.3374996185303 18.453125 18.4624996185303 18.5677089691162 18.4697914123535 18.5635414123535 18.6156253814697 18.7354164123535 18.9968738555908 19.1374988555908 19.3895835876465 19.34375 19.1135406494141 18.8854160308838 18.7708339691162 18.5906257629395 18.3802089691162 18.189582824707 18.1572914123535 18.0708332061768 18.1354160308838 16.3666667938232 16.4958324432373 16.5812492370605 16.6416664123535 16.4874992370605 16.4333324432373 16.3500003814697 16.3479156494141 16.4333343505859 16.4614582061768 16.513542175293 16.5979175567627 16.5437507629395
18.2395839691162 18.2781257629395 18.294792175293 18.3406257629395 18.4906253814697 18.75 18.892707824707 18.5562496185303 18.5010414123535 18.419792175293 18.4281253814697 18.4729156494141 18.4906253814697 18.502082824707 18.4812507629395 18.6989593505859 18.6729164123535 18.734375 18.7395839691162 18.9500007629395 19.1520843505859 19.3541660308838 19.5979156494141 19.5197925567627 19.3427085876465 19.0343742370605 18.8395843505859 18.7927074432373 18.673957824707 18.5218753814697 18.3791656494141 16.4968757629395 16.421875 16.486457824707 16.484375 16.5885410308838 16.7114582061768 16.5187492370605 16.4572925567627 16.3781242370605 16.328125 16.3291664123535 16.419792175293 16.497917175293 16.5229167938232 16.6437492370605
18.6010417938232 18.5281257629395 18.5833339691162 18.580207824707 18.6604156494141 18.9947910308838 18.7062492370605 18.6875 18.6833324432373 18.6604175567627 18.6416664123535 18.5697917938232 18.2281246185303 18.359375 18.3583335876465 18.4895820617676 18.5479164123535 18.7697906494141 18.9104156494141 19.0697917938232 19.236457824707 19.3645839691162 19.502082824707 19.5104179382324 19.4208335876465 19.0697917938232 18.9500007629395 18.9281253814697 18.7572917938232 18.4322910308838 18.40625 18.3822917938232 16.3552093505859 16.4052085876465 16.3604164123535 16.4333343505859 16.5197925567627 16.5635414123535 16.5885429382324 16.46875 16.3677082061768 16.2864589691162 16.3500003814697 16.5229167938232 16.5239582061768 16.5093746185303
18.8406257629395 18.8645839691162 18.8958339691162 19.046875 18.9802074432373 19.0281257629395 18.8114585876465 18.8624992370605 18.9072914123535 18.78125 18.7614574432373 18.6572914123535 18.419792175293 18.40625 18.3656253814697 18.4489574432373 18.484375 18.736457824707 18.9947910308838 19.2197914123535 19.4343757629395 19.6375007629395 19.7270832061768 19.6812496185303 19.5364589691162 19.267707824707 19.0197925567627 19.0083332061768 18.7218761444092 18.638542175293 18.484375 18.4052085876465 16.3968753814697 16.3447914123535 16.3291664123535 16.2458324432373 16.4968757629395 16.5666675567627 16.5218753814697 16.4958324432373 16.4479160308838 16.4187507629395 16.4760417938232 16.3947906494141 16.3041667938232 16.236457824707
19.2041664123535 19.1322917938232 19.1666660308838 19.0437507629395 18.9093742370605 18.8843746185303 18.9020843505859 18.9718742370605 18.9791660308838 18.9781246185303 18.9427089691162 18.638542175293 18.6166667938232 18.591667175293 18.5354156494141 18.5229167938232 18.6989574432373 18.8114585876465 19.1375007629395 19.3500003814697 19.5208339691162 19.7312507629395 19.7854175567627 19.7468757629395 19.5854167938232 19.408332824707 19.1187496185303 19.0187492370605 18.8562507629395 18.7802085876465 18.6510410308838 16.609375 16.5541667938232 16.310417175293 16.2562503814697 16.2802085876465 16.3875007629395 16.2239589691162 16.2062492370605 16.2427082061768 16.142707824707 16.388542175293 16.390625 16.423957824707 16.4166660308838 16.234375
19.5625 19.5864582061768 19.3687496185303 19.2437496185303 19.2218742370605 19.205207824707 19.1145839691162 19.1916656494141 19.0854167938232 19.095832824707 18.9833335876465 18.841667175293 18.8395824432373 18.7687492370605 18.7124996185303 18.7468757629395 18.8114585876465 18.9052085876465 19.2000007629395 19.3468742370605 19.5635414123535 19.7458324432373 19.939582824707 19.763542175293 19.5302085876465 19.3385410308838 19.232292175293 19.080207824707 18.939582824707 18.7770824432373 18.6458339691162 16.888542175293 16.6958332061768 16.3979167938232 16.3875007629395 16.3718757629395 16.3374996185303 16.314582824707 16.1656246185303 16.1343746185303 15.9927082061768 16.109375 16.2885417938232 16.1791667938232 16.3374996185303 16.4187507629395
19.6875 19.6552085876465 19.5385417938232 19.3822917938232 19.4624996185303 19.46875 19.3708324432373 19.3395843505859 19.2666664123535 19.15625 19.1635417938232 19.1729164123535 19.060417175293 18.9937496185303 18.9635410308838 18.8708324432373 18.9718742370605 19.0093746185303 19.1979179382324 19.4020843505859 19.5406246185303 19.7104167938232 19.75 19.6572914123535 19.5218753814697 19.3250007629395 19.2437496185303 19.0531253814697 18.8968753814697 18.8177089691162 18.6906242370605 18.5697917938232 18.4937496185303 16.6218757629395 16.5218753814697 16.4645843505859 16.3635425567627 16.1968746185303 16.0479164123535 15.9968748092651 16.0770835876465 16.1802082061768 16.2531242370605 16.2895832061768 16.3072910308838 16.3270835876465
19.877082824707 19.9229164123535 19.951042175293 19.7291660308838 19.6364574432373 19.5968742370605 19.6802082061768 19.5677089691162 19.466667175293 19.404167175293 19.4135417938232 19.3135414123535 19.2281246185303 19.1333332061768 19.0885410308838 19.0593757629395 19.0822906494141 19.0718746185303 19.1677093505859 19.3520832061768 19.4520835876465 19.5947914123535 19.5906257629395 19.4812507629395 19.4489574432373 19.3947925567627 19.2729167938232 19.1239585876465 19.0239582061768 18.8635406494141 18.7666664123535 18.6343746185303 18.627082824707 18.5270843505859 18.3427085876465 16.2885417938232 16.2145824432373 16.1499996185303 16.033332824707 16.0416660308838 16.1281242370605 15.9989585876465 16.1802082061768 16.3031253814697 16.345832824707 16.5281257629395
