input_data/future_climate/BCC_CSM2_585/bio8_a.asc
ncols  331
nrows  193
xllcorner  17.833372883333
yllcorner  37.9999896166667
cellsize 0.1666667
NODATA_value  -9999
[rows 84 to 104 of 193, columns 276 to 321 of 331]
20.1708335876465 20.2020835876465 20.201042175293 20.330207824707 20.0750007629395 19.8791675567627 20.0145835876465 19.8989582061768 19.8520832061768 19.966667175293 20.0187492370605 19.8822917938232 19.8197917938232 19.7114582061768 19.6000003814697 19.5437507629395 19.7385406494141 19.4812507629395 19.3270835876465 19.111457824707 19.1614589691162 19.2260417938232 19.2958335876465 19.439582824707 19.4718742370605 19.4406242370605 19.6437492370605 19.5708332061768 19.4406242370605 19.3531246185303 19.3739585876465 19.6333332061768 19.6281242370605 19.6218757629395 19.3875007629395 19.3468742370605 19.3427085876465 19.4249992370605 19.3645839691162 19.3510417938232 19.2000007629395 19.2427082061768 19.2124996185303 19.1822910308838 19.2135410308838 19.3291664123535
20.0229167938232 20.1291675567627 20.3333339691162 20.2843742370605 20.0552082061768 19.9802093505859 19.9874992370605 19.9343757629395 19.9645843505859 20.2156257629395 20.2427082061768 19.9583339691162 19.8312492370605 19.7843742370605 19.9833335876465 19.6447925567627 19.7000007629395 19.669792175293 19.3937492370605 19.330207824707 19.4447917938232 19.5906257629395 19.6916656494141 19.7541656494141 19.7708339691162 19.7916660308838 19.9697914123535 19.5854167938232 19.6791667938232 19.6437492370605 19.5520820617676 19.5989589691162 19.8489589691162 19.6958332061768 19.138542175293 19.0104160308838 19.0427074432373 19.1520824432373 19.1552085876465 19.1906242370605 19.189582824707 19.2229156494141 19.2489585876465 19.203125 19.2218742370605 19.2781257629395
19.859375 20.2645835876465 20.2583332061768 19.8270835876465 19.7312507629395 19.794792175293 19.939582824707 19.875 20.0375003814697 20.3802089691162 20.1812496185303 19.8812503814697 19.497917175293 19.5968742370605 20.0229167938232 20.1052074432373 19.6520824432373 19.9114589691162 19.7302074432373 19.6281242370605 19.7999992370605 19.7708339691162 19.9010410308838 19.9885406494141 19.9656257629395 19.9593753814697 20.0197906494141 19.8010406494141 19.8031253814697 19.7625007629395 19.6822910308838 19.9104156494141 19.9052085876465 19.5541667938232 19.2854175567627 19.1885414123535 19.1947917938232 19.2843742370605 19.3354167938232 19.3312492370605 19.345832824707 19.4562492370605 19.4906253814697 19.361457824707 19.392707824707 19.513542175293
20.1135406494141 20.330207824707 20.2177085876465 20.002082824707 19.9375 19.935417175293 19.955207824707 20.1156253814697 20.2041664123535 20.2906246185303 20.1749992370605 19.890625 19.7062492370605 19.671875 19.8916664123535 20.1708335876465 20.0770835876465 19.982292175293 20.017707824707 19.921875 19.9052085876465 20.0416679382324 20.0854167938232 20.0708332061768 20.1552085876465 20.0750007629395 20.0114574432373 19.966667175293 19.9072914123535 19.8468742370605 19.7718753814697 20.0562496185303 20.0375003814697 19.6947917938232 19.3406257629395 19.2729167938232 19.3041667938232 19.3270835876465 19.5093746185303 19.546875 19.5562496185303 19.5010414123535 19.5479164123535 19.502082824707 19.5093746185303 19.5864582061768
19.8916664123535 20.0052089691162 20.1499996185303 20.0791664123535 19.9645843505859 20.064582824707 20.3812503814697 20.6208343505859 20.6302089691162 20.4479160308838 20.189582824707 20.1604156494141 19.9677085876465 19.9260425567627 20.0854167938232 20.2041664123535 20.220832824707 20.189582824707 20.1343746185303 20.2708339691162 20.1812496185303 20.2458324432373 20.3166656494141 20.2999992370605 20.3645839691162 20.2083339691162 20.1770839691162 20.0979156494141 20.0104160308838 20.1770839691162 20.0552082061768 19.9624996185303 20.1968746185303 20.0927085876465 19.4729175567627 19.4114589691162 19.4874992370605 19.529167175293 19.5708332061768 19.5906257629395 19.578125 19.5625 19.5739574432373 19.5541667938232 19.6010417938232 19.5218753814697
20.0625 20.1812496185303 20.2510414123535 20.3125 20.4781246185303 20.533332824707 20.7510414123535 20.7593746185303 20.6499996185303 20.4760417938232 20.2687492370605 20.0260410308838 20.076042175293 20.1812496185303 20.232292175293 20.28125 20.2458324432373 20.3177089691162 20.357292175293 20.3677082061768 20.4312496185303 20.4385414123535 20.4458332061768 20.3874988555908 20.3322925567627 20.46875 20.3364582061768 20.28125 20.205207824707 20.1572914123535 20.216667175293 20.048957824707 20.1729164123535 20.1375007629395 19.673957824707 19.4322910308838 19.578125 19.6520843505859 19.5708332061768 19.5750007629395 19.5635414123535 19.544792175293 19.5750007629395 19.6218757629395 19.7135410308838 19.7302093505859
19.8989582061768 20.1333332061768 20.2999992370605 20.4624996185303 20.4697914123535 20.6760406494141 21.0093746185303 20.828125 20.7177085876465 20.546875 20.2760410308838 20.1635417938232 20.2218742370605 20.3677082061768 20.3374996185303 20.2999992370605 20.3843746185303 20.4447917938232 20.4802074432373 20.4270839691162 20.3645839691162 20.4572906494141 20.392707824707 20.4052085876465 20.4750003814697 20.515625 20.4302082061768 20.3895835876465 20.2135410308838 20.1802082061768 20.4520835876465 20.4125003814697 20.2416667938232 19.857292175293 19.595832824707 19.529167175293 19.5791664123535 19.5739593505859 19.6187496185303 19.6447906494141 19.689582824707 19.7083339691162 19.90625 19.984375 19.935417175293 20.0479164123535
20.0229167938232 20.2958335876465 20.4166660308838 20.529167175293 20.5593757629395 20.8229160308838 20.9270839691162 20.8520832061768 20.65625 20.53125 20.2562503814697 20.2124996185303 20.4312496185303 20.5364589691162 20.4333343505859 20.4020824432373 20.4364585876465 20.4927082061768 20.529167175293 20.5072917938232 20.4562492370605 20.4364585876465 20.4020843505859 20.4270839691162 20.5864582061768 20.59375 20.5437507629395 20.4593753814697 20.4135417938232 20.3385410308838 20.5562496185303 20.451042175293 20.1968746185303 19.9989585876465 19.9895839691162 19.8187503814697 19.8218746185303 19.890625 19.96875 19.9791660308838 20.046875 20.1791667938232 20.1625003814697 20.1531257629395 20.247917175293 20.2927093505859
20.0531253814697 20.1343746185303 20.294792175293 20.59375 20.9072914123535 20.8791675567627 20.9697914123535 21.0864582061768 20.877082824707 20.6354160308838 20.4364585876465 20.4604167938232 20.6645832061768 20.6593742370605 20.6572914123535 20.5687503814697 20.5249996185303 20.5854167938232 20.6687507629395 20.6468753814697 20.5541667938232 20.5416679382324 20.4645843505859 20.6145839691162 20.7624988555908 20.7770843505859 20.8114585876465 20.7447929382324 20.5864582061768 20.4958343505859 20.6458339691162 20.544792175293 20.236457824707 20.140625 20.0739593505859 20.0593757629395 19.9739589691162 19.8333320617676 19.9750003814697 20.1000003814697 20.1062507629395 20.0072917938232 20.1843757629395 20.2625007629395 20.3531246185303 20.4541664123535
20.28125 20.4135417938232 20.8125 20.9406242370605 21.0614585876465 21.1177082061768 21.1489582061768 21.1104164123535 20.796875 20.6885414123535 20.7104167938232 20.7937507629395 20.7270832061768 20.642707824707 20.6458339691162 20.6708335876465 20.6312503814697 20.5895843505859 20.6593742370605 20.6791667938232 20.658332824707 20.6000003814697 20.502082824707 20.7614593505859 20.8656253814697 20.810417175293 20.8031253814697 20.826042175293 20.779167175293 20.6927089691162 20.4520835876465 20.298957824707 20.1572914123535 20.1968746185303 20.2114582061768 20.0614585876465 20.0052070617676 20.0125007629395 20.060417175293 20.15625 20.2124996185303 20.2802085876465 20.3083324432373 20.4249992370605 20.595832824707 20.6937503814697
20.3114585876465 20.4312496185303 20.7135429382324 20.9656257629395 21.0750007629395 21.3343753814697 21.1968746185303 21.3020839691162 21.0354156494141 21.046875 21.0281257629395 20.9874992370605 20.9312496185303 20.841667175293 20.7645835876465 20.7374992370605 20.7406253814697 20.7229156494141 20.7114582061768 20.6958332061768 20.7177085876465 20.6885414123535 20.622917175293 20.8166656494141 20.8427085876465 20.8843746185303 20.9072914123535 20.8697910308838 20.8239574432373 20.5739593505859 20.4291667938232 20.4385414123535 20.2708339691162 20.2916660308838 20.2395839691162 20.2385406494141 20.1531257629395 20.1656246185303 20.2708339691162 20.357292175293 20.4697914123535 20.53125 20.6041660308838 20.6927089691162 20.8343753814697 20.9114589691162
20.4364585876465 20.4208335876465 20.6906242370605 21.0218753814697 21.2979164123535 21.4750003814697 21.267707824707 21.232292175293 21.091667175293 21.1364593505859 21.1500015258789 21.0812511444092 21.0499992370605 20.970832824707 20.955207824707 20.9072914123535 20.859375 20.8374996185303 20.7156257629395 20.7427082061768 20.7354164123535 20.7687492370605 20.8270835876465 20.9114570617676 20.9416675567627 20.9802093505859 20.9020843505859 20.8156242370605 20.716667175293 20.6312503814697 20.6354160308838 20.6197929382324 20.5708332061768 20.4281253814697 20.2937507629395 20.1937503814697 20.0572910308838 20.1822910308838 20.2708339691162 20.3833332061768 20.5041675567627 20.6364593505859 20.7697925567627 20.8552093505859 20.9635410308838 21.0385417938232
20.5427093505859 20.5364589691162 20.765625 21.1156253814697 21.2489585876465 21.5229167938232 21.5052089691162 21.1156253814697 20.9781246185303 21.0906257629395 21.2114582061768 21.1031246185303 21.1364593505859 21.0947914123535 21.060417175293 21.0479164123535 20.9427089691162 20.8385410308838 20.7906246185303 20.7333335876465 20.8041667938232 20.935417175293 20.9635410308838 20.9541664123535 20.8500003814697 20.9583339691162 20.9458332061768 20.828125 20.9229164123535 20.8791675567627 20.8541660308838 20.7999992370605 20.6885414123535 20.4718742370605 20.2979164123535 19.9635410308838 19.6937503814697 20.2104167938232 20.328125 20.4604167938232 20.5479164123535 20.7041664123535 20.8468742370605 21.029167175293 21.2958335876465 21.3604164123535
20.7468757629395 20.6666660308838 20.7229175567627 21.1416664123535 21.451042175293 21.4635410308838 21.5718746185303 21.5593757629395 21.330207824707 21.1375007629395 21.1520843505859 21.2718753814697 21.216667175293 21.1604156494141 21.109375 21.0833339691162 21.0031242370605 20.9406242370605 20.9333324432373 20.8979167938232 20.9375 21.0416679382324 21.0041656494141 20.8822917938232 20.9750003814697 21.0229167938232 21.0625 20.9479160308838 21.0229167938232 20.9906253814697 20.890625 20.7625007629395 20.6354160308838 20.4937496185303 20.3031253814697 20.169792175293 20.1666660308838 20.390625 20.564582824707 20.7625007629395 20.90625 21.0093746185303 20.939582824707 21.0708332061768 21.310417175293 21.4114589691162
21.0791664123535 20.8656253814697 21.0239582061768 21.3208332061768 21.6135425567627 21.6041660308838 21.515625 21.6677074432373 21.6145839691162 21.2229175567627 21.2177085876465 21.2739582061768 21.2041664123535 21.1322917938232 21.2041664123535 21.1145839691162 21.078125 21.1218757629395 21.0510425567627 21.0874996185303 21.0302085876465 21.0114593505859 20.890625 20.9093742370605 21.0072917938232 20.997917175293 20.8489589691162 20.3843746185303 20.6124992370605 20.6979160308838 20.611457824707 20.65625 20.6166667938232 20.484375 20.28125 20.1687507629395 20.1791667938232 20.4177074432373 20.6031246185303 20.8229160308838 21.0166664123535 21.0666675567627 21.0593757629395 21.2124996185303 21.267707824707 21.4072914123535
21.4104156494141 20.8500003814697 21.1916656494141 21.2979164123535 21.3968753814697 21.6124992370605 21.7572917938232 21.830207824707 21.6729164123535 21.25 21.1635417938232 21.2374992370605 21.2177085876465 21.265625 21.2458324432373 21.169792175293 21.0968742370605 21.046875 21.1166667938232 21.1802082061768 21.0093746185303 21.0364589691162 20.8760414123535 20.7739582061768 20.7770824432373 20.7895832061768 20.6343746185303 20.6635417938232 20.3989582061768 20.2979164123535 20.3541660308838 20.4812507629395 20.5479164123535 20.4937496185303 20.4249992370605 20.1499996185303 20.0708332061768 20.2458324432373 20.3958339691162 20.6052093505859 20.7447910308838 20.9052085876465 21.046875 21.1677093505859 21.326042175293 21.5166664123535
21.4947910308838 20.8708324432373 21.0864582061768 21.357292175293 21.4541664123535 21.6916675567627 21.8489589691162 21.8197917938232 21.7218742370605 21.21875 21.140625 21.2333335876465 21.236457824707 21.3208332061768 21.2041664123535 21.0843753814697 21.0677089691162 21.0791664123535 21.2135410308838 21.1312503814697 20.7875003814697 20.8687496185303 20.5552082061768 20.4177093505859 20.5697917938232 20.3239593505859 20.3114585876465 20.4427089691162 20.0885429382324 20.1749992370605 20.4489574432373 20.4812507629395 20.5833339691162 20.5114593505859 20.1843757629395 20.0031242370605 20.0927085876465 20.1625003814697 20.3531246185303 20.5697917938232 20.6604156494141 20.7729167938232 20.830207824707 20.8843746185303 21.0406246185303 21.1885414123535
21.2062492370605 21.0166664123535 21.1447906494141 21.470832824707 21.6260414123535 21.703125 21.736457824707 21.8062496185303 21.7124996185303 21.2781257629395 21.21875 21.2552089691162 21.2229175567627 21.203125 21.1124992370605 21.0906257629395 21.1291675567627 21.2468757629395 21.2999992370605 21.1104164123535 20.8114585876465 20.7927093505859 20.7749996185303 20.7041664123535 20.6625003814697 20.5812492370605 20.421875 20.263542175293 20.2114582061768 20.2489585876465 20.4093761444092 20.4635410308838 20.6614589691162 20.4937496185303 20.392707824707 20.1802082061768 20.1083335876465 20.3562507629395 20.4093742370605 20.4718761444092 20.5635414123535 20.685417175293 20.734375 20.9114589691162 21.0635414123535 21.0531253814697
21.310417175293 21.4427089691162 21.6333332061768 21.6489582061768 21.6864585876465 21.7864570617676 21.923957824707 22.0197906494141 21.765625 21.3677082061768 21.2416667938232 21.3812503814697 21.2999992370605 21.2760410308838 21.216667175293 21.185417175293 21.2999992370605 21.3083343505859 20.9937496185303 20.8697910308838 20.6104164123535 20.4489593505859 20.611457824707 20.7708339691162 20.6979160308838 20.720832824707 20.3520832061768 19.7666664123535 19.6864585876465 20.029167175293 20.3791656494141 20.4697914123535 20.3354167938232 20.0572910308838 20.1083335876465 20.3187503814697 20.2020835876465 19.8822917938232 19.5 19.5145835876465 20.0125007629395 20.5510425567627 20.7302093505859 20.955207824707 21.0187492370605 21.2427082061768
21.654167175293 21.6510410308838 21.6354160308838 21.607292175293 21.6812496185303 21.8999996185303 22.0395832061768 22.0125007629395 21.9562492370605 21.6010417938232 21.34375 21.3395843505859 21.3468742370605 21.3489589691162 21.330207824707 21.3541660308838 21.4072914123535 21.0166664123535 20.7135410308838 20.7218742370605 20.3864593505859 20.294792175293 20.265625 20.4249992370605 20.3812503814697 20.2875003814697 19.8531246185303 19.6666660308838 19.5979156494141 19.8958339691162 19.8125 19.6437492370605 19.9854164123535 19.5833339691162 19.7583332061768 20.0249996185303 20.1000003814697 20.0406246185303 19.5208320617676 19.1625003814697 19.6552085876465 20.4364585876465 20.701042175293 20.919792175293 21.1958332061768 21.3156242370605
21.747917175293 21.7749996185303 21.8072910308838 21.8072910308838 21.9770832061768 22.0750007629395 21.9406242370605 22.1177082061768 21.9177074432373 21.5031242370605 21.5281257629395 21.5145835876465 21.4718742370605 21.5218753814697 21.4812507629395 21.4927082061768 21.46875 21.2562503814697 21.0947914123535 20.7312507629395 20.3479175567627 20.0708332061768 20.4885406494141 20.5979175567627 20.4114589691162 20.1416664123535 19.796875 19.4145832061768 19.1645832061768 19.1666660308838 19.3635406494141 19.4333343505859 19.6104164123535 19.8250007629395 19.7697906494141 19.7218742370605 19.7281246185303 19.6989593505859 20.0093746185303 19.9104175567627 19.8604164123535 20.4010410308838 20.7229156494141 20.9958324432373 21.2229156494141 21.3270835876465
