input_data/future_climate/BCC_CSM2_585/bio8_a.asc
ncols  331
nrows  193
xllcorner  17.833372883333
yllcorner  37.9999896166667
cellsize 0.1666667
NODATA_value  -9999
[rows 84 to 104 of 193, columns 46 to 91 of 331]
16.9947910308838 16.908332824707 16.8291664123535 16.7093753814697 16.7124996185303 16.6197910308838 16.4135417938232 16.3197917938232 16.1479167938232 16.1031246185303 16.1281242370605 16.033332824707 16.1020832061768 16.0572910308838 16.1458339691162 16.3229160308838 17.8937492370605 17.9562492370605 17.767707824707 17.642707824707 17.5572910308838 17.6177082061768 17.6593742370605 17.7687492370605 17.7645835876465 17.747917175293 17.8864574432373 18.0072917938232 17.9656257629395 18.0302085876465 18.0906257629395 18.0093746185303 17.939582824707 16.21875 16.3343753814697 16.2697925567627 17.9760417938232 17.9989585876465 18.0531253814697 18.1968746185303 18.234375 18.3020839691162 18.2999992370605 18.2781257629395 18.267707824707 18.1239585876465
17.0010414123535 16.982292175293 16.8395843505859 16.6343746185303 16.5572929382324 16.6239585876465 16.5979175567627 16.25 16.2083339691162 16.154167175293 16.2385425567627 16.2270832061768 16.2291660308838 16.3114585876465 18.0010414123535 17.9968757629395 16.5249996185303 16.4885406494141 16.4500007629395 16.466667175293 16.4145832061768 16.4781246185303 16.451042175293 17.9072914123535 17.859375 17.9052085876465 18.0531253814697 17.9125003814697 17.935417175293 18.0864582061768 18.1177082061768 18.0354175567627 17.9770832061768 17.9406242370605 17.8562507629395 16.2218742370605 17.9697914123535 18.0479164123535 18.1156253814697 18.1906242370605 18.3656253814697 18.4770832061768 18.3802089691162 18.2229175567627 18.1833324432373 18.1124992370605
17.0427074432373 17.1364593505859 16.8947906494141 16.6760406494141 16.546875 16.46875 16.3343753814697 16.2239589691162 16.2114582061768 16.4166660308838 16.3500003814697 16.3697910308838 18.0510425567627 18.1281261444092 18.2135410308838 16.673957824707 16.6333332061768 16.486457824707 16.4624996185303 16.4947910308838 16.470832824707 16.5083332061768 16.6083335876465 16.6635417938232 16.6281242370605 17.908332824707 17.8958320617676 17.8427085876465 17.8937492370605 18.0593757629395 18.0708332061768 18.1260414123535 18.1197910308838 18.017707824707 17.9364585876465 18.0354175567627 18.1166667938232 18.0385417938232 18.0885410308838 18.0968742370605 18.1781253814697 18.2531242370605 18.267707824707 18.1968746185303 18.0322914123535 18.0458335876465
17.1749992370605 16.8635425567627 16.7072925567627 16.5854167938232 16.5239582061768 16.4604167938232 16.4468746185303 16.3364582061768 16.390625 16.4166660308838 16.3822917938232 17.955207824707 18.0041656494141 18.1479167938232 16.6062507629395 16.6239585876465 16.6041660308838 16.5520839691162 16.6031246185303 16.5343742370605 16.4697914123535 16.5635414123535 16.7666664123535 16.7083339691162 16.720832824707 16.6083335876465 17.9229164123535 17.8687496185303 18.0052089691162 18.1291675567627 18.0843753814697 18.0833339691162 18.1635417938232 18.0437507629395 18.0625 18.0229167938232 18.0197906494141 18.0093746185303 18.1145839691162 18.09375 18.1135406494141 18.154167175293 18.1666660308838 18.1687507629395 18.0625 18.0416660308838
16.9437503814697 16.7427082061768 16.7072906494141 16.689582824707 16.5 16.4947910308838 17.892707824707 16.4572925567627 16.3854179382324 17.8385429382324 18.0229167938232 18.1281242370605 18.1625003814697 18.189582824707 16.5114593505859 16.497917175293 16.4895839691162 16.513542175293 16.5229167938232 16.5697917938232 16.6062507629395 16.7124996185303 16.7468757629395 16.7645835876465 16.8166675567627 16.7229175567627 16.736457824707 18.1947917938232 18.2229175567627 18.220832824707 18.1062507629395 18.1927089691162 18.0874996185303 18.1166667938232 18.0208339691162 17.9812507629395 18.1020832061768 18.0927085876465 18.0989589691162 18.0791664123535 17.9697914123535 17.9249992370605 18.0166664123535 18.1020832061768 18.1708335876465 18.0770835876465
16.9437503814697 16.8218746185303 16.7687492370605 16.7114582061768 16.3739585876465 16.4458332061768 17.9385414123535 17.939582824707 17.9927082061768 17.9343757629395 17.9937496185303 18.0437507629395 18.09375 18.080207824707 16.3718757629395 16.361457824707 16.3500003814697 16.4718742370605 16.6416664123535 16.703125 16.7552089691162 16.8218746185303 16.8843746185303 16.841667175293 16.8875007629395 16.872917175293 18.3333339691162 18.4156246185303 18.5010414123535 18.1687507629395 18.0166664123535 18.046875 17.9437503814697 18.0520839691162 18.0833339691162 18.1489582061768 18.2458324432373 18.2000007629395 18.0750007629395 17.9781246185303 17.9604167938232 18.0666656494141 18.0968742370605 18.185417175293 18.220832824707 18.111457824707
16.8343753814697 16.8520832061768 16.7416667938232 16.5302085876465 16.2937507629395 16.328125 17.7718753814697 16.2708339691162 16.279167175293 17.8062496185303 17.8541660308838 17.8510417938232 17.9291667938232 16.2708339691162 16.2937507629395 16.341667175293 16.3427085876465 16.453125 16.6979160308838 16.7739582061768 16.9291667938232 16.9385414123535 16.9635429382324 16.982292175293 16.9302082061768 16.9479160308838 16.9145832061768 16.9593753814697 16.9385414123535 18.046875 17.8864593505859 17.9364585876465 17.9812507629395 17.9333324432373 18.0104160308838 18.03125 18.1781253814697 18.3020839691162 18.171875 18.0812492370605 18.0874996185303 18.1187496185303 18.263542175293 18.4479179382324 18.2979164123535 18.2760410308838
16.8114585876465 16.8395824432373 16.7312507629395 16.6510410308838 17.9677085876465 17.8229160308838 16.107292175293 16.1124992370605 16.1479167938232 16.0593757629395 17.7427082061768 17.8166656494141 17.8666667938232 16.1822910308838 16.3291664123535 16.4437503814697 16.4489574432373 16.6031246185303 16.841667175293 17.0479164123535 16.9614582061768 16.9812507629395 17.0083332061768 16.9270820617676 16.8812503814697 16.9385414123535 16.798957824707 16.7885417938232 16.7437496185303 18.0989589691162 18.046875 17.9958324432373 17.9177074432373 18.0739574432373 18.1552085876465 18.1552085876465 18.2416667938232 18.2625007629395 18.3208332061768 18.2385425567627 18.1625003814697 18.2749996185303 18.330207824707 18.46875 18.4166660308838 18.3541660308838
16.7385425567627 16.4968757629395 17.9697914123535 18.0947914123535 18.076042175293 16.3791675567627 16.2552089691162 16.2385406494141 16.1135406494141 17.7250003814697 17.8270835876465 17.8677082061768 17.8947906494141 16.2333335876465 16.2437496185303 16.4562492370605 16.5656242370605 16.7749996185303 16.8822917938232 16.9177074432373 16.6791667938232 16.8916664123535 16.9677085876465 16.9052085876465 16.7072906494141 16.6791667938232 16.640625 16.5406246185303 16.4885406494141 16.486457824707 17.9958324432373 18.017707824707 17.982292175293 18.0739593505859 18.2281246185303 18.2468757629395 18.2416667938232 18.3500003814697 18.4260406494141 18.6124992370605 18.466667175293 18.4468746185303 18.515625 18.4520835876465 18.3833332061768 18.2749996185303
16.4593753814697 17.7395839691162 17.796875 17.9906253814697 16.4177074432373 16.3656253814697 16.2885417938232 17.8406238555908 17.7749996185303 17.71875 17.8875007629395 17.9718742370605 17.951042175293 17.9927082061768 16.2072906494141 16.3687496185303 16.6166667938232 16.7583332061768 16.736457824707 16.8249988555908 16.8968753814697 16.9593753814697 16.8187503814697 16.7291679382324 16.6458320617676 16.4968757629395 18.0406246185303 18.0260410308838 17.9739589691162 18.0687503814697 18.046875 18.125 18.1354160308838 18.2468757629395 18.2447929382324 18.2531242370605 18.2531242370605 18.2468757629395 18.2822914123535 18.4010410308838 18.4833335876465 18.4447917938232 18.4437503814697 18.390625 18.3270835876465 18.388542175293
17.71875 15.9791660308838 16.0656242370605 16.1395835876465 16.033332824707 16.2468757629395 16.294792175293 17.9447917938232 17.9229164123535 17.8895835876465 17.9114589691162 17.7999992370605 17.798957824707 17.9072914123535 16.189582824707 16.4458332061768 16.7229175567627 16.8229160308838 16.7864589691162 16.7802085876465 16.935417175293 16.9874992370605 16.9031257629395 16.8010425567627 16.6656246185303 16.673957824707 16.580207824707 16.513542175293 16.5270824432373 18.127082824707 18.0385417938232 18.1177082061768 18.2218742370605 18.2625007629395 18.2385406494141 18.154167175293 18.326042175293 18.4145832061768 18.5041675567627 18.4958324432373 18.6364593505859 18.6531257629395 18.6354160308838 18.544792175293 18.46875 18.5270843505859
16.142707824707 16.0729160308838 16.0812492370605 15.9895830154419 16.0677089691162 15.9916667938232 16.0260410308838 17.8062496185303 17.8697910308838 17.8187503814697 17.9312496185303 17.6614570617676 17.5822925567627 16.1687507629395 16.4093742370605 16.6510410308838 16.8374996185303 17.017707824707 17.0229167938232 16.9416656494141 17.0083332061768 16.9750003814697 16.8979167938232 16.8406257629395 16.7552089691162 16.8312492370605 16.7374992370605 16.6729164123535 16.7895832061768 18.2864589691162 18.2552089691162 18.359375 18.4802093505859 18.5718746185303 18.5197925567627 18.4291667938232 18.5677089691162 18.5635414123535 18.5593757629395 18.7104167938232 18.8166656494141 18.7083339691162 18.705207824707 18.6520843505859 18.5854167938232 18.685417175293
16.3312492370605 16.3802089691162 16.2937507629395 16.216667175293 16.2937507629395 16.3031253814697 16.1281242370605 15.9624996185303 17.6864585876465 17.5302085876465 17.7552070617676 17.7687492370605 17.8697910308838 16.3156242370605 16.6645832061768 16.859375 16.9947910308838 17.0270843505859 17.0010414123535 17.0395832061768 17.0531253814697 16.9916667938232 16.919792175293 16.872917175293 16.8531246185303 16.951042175293 16.9416656494141 16.9125003814697 16.877082824707 16.9010410308838 18.4760417938232 18.5593757629395 18.544792175293 18.7552089691162 18.5572910308838 18.6177082061768 18.7312507629395 18.7020835876465 18.7489585876465 18.7552089691162 18.7135410308838 18.7114582061768 18.7729167938232 18.8177089691162 18.7708339691162 18.7239589691162
16.5385417938232 16.5249996185303 16.40625 16.3541660308838 16.3427085876465 16.3166656494141 16.2468757629395 16.2083339691162 15.9802083969116 15.875 16.0104160308838 16.5322914123535 17.0541667938232 16.7135410308838 16.7083339691162 16.8031253814697 16.923957824707 16.9802074432373 16.9874992370605 17.0520839691162 17.0979175567627 17.0854167938232 16.9989585876465 16.9447917938232 17 17.109375 17.1020832061768 17.1291675567627 17.3687496185303 17.3552074432373 17.1218757629395 18.75 17.1083335876465 18.8489589691162 17.1479167938232 17.1864585876465 17.310417175293 18.9802074432373 18.9500007629395 18.7802085876465 18.7822914123535 18.8114585876465 18.830207824707 18.8333339691162 18.9593753814697 18.8833332061768
16.4781246185303 16.2312507629395 16.2458324432373 16.4385414123535 16.4322910308838 16.4031257629395 16.3979167938232 16.2937507629395 16.0854167938232 16.1760406494141 16.341667175293 16.4947910308838 16.7135410308838 16.8854160308838 17.029167175293 17.0906257629395 17.1374988555908 17.09375 17.0364589691162 17.0822906494141 17.2114582061768 17.1885414123535 17.111457824707 16.984375 17.0239582061768 17.1031246185303 17.1875 17.2781257629395 17.3958339691162 17.3406257629395 17.2604160308838 18.9541664123535 19.0395832061768 17.3520832061768 17.3197917938232 19.0385417938232 19.060417175293 19.1916656494141 19.091667175293 19.0354156494141 18.9416675567627 18.8854160308838 18.9260406494141 18.9385414123535 18.8229160308838 18.9406242370605
16.3364582061768 15.828125 15.9197912216187 16.3187503814697 16.5437507629395 16.5583343505859 16.6135406494141 16.6208343505859 16.5104160308838 16.6104164123535 16.6614570617676 16.6906242370605 16.8447914123535 17.0062503814697 17.1416664123535 18.966667175293 18.9812507629395 17.1552085876465 17.1062507629395 18.779167175293 18.8541660308838 18.9229164123535 18.8500003814697 18.7270832061768 18.6781253814697 17.1927089691162 17.203125 17.328125 17.4541664123535 17.4270839691162 19.0635414123535 19.0812492370605 17.5625 17.5666656494141 17.5708332061768 19.2510414123535 19.1687507629395 19.1354160308838 19.1666679382324 19.0458335876465 18.9406242370605 18.984375 18.9947910308838 19.0416660308838 19.091667175293 18.9833335876465
16.294792175293 16.09375 16.0385417938232 16.3197917938232 16.533332824707 16.6499996185303 16.6124992370605 16.783332824707 16.6593761444092 16.8354167938232 16.8958339691162 16.888542175293 16.955207824707 17.125 17.1302089691162 18.9645824432373 19.0375003814697 18.9656257629395 18.9489593505859 18.826042175293 18.814582824707 18.7979164123535 18.857292175293 18.75 18.7291660308838 17.185417175293 17.3218746185303 17.2999992370605 17.4541664123535 19.1677074432373 19.1614589691162 19.1979160308838 19.3697910308838 19.3968753814697 17.6770839691162 17.622917175293 17.5427074432373 19.0739593505859 19.142707824707 19.1187496185303 19.1239585876465 19.2124996185303 19.2864589691162 19.1593742370605 19.2229175567627 19.1937503814697
16.2427082061768 16.2614574432373 16.3718757629395 16.5427093505859 16.5572910308838 16.6322917938232 16.7229175567627 16.75 16.747917175293 16.814582824707 16.8697910308838 17.0229167938232 17.1635417938232 17.2260417938232 17.205207824707 17.40625 19.111457824707 19.0375003814697 19.0750007629395 18.9677085876465 18.9052085876465 18.9260406494141 19.0010414123535 18.9260406494141 19.044792175293 19.0479164123535 17.439582824707 17.4447917938232 17.484375 19.2385406494141 19.2385425567627 19.359375 19.4437503814697 19.3697929382324 19.326042175293 19.3843746185303 19.408332824707 19.3583335876465 19.3385410308838 19.283332824707 19.2770824432373 19.2093753814697 19.2593746185303 19.265625 19.2218742370605 19.1520824432373
16.2239589691162 16.470832824707 16.6614589691162 16.8625011444092 16.7124996185303 16.671875 16.7385406494141 16.78125 16.814582824707 16.9697914123535 17.033332824707 17.1802082061768 17.3697910308838 17.423957824707 17.40625 17.4854164123535 17.4760417938232 19.1614589691162 17.3802089691162 18.9874992370605 19.0166664123535 19.0052089691162 19.1625003814697 19.0812492370605 19.185417175293 19.25 17.6322917938232 17.6645832061768 17.6260414123535 19.2854156494141 19.341667175293 19.4937496185303 19.5104160308838 19.3843746185303 19.4916667938232 19.654167175293 19.8333339691162 19.6354160308838 19.455207824707 19.3447914123535 19.3229160308838 19.345832824707 19.3489589691162 19.3020839691162 19.3427085876465 19.2614574432373
16.5708332061768 16.5041675567627 16.7916660308838 16.8270835876465 16.8020839691162 16.8125 16.9416675567627 17.0062503814697 17.0812492370605 17.1645832061768 17.2124996185303 17.2718753814697 17.470832824707 17.5260410308838 17.6395835876465 17.576042175293 17.529167175293 17.560417175293 19.2229175567627 19.201042175293 19.1322917938232 19.03125 19.1312503814697 19.2312507629395 19.3187503814697 17.640625 17.6979160308838 17.763542175293 19.3843746185303 19.423957824707 19.5114593505859 19.544792175293 19.6499996185303 19.5739593505859 19.6708335876465 19.861457824707 19.8552093505859 19.7281246185303 19.6635417938232 19.591667175293 19.4895839691162 19.4333324432373 19.2552089691162 19.2458324432373 19.2312507629395 19.3322906494141
16.6156253814697 16.654167175293 16.796875 16.8312492370605 16.8687496185303 17.0437507629395 17.0906257629395 17.1208324432373 17.1875 17.3197917938232 17.4583320617676 17.5218753814697 17.6333332061768 17.6781253814697 17.7552089691162 17.7916660308838 17.7666664123535 19.2614574432373 19.314582824707 19.3218746185303 19.2697906494141 19.2333335876465 19.3531246185303 19.453125 19.4312496185303 17.720832824707 17.8322925567627 17.875 19.4593753814697 19.4604167938232 19.5322914123535 19.5302085876465 19.6177082061768 19.6437492370605 19.6906242370605 19.8291664123535 19.8333339691162 19.8052082061768 19.7729167938232 19.7083339691162 19.7583332061768 19.5239582061768 19.4072914123535 19.3114585876465 19.3604164123535 19.5416660308838
