input_data/future_climate/BCC_CSM2_585/bio8_a.asc
ncols  331
nrows  193
xllcorner  17.833372883333
yllcorner  37.9999896166667
cellsize 0.1666667
NODATA_value  -9999
[rows 147 to 167 of 193, columns 184 to 229 of 331]
18.5614585876465 18.4958324432373 18.372917175293 18.2770843505859 18.169792175293 18.080207824707 18.03125 18.0239582061768 18.029167175293 18.0677089691162 18.1218757629395 18.1968746185303 18.2781257629395 18.3958339691162 18.5281257629395 18.6947917938232 18.8520832061768 19.0229167938232 11.6500005722046 11.7666664123535 11.8354167938232 11.8937501907349 11.9541664123535 12.0114583969116 12.0593748092651 12.0760412216187 12.1687498092651 12.6229162216187 12.8854160308838 12.7802085876465 13.0906248092651 13.3354167938232 13.3354167938232 13.2104167938232 13.2072916030884 13.3020830154419 13.2479162216187 13.3114585876465 13.2531251907349 13.4302082061768 13.4989585876465 12.8843746185303 11.9447917938232 11.892707824707 11.6479167938232 11.4458332061768
18.4333343505859 18.3354167938232 18.2531242370605 18.158332824707 18.0906257629395 18.015625 17.9697914123535 17.9458332061768 17.9718742370605 18.0406246185303 18.154167175293 11.109375 11.1458330154419 11.2354164123535 11.3312501907349 11.4499998092651 11.611457824707 11.8343753814697 12.0208330154419 12.3427085876465 12.5822916030884 12.4729166030884 12.2958335876465 12.2864580154419 12.2822914123535 12.2489576339722 12.2156248092651 12.3520841598511 12.7166662216187 13.0187501907349 13.0739583969116 13.3385419845581 13.4208335876465 13.0052080154419 13.1229162216187 13.5145835876465 13.497917175293 13.5208330154419 13.466667175293 13.5281248092651 13.3218755722046 12.4593753814697 12.2510414123535 11.9989585876465 11.8343753814697 11.7385416030884
18.3229160308838 18.2593746185303 18.1833343505859 18.107292175293 18.0385417938232 17.9739589691162 11.0520830154419 11.0114583969116 11.0406246185303 11.158332824707 11.3270835876465 11.4104166030884 11.4385414123535 11.4677085876465 11.576042175293 11.7072916030884 12.0229167938232 12.7489585876465 13.0927085876465 13.1989583969116 13.2364587783813 13.1989583969116 13.1572914123535 13.1604166030884 13.1822919845581 13.0552082061768 12.9468746185303 12.9156246185303 13.0322914123535 13.1437501907349 13.2197914123535 13.3260412216187 13.4906253814697 13.4114580154419 12.7739582061768 13.4677076339722 13.7427082061768 13.8625001907349 13.7083330154419 13.4114589691162 13.3822917938232 12.921875 12.6927080154419 12.4604167938232 12.189582824707 11.9864587783813
18.2072925567627 18.125 18.0343742370605 11.1635417938232 11.1208333969116 11.1010417938232 11.0843753814697 11.0562496185303 11.1072912216187 11.3458337783813 11.6281251907349 11.8666667938232 11.8687496185303 11.8385419845581 11.8968753814697 12.0593748092651 12.4906253814697 13.2708330154419 13.3406248092651 13.3666667938232 13.3979167938232 13.392707824707 13.3385410308838 13.3874998092651 13.4322919845581 13.4156246185303 13.4875001907349 13.533332824707 13.6083335876465 13.6395835876465 13.7093744277954 13.564582824707 13.3364582061768 13.0197916030884 13.1229162216187 13.3479166030884 13.9322919845581 13.767707824707 13.4010419845581 13.1312494277954 13.0677080154419 12.9333333969116 12.7697916030884 12.4947910308838 12.3958339691162 12.2802085876465
17.939582824707 17.826042175293 17.7458343505859 11.0062503814697 11.0083332061768 11.0479164123535 11.1135416030884 11.15625 11.2270832061768 11.7697916030884 11.9520835876465 12.1635417938232 12.1197919845581 12.1781253814697 12.154167175293 12.7197923660278 13.0416669845581 13.466667175293 13.5135412216187 13.5604162216187 13.5489587783813 13.5322914123535 13.5906248092651 13.627082824707 13.5864582061768 13.46875 13.5406246185303 13.5833330154419 13.6437501907349 13.7666664123535 13.2270832061768 12.904167175293 12.9135417938232 13.2291669845581 13.1958332061768 13.0197916030884 13.0343751907349 13.1312494277954 13.216667175293 13.2458333969116 13.1541662216187 13.0197916030884 12.7645835876465 12.5041666030884 12.3583335876465 12.2302083969116
17.814582824707 17.7135410308838 17.6614589691162 11.0500001907349 11.080207824707 11.125 11.1979169845581 11.3229169845581 11.4791660308838 11.9083337783813 12.2239580154419 12.2822914123535 12.3208332061768 12.2843751907349 12.3135414123535 12.439582824707 13.0052080154419 13.6041669845581 13.6395835876465 13.6635417938232 13.6656246185303 13.5885419845581 13.591667175293 13.6104164123535 13.5708341598511 13.595832824707 13.6447916030884 13.7208337783813 13.7552080154419 13.294792175293 13.1385412216187 12.4499998092651 12.546875 12.5302085876465 12.5999994277954 12.7770833969116 12.9270830154419 13.0187501907349 13.0604162216187 13.0770835876465 13.0989580154419 13.0729169845581 13.0197916030884 12.6322917938232 12.3520832061768 12.1468753814697
9.73645877838135 9.76979160308838 17.5874996185303 17.5510425567627 11.0895833969116 11.1218748092651 11.2177085876465 11.3989582061768 11.6302080154419 12.0145835876465 12.3625001907349 12.8354167938232 12.78125 12.7250003814697 12.826042175293 12.6927080154419 12.7541666030884 13.1187496185303 13.4885416030884 13.6041669845581 13.6218748092651 13.7229166030884 13.7447919845581 13.7468757629395 13.8489589691162 13.9093751907349 13.8864583969116 13.921875 13.6479167938232 13.3739585876465 12.5322914123535 12.4645833969116 12.5302085876465 12.6989583969116 12.9416666030884 12.9895830154419 12.9968748092651 13.0395832061768 13.1666669845581 13.1947917938232 13.1927080154419 13.080207824707 12.9250001907349 12.6072912216187 12.3354167938232 12.0906248092651
10.0656251907349 10.1239585876465 10.2354164123535 10.3135414123535 11.0770835876465 11.1750001907349 11.2979164123535 11.4875001907349 11.732292175293 12.0947914123535 12.4760417938232 13.2854166030884 13.2760419845581 12.9093751907349 12.5708332061768 12.9802083969116 13.0854167938232 13.0166664123535 13.1937503814697 13.2041664123535 13.2083330154419 13.5291662216187 13.6239585876465 13.6739587783813 13.752082824707 13.9135417938232 13.9166660308838 14.0979166030884 13.7666664123535 12.9208335876465 12.4031248092651 12.4239587783813 12.7927083969116 12.8937501907349 12.9135417938232 12.9812498092651 13.1177082061768 13.1072912216187 13.1552085876465 13.0510416030884 13.0604162216187 12.8062505722046 12.7135419845581 12.4385414123535 12.263542175293 12.0635414123535
10.4375 10.4479169845581 10.5406255722046 10.6135416030884 10.6489582061768 11.2239580154419 11.3687496185303 11.546875 11.7749996185303 12.1156253814697 12.232292175293 12.533332824707 12.6312503814697 12.7083330154419 12.921875 12.8572912216187 13.002082824707 13.1187505722046 13.1020832061768 12.9677085876465 12.7177085876465 13.142707824707 12.8927087783813 13.169792175293 13.2687501907349 13.5249996185303 13.8979167938232 14.1114587783813 13.4645833969116 12.6968746185303 12.359375 12.4593753814697 12.7666673660278 12.9250001907349 12.8625001907349 12.9124994277954 13.0593748092651 13.171875 13.0968751907349 12.9166660308838 12.890625 12.7468748092651 12.6572923660278 12.5 12.5406246185303 12.3937501907349
10.7489585876465 10.7614583969116 10.8041667938232 10.8916664123535 10.8989582061768 10.9468746185303 11.3802080154419 11.5625 11.75 12.0583333969116 12.2104167938232 12.2604169845581 12.2520837783813 12.234375 12.6218748092651 13.2833337783813 13.5510416030884 13.5052080154419 13.392707824707 13.2750005722046 13.0760412216187 12.783332824707 12.3708333969116 12.2250003814697 12.6052083969116 13.033332824707 13.4041662216187 13.6052083969116 12.9864587783813 12.6875 12.5760412216187 12.6218748092651 12.6187496185303 12.7177085876465 12.7749996185303 12.8708333969116 12.9989585876465 13.0510416030884 12.9020833969116 12.9416666030884 12.765625 12.7895832061768 12.7447919845581 12.6729164123535 12.6239585876465 12.5708332061768
10.9937496185303 11.0604162216187 11.0416669845581 11.0802087783813 11.048957824707 11.15625 11.2614583969116 11.3197917938232 11.4020833969116 11.4791669845581 12.1291666030884 12.2093753814697 12.2385416030884 12.2312498092651 12.3666667938232 13.4135417938232 13.6760416030884 13.7427091598511 13.859375 13.6750001907349 13.1499996185303 13.0406246185303 12.7718753814697 12.6989583969116 12.8645839691162 13.091667175293 13.4333333969116 13.703125 13.9281253814697 13.9624996185303 13.6708335876465 12.9281253814697 12.484375 12.5604162216187 12.6031246185303 12.7333335876465 12.8968753814697 12.8843746185303 12.9322910308838 12.8916664123535 12.875 12.8895835876465 12.7843751907349 12.7302083969116 12.6770830154419 12.6145830154419
11.1593751907349 11.2062501907349 11.2166662216187 11.2156248092651 11.2604160308838 11.294792175293 11.3479166030884 11.3781251907349 11.4302082061768 11.4875001907349 11.4947919845581 12.1260414123535 12.1843748092651 12.2177085876465 12.2354164123535 12.9104166030884 13.6875 13.9677085876465 14.2083330154419 13.7895832061768 13.2749996185303 13.0343751907349 13.0145835876465 12.9333333969116 13.0145835876465 13.0739583969116 13.2239580154419 13.4614582061768 13.6708335876465 13.8322916030884 13.9874992370605 14.2145833969116 13.6052083969116 12.5854167938232 12.4187498092651 12.5958337783813 12.7531251907349 12.8270835876465 12.8822917938232 12.8843746185303 12.8781251907349 12.8552083969116 12.8656253814697 12.7906246185303 12.6875 12.6031255722046
11.2197914123535 11.28125 11.3312501907349 11.2947912216187 11.3500003814697 11.4458332061768 11.4593753814697 11.439582824707 11.4947919845581 11.529167175293 11.4729166030884 11.4781246185303 12.1145839691162 12.1708335876465 12.2135410308838 12.2979164123535 13.0729169845581 13.7770833969116 14.3697919845581 14.1416664123535 13.3968753814697 13.1968746185303 13.2197914123535 13.2395830154419 13.0270833969116 13.1791667938232 13.0416669845581 13.1687498092651 13.4947919845581 13.890625 13.9479169845581 13.9041662216187 14.1864585876465 13.1291666030884 12.8135414123535 12.9010419845581 12.9697914123535 12.8458337783813 12.8843755722046 12.8010416030884 12.7687501907349 12.734375 12.7770833969116 12.765625 12.7010412216187 12.642707824707
11.3427085876465 11.3864583969116 11.3916664123535 11.3739585876465 11.3781251907349 11.4812498092651 11.546875 11.5104160308838 11.502082824707 11.6197919845581 11.5458335876465 11.4812498092651 12.046875 12.1218748092651 12.1666669845581 12.2062501907349 12.3979167938232 13.46875 14.0854167938232 14.4229164123535 14.1208333969116 13.3604164123535 13.2562494277954 13.2927083969116 13.372917175293 13.7468748092651 13.3010416030884 13.1677083969116 13.1552076339722 13.6520833969116 14.1437501907349 14.1781253814697 14.0479164123535 13.6999998092651 13.2979164123535 13.6968746185303 13.7718744277954 13.2958326339722 12.9458341598511 12.7645835876465 12.8145837783813 12.8072919845581 12.7072916030884 12.671875 12.7229166030884 12.6302089691162
11.3947916030884 11.4270830154419 11.455207824707 11.4468746185303 11.4270830154419 11.5052080154419 11.5416669845581 11.5364580154419 11.5510416030884 11.6312503814697 11.5927085876465 11.5322914123535 11.5479164123535 12.0479164123535 12.1104164123535 12.1750001907349 12.4468746185303 13.5697917938232 13.7291669845581 14.0177087783813 14.0895833969116 13.5395832061768 13.4895830154419 13.453125 13.4520835876465 13.3239583969116 13.2791662216187 13.3375005722046 13.3260412216187 13.3041667938232 13.3791666030884 13.8083333969116 14.3093748092651 14.5625 14.5604162216187 14.517707824707 14.4427080154419 13.6489582061768 13.0666666030884 12.8072919845581 12.8854169845581 12.9593753814697 12.8968753814697 12.8010416030884 12.8114585876465 12.7593746185303
11.4895830154419 11.4854164123535 11.482292175293 11.5166664123535 11.5281248092651 11.4968748092651 11.5104160308838 11.5614585876465 11.5770835876465 11.6687498092651 11.6677083969116 11.5999994277954 11.5500001907349 11.560417175293 12.080207824707 12.125 12.232292175293 12.4947919845581 12.4729166030884 13.1968746185303 13.6947917938232 13.6822919845581 13.6156253814697 13.576042175293 13.6218748092651 13.6875 13.6187496185303 13.622917175293 13.5750007629395 13.4656248092651 13.4135417938232 13.3968744277954 13.8718748092651 14.2593746185303 14.5083332061768 15.002082824707 14.9677085876465 14.4093751907349 13.1125001907349 12.8208332061768 12.9343748092651 12.9885416030884 13.0854167938232 13.1104164123535 13.0500001907349 12.8989582061768
11.65625 11.6729164123535 11.6374998092651 11.5593748092651 11.546875 11.5447912216187 11.5218753814697 11.5406246185303 11.6000003814697 11.6208333969116 11.6281251907349 11.5968751907349 11.5375003814697 11.5520830154419 11.5656251907349 11.6010417938232 12.1750001907349 12.2708330154419 12.3291664123535 12.423957824707 13.3635416030884 13.515625 13.5093746185303 13.654167175293 13.7104167938232 14.3052082061768 14.4354162216187 13.9812498092651 13.951042175293 13.9052085876465 13.6260414123535 13.5239582061768 13.7406244277954 14.2437496185303 14.904167175293 14.7822914123535 13.9635410308838 13.5343751907349 13.3968744277954 13.1843757629395 13.1343746185303 13.1281251907349 13.2510414123535 13.3177080154419 13.1260414123535 13.1437501907349
11.6750001907349 11.7062501907349 11.7041664123535 11.5895833969116 11.591667175293 11.5864582061768 11.5458335876465 11.5385417938232 11.6500005722046 11.6739587783813 11.6677083969116 11.6635417938232 11.6208333969116 11.6270837783813 11.6364583969116 11.716667175293 11.6541662216187 12.2677087783813 12.310417175293 12.3583335876465 12.4364585876465 12.5458335876465 12.71875 12.9333333969116 13.2552080154419 13.7489585876465 14.0927085876465 13.9468746185303 14.1322917938232 14.4385414123535 14.1645832061768 13.9229173660278 13.9854173660278 14.5072917938232 15.2322912216187 14.3885412216187 13.8531246185303 13.7552080154419 13.6104164123535 13.5124998092651 13.6270837783813 13.4875001907349 13.46875 13.7104167938232 13.5458335876465 13.5458335876465
11.7083330154419 11.7083330154419 11.7302083969116 11.625 11.6010417938232 11.5885419845581 11.6166667938232 11.5906248092651 11.658332824707 11.7166662216187 11.7166662216187 11.6916666030884 11.720832824707 11.7083330154419 11.736457824707 11.7833337783813 11.7260417938232 12.2322912216187 12.3135414123535 12.3604164123535 12.453125 12.5572919845581 12.6291666030884 12.7114582061768 12.8822917938232 13.548957824707 13.7979164123535 13.8229169845581 13.9645833969116 14.0270833969116 14.2083330154419 14.404167175293 14.5979166030884 14.9291667938232 14.8760414123535 14.0249996185303 13.9468746185303 13.9072914123535 13.8218746185303 13.6354169845581 13.8062496185303 13.970832824707 13.9375 14.0364580154419 13.9614582061768 13.9989585876465
11.765625 11.7447919845581 11.7416667938232 11.6343746185303 11.6239585876465 11.6229162216187 11.6781253814697 11.6958332061768 11.7114582061768 11.783332824707 11.8000001907349 11.8010416030884 11.8156251907349 11.8229160308838 11.8333330154419 11.9104166030884 11.8666667938232 11.8166666030884 12.3208332061768 12.4031248092651 12.4791669845581 12.5729169845581 12.671875 12.7239589691162 12.8500003814697 13.5770835876465 13.7697916030884 13.7552080154419 13.904167175293 14.0437498092651 14.6739587783813 14.9499998092651 14.9614582061768 14.8968753814697 14.5364580154419 14.2645835876465 14.1541662216187 14.0395832061768 13.9645833969116 13.8302087783813 14.0166664123535 14.1802082061768 14.234375 14.2104167938232 14.2781257629395 14.4541664123535
11.8010416030884 11.7510414123535 11.7177085876465 11.6479167938232 11.6604166030884 11.6260414123535 11.6822919845581 11.7479162216187 11.7520837783813 11.8229169845581 11.8656253814697 11.8937501907349 11.9031248092651 11.9281244277954 11.9541664123535 12.0541667938232 12.0260419845581 11.939582824707 11.8937501907349 12.421875 12.5041666030884 12.6031255722046 12.6979169845581 12.8187494277954 13.4406251907349 13.7572917938232 13.7822923660278 13.90625 14.0510416030884 14.1000003814697 14.3625001907349 14.8645830154419 14.859375 14.6552085876465 14.390625 14.3583335876465 14.2645826339722 14.2354164123535 14.1677083969116 14.0802087783813 14.0218753814697 14.1791667938232 14.3218746185303 14.3895835876465 14.4989585876465 14.5989580154419
