input_data/future_climate/CanESM5_126/_band13_a.asc
ncols  331
nrows  193
xllcorner  17.833372883333
yllcorner  37.9999896166667
cellsize 0.1666667
NODATA_value  -9999
[rows 64 to 95 of 193, columns 142 to 212 of 331]
80.9375 81.375 81.3125 81.125 81.0625 82.1875 82.9375 83.5 84 84.125 84.75 84.9375 84.4375 84.4375 84 85 84.875 85.125 85.6875 85.8125 86 85.6875 85.625 84.75 84.5 84.375 84.1875 84.5 84.4375 84.1875 84.1875 84.8125 85.625 86.625 87.25 87.8125 89.625 90.4375 91.5 92.6875 93.5625 93.8125 94.6875 95.0625 95.1875 94.625 93.875 92.9375 92.0625 91.5 91.5625 90.75 90.8125 90.375 90.4375 89.625 90.1875 90.125 89.25 88.75 88.125 87.8125 87.25 86.25 85.8125 84.25 83.5 83.1875 83.125 84 84.3125
81.5625 81.25 81.4375 81.8125 81.8125 82.1875 83.6875 83.875 83.875 84 84.25 84.125 83.8125 83.6875 84.125 85.3125 85 85.125 85.0625 85.375 85.6875 86 85.75 85.75 85.125 84.5 85.25 85.8125 85.4375 85 84.9375 85 85.9375 87 88 88.5 90.375 91.5625 92.3125 93.625 94.5 95.3125 96.4375 96.0625 95.1875 95.0625 94.6875 93.0625 92.25 91.0625 90.9375 90.6875 90.75 90.1875 89.8125 88.875 88.4375 88.375 88.9375 88.625 88.875 88.125 87.5625 86.0625 84.8125 84.375 84.125 83.6875 83.125 83.3125 84.5625
81.0625 81.6875 82.1875 82.3125 81.75 82.375 82.875 83.6875 83.5 83.8125 84 84 83.75 84.0625 84.3125 85.375 85.25 85.8125 85.75 85.6875 86.0625 86 85.875 85.6875 84.75 84.875 85 84.8125 85.125 85.4375 85.8125 86 86.3125 87 87.8125 89.375 90.25 90.8125 93.125 94.0625 95.0625 96.625 97.6875 97.3125 96.6875 95.875 94.625 93 91.625 90.75 89.3125 89.125 88.75 89.0625 89.6875 89.1875 89.125 88.875 88.6875 88.375 88.375 87.75 87.0625 86.25 84.0625 83.875 83.6875 83.1875 83.0625 82.125 82.5
81.125 81.5 82.0625 82.125 82.75 82.6875 83.0625 83.5625 83.8125 83.625 83.8125 84.4375 84.6875 84.625 84.75 85 85.125 85.875 85.6875 85.875 85.8125 85.8125 85.9375 85.8125 84.9375 84.625 84.4375 84.375 84.375 84.8125 85.9375 86.5625 86.5625 87.4375 87.875 88.9375 90.625 91.5625 93.25 94.875 95.75 97.0625 98.6875 98.375 97.5 96.6875 95.4375 93.5625 91.875 90.6875 89.9375 89 88.3125 88.75 89.0625 89 89 89.5 89.6875 89.75 89.125 88.5625 87.625 85.375 83.1875 82.8125 83.1875 82.75 82.3125 81.875 81.3125
81.1875 81.375 81.8125 82.5 82.6875 82.75 82.6875 83.5 83.4375 83.625 84.25 84.5625 85.0625 85 85.75 85.75 85.1875 85.25 85.0625 85.9375 85.8125 86 86 85.75 84.9375 84.9375 84.6875 84.8125 84.9375 84.8125 85.125 85.6875 86.875 87.625 88.5625 89.3125 90.1875 91.375 93.0625 95.1875 97 98.1875 99.8125 100.1875 99.375 97.6875 94.9375 92.3125 90.5 89.8125 89.9375 89.5 88.5625 88.75 89.125 88.9375 89.375 89.6875 89.5625 89.4375 89.4375 88.75 87.125 84.875 83.0625 81.9375 82.0625 81.8125 81.3125 80.875 80.375
81.0625 81.1875 81.0625 81.5625 81.6875 81.9375 82.8125 82.9375 83.375 83.8125 84.75 84.9375 84.4375 84.9375 85.25 85.5 85.625 85.5625 85.625 85.6875 85.9375 85.625 85.75 85.5 84.9375 85 85.375 85.6875 85.875 85.625 85.5625 85.5 85.8125 86.5 87.75 88.5 90 91.375 92.8125 94.3125 96.4375 98.3125 99.75 100.375 99.8125 96.8125 94.3125 92.5 90.75 89.1875 88.5 88.4375 88.0625 88.5 88.8125 89.25 89.125 89.25 89.5 89.75 89.1875 88.0625 85.6875 83.5625 82.375 80.625 80.25 80.1875 80.4375 80.3125 79.9375
81.75 81.375 80.25 80.1875 80.125 80.25 81.8125 82.75 83 83.75 84.25 84.5625 84.5625 85.0625 85.75 85.75 85.5 85.875 86.0625 85.5 85.25 85.6875 85.875 85.75 85.625 85.75 86.125 86.1875 85.5625 85.625 85.8125 85.6875 85.6875 85.5625 86.1875 87.9375 89.375 90.8125 92.5625 94 95.625 97.6875 97.3125 97.9375 97.8125 96.75 94.1875 92.3125 90.6875 88.6875 87.4375 87.125 86.5625 86.4375 87.0625 87.25 87.3125 87.5 87.4375 87.75 87.5625 85.75 84.5625 82.375 81.375 80.0625 78.6875 77.375 77.875 78.5625 79.25
81 80.75 80 80.4375 80.6875 81 81.0625 81.625 82.3125 82.9375 83.4375 84.125 84.3125 84.625 86 86.4375 86.1875 86.125 85.625 85.75 86.1875 86.5 86.4375 86.1875 86.5 86.625 86.6875 86.4375 85.75 85.6875 85.3125 85.1875 85 85.125 85.375 86.5 87.5 89.25 91.4375 93.5 95.125 95.8125 96.3125 96.4375 96.625 95.375 93.4375 91.4375 89.625 88.125 87.125 86.75 86.75 86.875 86.8125 87 87 87 87.1875 87.625 86.625 85.1875 82.875 80.5 78 76.0625 74.5 74.1875 74.625 75.875 77.6875
80.625 80.8125 80.5625 80.375 80.1875 81 81 81.6875 81.9375 82 82.3125 83 83.25 83.4375 85.125 85.625 85.375 85.6875 85.8125 86.375 87.1875 87 87.0625 87.1875 87.5625 88.1875 87.625 87.4375 86.75 85.8125 85.5 85.125 85 85 84.8125 85.875 86.8125 87.9375 89.375 90.9375 92.9375 93.375 93.8125 94.125 94.0625 93.8125 92 90 89.1875 87.75 86.625 86.8125 86.875 87.0625 86.75 87.0625 86.75 86.4375 86.375 86.5625 85.4375 84.25 82.25 79.9375 76.9375 74.5625 72.875 71.875 72.5 74.125 75.375
80.1875 80.5 80.625 80.5625 80.6875 80.25 80.75 81.0625 81.1875 81 81.25 82.125 82.9375 83.25 84.125 85.6875 86.125 86.8125 87 87.25 87.0625 86.875 87.25 87.125 88.3125 89.3125 88.125 87.5625 87 86.3125 85.6875 85.375 85 84.625 84.25 84.5625 85.0625 85.875 87 88.625 89.4375 90.1875 90.125 90.625 90.8125 90.625 90.3125 89.625 88.3125 87.0625 86.125 85.6875 85.3125 84.6875 85.1875 85.8125 86.25 85.5 85.4375 85.1875 84.625 82.5625 80.875 78.1875 75.8125 74 72.3125 71.3125 72.1875 72.4375 73.5625
80.3125 80.3125 80.625 80.75 80.375 80.25 80.6875 80.6875 80.8125 81.0625 81.5 82.25 82.75 83.0625 83.8125 86.125 86.5625 86.8125 87.125 87.3125 86.9375 86.5 86.875 87.25 87.9375 88.1875 88.25 87.9375 87.1875 86 85.5 85.0625 84.625 84.0625 83.375 84 83.8125 84 84.125 85.6875 86.9375 87.4375 87.5 87.3125 87.875 87.9375 88.25 87.75 85.625 85.3125 85.875 84.4375 82.8125 83.5 83.5625 83.5625 84.4375 84.1875 83.75 82.75 82.375 80.6875 78.75 76.875 75.625 74.1875 72.6875 71.9375 72.0625 72.5 73.875
80.875 80.8125 80.625 81 80.375 80.4375 80.0625 79.8125 79.6875 80.4375 80.625 81.3125 82.3125 83.625 84.75 86.4375 86.8125 87 86.8125 86.3125 86 86 87.1875 87.75 88.625 88.125 87.1875 86.75 86.125 85.5625 85.125 85.0625 83.5625 82.875 81.875 81.625 81.6875 82 81.875 82.1875 83.5 83.4375 84.375 84.375 84.125 85.1875 84.75 83.875 83.5 83.375 82.9375 82.4375 82.875 82.6875 82.6875 82.1875 82.625 82.375 82.3125 81.0625 80.25 78.9375 77 75.375 74.4375 73.1875 72.9375 72.0625 71.5 72 72.8125
81.125 80.5625 80.0625 80.5 80.125 79.6875 79.5 79.25 78.6875 78.9375 79.125 81.125 82.625 83.6875 84.25 85.875 86.4375 86.5 86.9375 86.8125 86.125 85.375 86.6875 86.75 86.625 87.1875 86.875 85.875 85.1875 84.3125 83.8125 82.875 82.3125 81.25 80.4375 80.25 80.5 80.5625 80.4375 81.0625 81.5625 81.8125 81.9375 81.75 82.125 83.0625 82.9375 81.9375 81.25 81.375 80.9375 81.625 81.875 81.25 81.25 81.4375 81.25 81.5625 81.0625 80 79 78 76.375 74.9375 73.6875 72.5625 72.125 71.9375 71.3125 71.125 72.0625
81.3125 81.0625 81 80.9375 80.625 79.9375 79.6875 79.0625 78.75 77.625 78.625 80.8125 82.625 83.625 84.3125 85.75 86.375 86.75 86.9375 87.125 86.25 85.375 85.75 84.9375 85.6875 86.5625 85.875 84.9375 84 83.1875 82.75 82.3125 81.3125 79.75 79.125 79.25 79.125 79.25 78.875 79.5 80.0625 79.75 79.875 79.875 79.875 80.25 80.25 80.5 80.1875 80.1875 80.1875 79.25 79.75 79 79.8125 80.1875 80.125 80.25 79.6875 79.375 77.875 76.8125 76 75.3125 73.75 72.5625 71.875 71.8125 70.8125 70.6875 70.8125
81.25 81.25 81 80.75 80 79.8125 79.8125 79.75 79.1875 78.1875 79.1875 80.6875 82.25 82.6875 84.4375 86 86.9375 87 86.75 86.75 86.375 85.1875 84.0625 84.1875 84.5 85.1875 85.0625 84.75 84.125 82.6875 82.3125 81.625 80.4375 78.9375 77.8125 77.9375 78 78.1875 78.25 78.5625 78.375 78.25 77.6875 76.75 77.8125 78.6875 78.8125 79.5625 79.4375 79 79.0625 78.9375 78.1875 78.375 79 79.375 79.6875 79.5 78.6875 78.25 77.5625 77.25 76.0625 75.0625 73.3125 72.5625 71.4375 70.5625 69.3125 68.5 68.25
81.125 81 80.8125 80.25 79.6875 79.625 79.875 79.375 79 78.8125 78.5 80.1875 81.1875 82.5625 84.375 85.375 86.25 87.25 87.25 86.6875 86.125 85.5625 84.8125 83.6875 83.9375 84.125 83.9375 83.375 83.0625 81.75 81.5 80.4375 79.125 77.9375 76.6875 76.875 76.6875 76.8125 76.875 77.25 76.75 76.75 76.375 76.375 77.4375 78.1875 77.6875 78.625 79.25 79.25 78.5 79.0625 79.5625 78.875 78.875 79.3125 79.125 78.9375 78.5625 77.625 76.5625 75.875 75.25 74.125 73.1875 72.25 71.375 69.875 68.8125 67.5625 67.8125
81.625 81.3125 81 80.4375 79.875 79.75 79.5625 79.25 79 79.125 78.25 79.4375 79.375 81.3125 82.6875 84.625 85.75 87.1875 87.0625 86.6875 86.375 85.375 84.75 84.3125 83.5625 83.3125 82.9375 82.6875 82.4375 81.8125 81.1875 80.1875 78.375 78.125 76.8125 76.25 76 75.8125 75.625 75.6875 76.125 75.8125 75.5625 75.9375 76.8125 77.625 76.9375 77.5 77.9375 78.375 78.125 78.875 78.75 79.125 78.125 78.6875 79.25 79.25 78.625 77.9375 76.9375 75.875 74.8125 74.1875 73 72.0625 71.25 70.0625 69.25 67.875 67.875
81.9375 81.5 80.9375 81.0625 80.5625 79.875 79.8125 79.375 78.5 78.3125 77.9375 77.375 77 78.5625 81.375 83.3125 85.125 86.5625 86.5625 86.125 86.3125 86.25 85.375 84 83.5 82.875 82.125 81.375 81 81.0625 81.3125 80.6875 80 79.375 78.25 77.4375 76.5625 75.4375 74.9375 75 74.375 74.875 75.1875 75.5 75.875 75.75 75.625 75.875 76.875 77.3125 77.9375 78 78.5 78.4375 78.5 77.3125 77.8125 78.125 77.625 77.8125 78.1875 76.75 76.625 75.375 73.6875 73.0625 72.375 70.625 69.5 68.0625 69
83.0625 82.8125 81.25 81.25 81.5625 80.6875 80.4375 80.0625 79.4375 78.625 77.625 76.25 74.5 77 80.0625 82.3125 83.9375 85.75 86.9375 86.4375 86.25 86.0625 86 84.75 83.3125 82.0625 81.375 80.3125 79 78.9375 80 78.9375 79 78.5 77.3125 76.9375 77.4375 77.125 75.4375 75.3125 75 74.0625 74.5625 75 75.0625 74.625 75.0625 75.625 76.25 77.375 77.1875 77.6875 78 78.0625 78.625 78.6875 77.3125 77.6875 78 78.3125 77.5 77.6875 76.6875 75.75 74.5 74.125 73 71.4375 69.875 69.9375 69.75
83.875 83.3125 82.5625 81.5 81 79.8125 79.125 78.75 78.4375 77.4375 76.75 76.1875 75.875 77.6875 81.375 82.875 82.75 85.1875 86.0625 85.875 85.5625 85.5625 85.125 84.5 83.6875 82.625 80.5625 79.375 78.875 78.875 79.25 77.125 76.125 76.5625 77 76.9375 76.4375 76.125 75.5625 75.4375 75.1875 73.75 73 73.1875 73.3125 73.5 73.75 74.75 75.9375 77.625 77.625 78.0625 78.6875 79.25 79.5 79.875 79.75 78.0625 77.375 77.125 77.375 76.9375 76.125 75.625 75 73.8125 72.5625 71.3125 70.0625 69.6875 69.125
84.1875 83.9375 83 82.1875 80.75 80.125 79.5625 78.875 78.6875 77.5 76.6875 77.25 77.8125 78.8125 81.3125 82.6875 84.0625 84.625 85.75 85.9375 85.125 84.125 84 82.875 82.125 81.75 80 79 78.8125 80 80.625 80.3125 78.125 76.3125 76.1875 75.4375 74.5625 74.5625 74 73.625 73 73.6875 73.3125 73.1875 73.1875 73.625 73.8125 74.625 75.4375 75.875 76.5 77.9375 78.375 79.4375 79.8125 79.8125 79.75 79.125 77.75 76.4375 76.875 75.625 75.5 75.0625 74 73.125 72.75 70.625 69.375 69.9375 70.5
84.9375 84.0625 83.125 82.25 81.1875 79.9375 80.25 80.625 79.25 79.625 79.25 79.1875 79.375 80.3125 81.1875 82.6875 84.375 85.75 86.0625 85.375 85.6875 85.125 84.5625 83.5625 82.75 81.4375 80.8125 79.125 78.3125 78.625 78.875 79.125 78.3125 77.4375 75.875 74.9375 75 75.25 74.125 73.625 72.5 73.375 73.8125 73.1875 73.5 74.4375 73.75 74.375 74.4375 75.3125 76.4375 77.375 77.5 78.625 79.375 79.8125 79.1875 78.6875 77.9375 76 75.8125 76.625 76.4375 75.1875 73.375 72.1875 70.5625 68.8125 68.5625 69.75 69.9375
85.25 84.4375 83.4375 82.625 81.125 80.375 81.3125 81.5625 80.8125 80.0625 80.375 80.75 81.125 81.75 83.0625 84.0625 84.5 85.3125 85.0625 85.375 86.3125 86.25 84.3125 83.625 82.8125 82.0625 80 79.0625 79.375 78.75 78.9375 78.625 77.5 76.5 75.0625 74.375 75.0625 74.6875 73.6875 74.125 73.5625 72.75 71.1875 72.1875 73.4375 73.9375 75.5625 75 73.625 74.1875 75.375 76.3125 77.6875 78.4375 79.0625 79.4375 79.25 79.6875 78.3125 75.25 75.6875 76 73.9375 73.6875 73.1875 72.75 72.5625 71.8125 69.875 68.5 68.1875
85.9375 85.3125 84.125 82.75 81.0625 81.125 81.6875 81.4375 80.875 80.9375 81.1875 81.0625 81.1875 82.4375 83.375 84.0625 84.375 83.9375 84.5625 85 85.5 85.1875 85.25 84.8125 82.6875 81.5625 79.3125 77.9375 77.9375 79.875 79.25 78.3125 76.8125 76.5 74.3125 74.375 74.75 74.8125 73.75 73.875 73.8125 72.5625 73.8125 73.75 74.6875 73.5625 74.875 74.5 75.3125 74.25 74.3125 75.5 77.3125 78.8125 79.4375 79.875 79.4375 78.625 77.625 76.6875 74.1875 74.8125 76.25 75.5 75 74.5 73.8125 71.8125 71.125 71.25 69.9375
86.5625 86.125 84.3125 82.625 81.875 81.125 81.375 81.5625 81.5625 81.5625 81.625 81.1875 81.6875 82.75 83.6875 84.375 84.1875 84.0625 84.75 85 85.5 85.25 84.625 84.0625 82.3125 81.25 79.8125 78.4375 77.6875 78.375 78.5625 77.75 77.9375 77.4375 76.1875 75.75 75.1875 74.75 74.4375 74.25 73.1875 72.75 73.1875 74.4375 74.375 72.5625 73.375 72.0625 72.6875 71.625 72.3125 71.9375 73.75 76.25 77.5 77.9375 77.4375 76.3125 75.5 75.625 75.5625 75.125 75.375 74.75 74.875 74.875 73.5 72.875 72.125 70.6875 71.625
87.75 86.875 84.375 84 83.75 83.1875 82.1875 82.125 81.875 81.75 82 82.25 83.0625 83.125 83.25 83.5 84.375 85.0625 84.875 84.875 84.625 84.125 84 83.9375 82.8125 81.5 79.75 77.875 76.9375 77.125 77.5 77.125 77.3125 77.625 76.5 75.3125 75.125 74.375 74.3125 74.625 73.1875 72.75 72.5625 73.5625 73.875 74.1875 72.375 70.3125 69.5625 70.4375 72.0625 73.5625 74.375 76.625 78.5 78.5 77.375 76.3125 75.3125 75.75 76.375 76.1875 74.875 74.125 75.0625 75.75 74.5 73.8125 72.875 71.9375 71.6875
88.125 87.6875 88.125 86.8125 85.4375 84.1875 83 82.25 82.125 81.875 82.125 83.125 83.125 83.1875 83.5 83.5625 83.5625 84.5625 84.3125 83.9375 83.625 83.5625 82.9375 82.625 81.75 81.125 79.625 77.25 76.125 76.6875 77.125 77.4375 77 76.9375 75.8125 75 74.4375 73.875 72.875 72.625 71.8125 73.625 73.1875 73.5625 73 71.6875 70.5 70.3125 72.125 74.3125 75.9375 77.0625 77.375 77.6875 78.0625 77.625 76.75 75.8125 74.5625 74.5625 74.75 74.6875 75.0625 74.3125 75.5625 76.5625 76 75.625 73.8125 73.1875 71.875
88.875 89.4375 88.8125 87.4375 85.4375 84.0625 83 81.9375 81.6875 81.875 82.25 82.5625 82.875 82.1875 81.9375 82.4375 82.9375 83.3125 83.1875 82.875 83.375 83.25 82.3125 81.6875 81 79.875 78.8125 78.1875 76.0625 76.3125 75.25 75.3125 75.8125 76.5625 75.875 75.1875 74 73.25 72.875 71.875 71.75 71.375 72.1875 72.3125 69.9375 70.8125 71 72.375 74.1875 76.6875 77.5 79.625 79.375 80.625 80.0625 78.8125 77.9375 77.3125 76.5 74.3125 73.125 74 74.5625 75.1875 75.4375 76.0625 76.5625 76.625 75.75 75.25 73.625
87.125 87.1875 86.0625 86 84.5 83.5 82.3125 81.25 81.125 81.0625 82.375 82.75 81.8125 80.8125 80.75 81.375 82.25 81.9375 81.375 81.5625 81.75 81.8125 80.75 80.3125 79.4375 79 78.3125 77 76.6875 76.625 74.9375 73.6875 75.875 75.25 75.25 74.5625 74.25 73.375 73 72.125 71.5 71.9375 71.625 71.125 69.0625 69.8125 72 74.3125 76.8125 77.75 78.8125 79.8125 81.1875 81.5 81.3125 79.625 79.6875 78.8125 76.5 75.5625 73.9375 73.4375 74.125 76 77.25 76.375 76.875 76.875 77 76.0625 75
85.6875 86.25 84.75 84.125 84.125 82.4375 81.4375 81.5 81.625 81.75 81.6875 80.4375 80.375 80 79.8125 79.9375 81.1875 81.1875 81.625 81 81.9375 82.125 80.8125 79.75 80.5 78.875 78.5625 78.1875 77.0625 76.5625 75.5625 74.0625 74.1875 74.8125 75.5625 75.3125 74.875 74.625 74.1875 72.9375 72.375 70.625 68.0625 67.75 68.6875 70.6875 72.75 75.0625 76.375 78.3125 79.5625 81.0625 83.0625 82.6875 82.25 81.5 80.625 79.125 77.25 77.0625 75.4375 74.9375 73.25 74.75 76.625 77.875 77.3125 78.375 77.0625 76.125 74.5
84.9375 85.3125 84.3125 82.9375 83.375 82.4375 81.25 80.5625 80.6875 80.3125 80.75 80.125 79.125 78.125 77.75 79.5 80.4375 80.8125 81.3125 80.75 81.875 81.125 80.125 79.25 79.5 78.6875 79.1875 77.5 77.5 76.3125 75.6875 74.75 75.3125 74.375 75.9375 76.625 75.9375 74.75 75.4375 75.125 73.0625 70.5 67.6875 68 69.4375 71.9375 74.4375 75.6875 77.1875 78 79.6875 82.5 84.125 85.1875 84.8125 83.6875 82.0625 81.25 80.75 79.25 77.9375 75.125 74.4375 75 77.1875 77.625 78.875 78.5625 77.3125 76 75.6875
84.8125 84.4375 83.4375 83 83.5 82.625 80.75 80.125 79.5 78.4375 77.8125 77.875 77.5 76 76.625 77.3125 78.1875 79.625 80.25 80.3125 80.5625 79.75 78.9375 79.1875 78.875 78.3125 77.625 76.5625 75.9375 75.6875 75.8125 75.6875 74.8125 75.25 75.375 76.0625 76.0625 75.125 75.25 75.4375 74.4375 70 69.125 69.9375 70.875 72.5625 75.3125 75.6875 76.9375 77.1875 79.75 83 86.375 87.875 86.25 86.125 83.8125 81.75 80.0625 77.5625 76.125 74.3125 74.375 75.6875 77.5 78.6875 79.3125 78.625 77.3125 77 75
