input_data/future_climate/CanESM5_126/_band10_a.asc
ncols  331
nrows  193
xllcorner  17.833372883333
yllcorner  37.9999896166667
cellsize 0.1666667
NODATA_value  -9999
[rows 84 to 104 of 193, columns 276 to 321 of 331]
20.09375 20.125 20.1281261444092 20.2531242370605 19.997917175293 19.8020839691162 19.9322910308838 19.8218746185303 19.7697925567627 19.90625 19.955207824707 19.8250007629395 19.7687492370605 19.6614589691162 19.5541667938232 19.5041656494141 19.7124996185303 19.466667175293 19.3166675567627 19.1031246185303 19.15625 19.2312507629395 19.3010425567627 19.439582824707 19.4645843505859 19.4229164123535 19.6260414123535 19.5385417938232 19.4010410308838 19.326042175293 19.3583335876465 19.638542175293 19.638542175293 19.6395835876465 19.4114589691162 19.3864574432373 19.4020824432373 19.4885406494141 19.435417175293 19.439582824707 19.2927093505859 19.3510417938232 19.326042175293 19.3093738555908 19.3322925567627 19.4635410308838
19.9718742370605 20.0718746185303 20.2770824432373 20.2333335876465 19.9989585876465 19.9249992370605 19.9322910308838 19.8739585876465 19.9135417938232 20.1625003814697 20.1989593505859 19.9333343505859 19.7999992370605 19.765625 19.9677085876465 19.6375007629395 19.6947917938232 19.6833324432373 19.40625 19.3635425567627 19.4854164123535 19.6312503814697 19.732292175293 19.7906246185303 19.7916660308838 19.7958335876465 19.9729156494141 19.580207824707 19.65625 19.627082824707 19.5437507629395 19.6031246185303 19.8666667938232 19.7156257629395 19.1770839691162 19.0562496185303 19.1052093505859 19.2260417938232 19.252082824707 19.2999992370605 19.3052082061768 19.3500003814697 19.3822917938232 19.3500003814697 19.3802089691162 19.4385414123535
19.8197917938232 20.2302093505859 20.216667175293 19.7916660308838 19.701042175293 19.7604160308838 19.908332824707 19.8447914123535 19.9989585876465 20.3624992370605 20.1593742370605 19.8708343505859 19.4906253814697 19.6062488555908 20.0395832061768 20.1312503814697 19.6885414123535 19.9520835876465 19.7802085876465 19.6822910308838 19.8645839691162 19.8385410308838 19.96875 20.044792175293 20.0166664123535 19.9906253814697 20.0458335876465 19.810417175293 19.7979164123535 19.7625007629395 19.6927089691162 19.9343757629395 19.9343757629395 19.5927085876465 19.3406238555908 19.2437496185303 19.2697906494141 19.372917175293 19.439582824707 19.4656257629395 19.4895839691162 19.6187496185303 19.6677093505859 19.5364589691162 19.5697917938232 19.7000007629395
20.0968742370605 20.3062496185303 20.2020835876465 19.9906253814697 19.921875 19.9125003814697 19.9437503814697 20.0968742370605 20.1927089691162 20.279167175293 20.1833343505859 19.9135417938232 19.7302074432373 19.7135410308838 19.9437503814697 20.236457824707 20.1510410308838 20.0562496185303 20.1031246185303 20.0072917938232 20 20.1479167938232 20.1791667938232 20.1635417938232 20.2333335876465 20.142707824707 20.0562496185303 19.986457824707 19.9135417938232 19.8624992370605 19.8031253814697 20.0854167938232 20.0697917938232 19.7447910308838 19.3895835876465 19.341667175293 19.388542175293 19.4281253814697 19.6312503814697 19.6979160308838 19.7218742370605 19.6958332061768 19.7531242370605 19.7041664123535 19.7135410308838 19.794792175293
19.8947925567627 20.0114593505859 20.1489582061768 20.0864582061768 19.9656257629395 20.0666656494141 20.3895835876465 20.625 20.6489582061768 20.466667175293 20.2177085876465 20.203125 20.0166664123535 19.9927082061768 20.1625003814697 20.2843742370605 20.3093757629395 20.2916660308838 20.2374992370605 20.377082824707 20.298957824707 20.3708324432373 20.4302082061768 20.40625 20.4604167938232 20.2875003814697 20.2437496185303 20.1510410308838 20.046875 20.2197914123535 20.1010417938232 20.0270843505859 20.2583332061768 20.1677074432373 19.5531253814697 19.5031242370605 19.59375 19.6510429382324 19.7124996185303 19.7562503814697 19.7687492370605 19.7718753814697 19.7927093505859 19.7760410308838 19.8197917938232 19.7385406494141
20.0843753814697 20.2000007629395 20.2718753814697 20.3322906494141 20.4916667938232 20.5572910308838 20.7749996185303 20.7822914123535 20.6770839691162 20.5145835876465 20.314582824707 20.0812492370605 20.142707824707 20.2562484741211 20.3187503814697 20.3760414123535 20.3385410308838 20.423957824707 20.470832824707 20.4812507629395 20.5656242370605 20.5750007629395 20.5791664123535 20.5093746185303 20.4468746185303 20.5625 20.423957824707 20.357292175293 20.2781257629395 20.2291660308838 20.296875 20.1364574432373 20.2708339691162 20.2374992370605 19.783332824707 19.548957824707 19.7062492370605 19.8010406494141 19.7406253814697 19.7572917938232 19.7562503814697 19.7552070617676 19.7958335876465 19.8489570617676 19.935417175293 19.955207824707
19.9322910308838 20.1666679382324 20.3385410308838 20.4906253814697 20.5010414123535 20.7135410308838 21.048957824707 20.8760414123535 20.7687492370605 20.6062507629395 20.3447914123535 20.236457824707 20.310417175293 20.455207824707 20.439582824707 20.4052085876465 20.4937496185303 20.5666656494141 20.607292175293 20.5572910308838 20.5031261444092 20.5989589691162 20.5364589691162 20.5458335876465 20.6052093505859 20.6354160308838 20.5406246185303 20.4906253814697 20.3072910308838 20.2781257629395 20.5541667938232 20.5260410308838 20.359375 19.9854164123535 19.7260417938232 19.673957824707 19.736457824707 19.75 19.8052082061768 19.8395843505859 19.90625 19.9437503814697 20.1479167938232 20.2229156494141 20.1666660308838 20.2854156494141
20.0708332061768 20.3447914123535 20.4656257629395 20.578125 20.6187496185303 20.8822917938232 20.982292175293 20.9281253814697 20.7229175567627 20.6104164123535 20.3447914123535 20.3125 20.5343742370605 20.6437492370605 20.5593757629395 20.5260410308838 20.5666656494141 20.6312503814697 20.673957824707 20.6604175567627 20.6062507629395 20.5895843505859 20.5593757629395 20.5833339691162 20.736457824707 20.7333335876465 20.6760406494141 20.59375 20.5406246185303 20.46875 20.6906242370605 20.5947914123535 20.345832824707 20.1552085876465 20.15625 19.9885406494141 20.013542175293 20.0947914123535 20.1791667938232 20.189582824707 20.2802085876465 20.4291667938232 20.4093742370605 20.408332824707 20.5010414123535 20.5406246185303
20.122917175293 20.1947917938232 20.3604164123535 20.6656246185303 20.9854164123535 20.9541664123535 21.0531253814697 21.1781253814697 20.9624996185303 20.734375 20.5437507629395 20.5739593505859 20.7916660308838 20.7843742370605 20.7979164123535 20.7135410308838 20.6791667938232 20.7312507629395 20.8229160308838 20.8093757629395 20.7281246185303 20.7135410308838 20.6364593505859 20.7916660308838 20.9375 20.9364585876465 20.9729156494141 20.9052085876465 20.7427082061768 20.6666679382324 20.8156261444092 20.7197914123535 20.4229164123535 20.330207824707 20.2666664123535 20.252082824707 20.185417175293 20.0479164123535 20.2020835876465 20.3291664123535 20.3541660308838 20.2645835876465 20.451042175293 20.5270824432373 20.609375 20.6958332061768
20.3677082061768 20.4874992370605 20.890625 21.0270843505859 21.1499996185303 21.216667175293 21.252082824707 21.2229175567627 20.9145832061768 20.8125 20.8427085876465 20.9249992370605 20.8677082061768 20.7854156494141 20.8010425567627 20.8239574432373 20.794792175293 20.7593746185303 20.8229160308838 20.8531246185303 20.8468742370605 20.7864589691162 20.6916675567627 20.9468746185303 21.0458335876465 20.9927082061768 20.9906253814697 21.015625 20.9677085876465 20.877082824707 20.6520824432373 20.5145835876465 20.3760414123535 20.4302082061768 20.4468746185303 20.2979164123535 20.2437496185303 20.2645835876465 20.3093757629395 20.4229164123535 20.4854164123535 20.5510425567627 20.578125 20.6937503814697 20.8552093505859 20.9364585876465
20.4125003814697 20.5208320617676 20.8135414123535 21.0718746185303 21.1864585876465 21.4520835876465 21.3291664123535 21.4291667938232 21.171875 21.1833343505859 21.1708335876465 21.140625 21.0927085876465 21.0041675567627 20.9333343505859 20.9052085876465 20.9187507629395 20.9052085876465 20.90625 20.8822917938232 20.9135417938232 20.8812503814697 20.8208332061768 21.0208320617676 21.0458335876465 21.0885410308838 21.1218757629395 21.0812511444092 21.0416660308838 20.7999992370605 20.6645832061768 20.6791667938232 20.5125007629395 20.5427074432373 20.4989585876465 20.513542175293 20.435417175293 20.4468746185303 20.5552082061768 20.6364574432373 20.7593746185303 20.8177089691162 20.8875007629395 20.9614582061768 21.0979156494141 21.173957824707
20.5375003814697 20.5166664123535 20.796875 21.1312503814697 21.423957824707 21.607292175293 21.4125003814697 21.3760414123535 21.2374992370605 21.2864589691162 21.3020839691162 21.2468757629395 21.2218742370605 21.138542175293 21.1395835876465 21.1000003814697 21.0541667938232 21.033332824707 20.9187507629395 20.9458332061768 20.9437503814697 20.9791660308838 21.046875 21.1291656494141 21.158332824707 21.1968746185303 21.127082824707 21.046875 20.9541664123535 20.8843746185303 20.8895835876465 20.8739585876465 20.8406257629395 20.7041664123535 20.576042175293 20.4833335876465 20.3500003814697 20.4729175567627 20.5666675567627 20.673957824707 20.8041667938232 20.9364585876465 21.064582824707 21.140625 21.2458324432373 21.314582824707
20.6499996185303 20.640625 20.8781261444092 21.2354164123535 21.3843746185303 21.6666660308838 21.6614589691162 21.2718753814697 21.1416664123535 21.265625 21.388542175293 21.2843742370605 21.3218746185303 21.2916660308838 21.2604160308838 21.247917175293 21.154167175293 21.0552082061768 21.0083332061768 20.9510402679443 21.0260410308838 21.1656246185303 21.1958332061768 21.1812496185303 21.0843753814697 21.185417175293 21.171875 21.0729160308838 21.1791667938232 21.1416664123535 21.1218757629395 21.0677070617676 20.970832824707 20.7572917938232 20.6000003814697 20.263542175293 19.9916667938232 20.5052089691162 20.6312503814697 20.7572917938232 20.8510417938232 21.013542175293 21.154167175293 21.3374996185303 21.6010417938232 21.6614589691162
20.859375 20.7770824432373 20.8385410308838 21.2749996185303 21.5906257629395 21.6197910308838 21.7302093505859 21.7302093505859 21.5072917938232 21.314582824707 21.341667175293 21.4656238555908 21.4156246185303 21.377082824707 21.3229160308838 21.310417175293 21.2229156494141 21.1635417938232 21.1666660308838 21.1354160308838 21.1729164123535 21.28125 21.2604160308838 21.125 21.2250003814697 21.2770843505859 21.3125 21.2135410308838 21.296875 21.267707824707 21.1708335876465 21.046875 20.9312496185303 20.7979164123535 20.611457824707 20.4812507629395 20.482292175293 20.7072925567627 20.8718757629395 21.0739574432373 21.2250003814697 21.328125 21.2604160308838 21.3916664123535 21.625 21.71875
21.201042175293 20.9833335876465 21.1479167938232 21.4677085876465 21.7645835876465 21.7760410308838 21.6864585876465 21.8447914123535 21.8020839691162 21.4156246185303 21.4229164123535 21.4750003814697 21.4177074432373 21.3510417938232 21.4416675567627 21.3520832061768 21.3177070617676 21.3687496185303 21.2999992370605 21.3385410308838 21.279167175293 21.2718753814697 21.154167175293 21.1729164123535 21.2749996185303 21.2645835876465 21.1177082061768 20.6749992370605 20.8999996185303 20.9906253814697 20.9104156494141 20.955207824707 20.9281253814697 20.8031253814697 20.6166667938232 20.5052089691162 20.5062503814697 20.75 20.9302082061768 21.1531257629395 21.3468742370605 21.404167175293 21.392707824707 21.5385417938232 21.5989589691162 21.7270832061768
21.5385417938232 20.9718742370605 21.3239593505859 21.451042175293 21.5552082061768 21.7822914123535 21.9343757629395 22.0249996185303 21.8791675567627 21.4562492370605 21.3822917938232 21.455207824707 21.4489574432373 21.5062503814697 21.4885406494141 21.423957824707 21.359375 21.2999992370605 21.3812503814697 21.4458332061768 21.2760410308838 21.3135414123535 21.1593742370605 21.0625 21.0593757629395 21.0770835876465 20.921875 20.9583339691162 20.7083339691162 20.6104164123535 20.669792175293 20.8041667938232 20.8718757629395 20.8333339691162 20.763542175293 20.486457824707 20.4072914123535 20.5843753814697 20.7437496185303 20.9458332061768 21.091667175293 21.2489585876465 21.3979167938232 21.5145835876465 21.6760406494141 21.8562507629395
21.6312503814697 21.0072917938232 21.2291660308838 21.5145835876465 21.622917175293 21.8656253814697 22.0406246185303 22.017707824707 21.9302082061768 21.439582824707 21.3645839691162 21.46875 21.4885406494141 21.5895843505859 21.4729175567627 21.3489589691162 21.3406257629395 21.3479175567627 21.5031242370605 21.4177074432373 21.076042175293 21.1604156494141 20.8468742370605 20.7156257629395 20.8687496185303 20.6281242370605 20.6197910308838 20.7562503814697 20.4104156494141 20.5083332061768 20.7729167938232 20.8208332061768 20.9260406494141 20.8583335876465 20.53125 20.3604164123535 20.4406242370605 20.5239582061768 20.7124996185303 20.9322910308838 21.0229167938232 21.1343746185303 21.1864585876465 21.2374992370605 21.3979167938232 21.5499992370605
21.3531246185303 21.1593742370605 21.3020839691162 21.6375007629395 21.814582824707 21.8937492370605 21.9364585876465 22.0145835876465 21.9364585876465 21.5062503814697 21.4656257629395 21.5093746185303 21.4874992370605 21.4739589691162 21.3947925567627 21.375 21.419792175293 21.5427093505859 21.5968742370605 21.4125003814697 21.1124992370605 21.0979175567627 21.0874996185303 21.017707824707 20.9854164123535 20.9020843505859 20.7562503814697 20.5989589691162 20.5479164123535 20.591667175293 20.7583332061768 20.8187503814697 21.0125007629395 20.8541679382324 20.7562503814697 20.5437507629395 20.470832824707 20.7260417938232 20.7864589691162 20.8541660308838 20.9302082061768 21.0541667938232 21.1083335876465 21.3020839691162 21.4437503814697 21.4385414123535
21.4562492370605 21.59375 21.8010406494141 21.8374996185303 21.8833332061768 21.9927082061768 22.140625 22.247917175293 21.9895839691162 21.6135406494141 21.4947910308838 21.654167175293 21.5677089691162 21.5541667938232 21.5072917938232 21.4781246185303 21.6031246185303 21.611457824707 21.2979164123535 21.1812496185303 20.9322910308838 20.7729167938232 20.9416656494141 21.095832824707 21.033332824707 21.0593757629395 20.6916656494141 20.1187496185303 20.0406246185303 20.3916664123535 20.7374992370605 20.8395843505859 20.7104167938232 20.4270839691162 20.4781246185303 20.7072925567627 20.5906257629395 20.267707824707 19.890625 19.904167175293 20.4114589691162 20.9375 21.127082824707 21.3541660308838 21.4135417938232 21.6499996185303
21.8072910308838 21.810417175293 21.8135414123535 21.8041667938232 21.8937492370605 22.1197910308838 22.2625007629395 22.247917175293 22.2020835876465 21.8531246185303 21.611457824707 21.625 21.6312503814697 21.6447906494141 21.6218738555908 21.6604156494141 21.7135410308838 21.3354167938232 21.0322914123535 21.0458335876465 20.7156257629395 20.6364574432373 20.609375 20.7781257629395 20.7354164123535 20.6468753814697 20.2197914123535 20.033332824707 19.9718742370605 20.2718753814697 20.1927089691162 20.029167175293 20.3645820617676 19.9781246185303 20.1489582061768 20.421875 20.5 20.4427089691162 19.9260406494141 19.5687503814697 20.0666656494141 20.857292175293 21.1208343505859 21.341667175293 21.6166667938232 21.7447929382324
21.8979167938232 21.9500007629395 21.9968757629395 22.0083332061768 22.1927089691162 22.3031253814697 22.1781253814697 22.3656253814697 22.171875 21.7718753814697 21.8072910308838 21.8020839691162 21.7645835876465 21.8156242370605 21.78125 21.8093757629395 21.7927074432373 21.5906257629395 21.4343757629395 21.0750007629395 20.7041664123535 20.421875 20.8531246185303 20.9645843505859 20.7916660308838 20.5208339691162 20.185417175293 19.7999992370605 19.5614585876465 19.5562496185303 19.7604160308838 19.830207824707 20.0145835876465 20.2250003814697 20.171875 20.1281242370605 20.138542175293 20.1156253814697 20.4270839691162 20.3354167938232 20.2895832061768 20.830207824707 21.1656246185303 21.4364585876465 21.6645832061768 21.7739582061768
