input_data/future_climate/CanESM5_126/_band13_a.asc
ncols  331
nrows  193
xllcorner  17.833372883333
yllcorner  37.9999896166667
cellsize 0.1666667
NODATA_value  -9999
[rows 0 to 31 of 193, columns 142 to 212 of 331]
-9999 -9999 -9999 -9999 -9999 -9999 -9999 -9999 -9999 -9999 -9999 -9999 -9999 -9999 -9999 -9999 -9999 -9999 -9999 -9999 -9999 -9999 -9999 -9999 -9999 -9999 -9999 -9999 -9999 -9999 -9999 -9999 -9999 -9999 -9999 -9999 -9999 -9999 -9999 -9999 -9999 -9999 -9999 -9999 -9999 -9999 -9999 -9999 -9999 -9999 -9999 -9999 -9999 -9999 -9999 -9999 -9999 -9999 -9999 -9999 -9999 -9999 -9999 -9999 -9999 -9999 -9999 -9999 -9999 -9999 -9999
-9999 -9999 -9999 -9999 -9999 -9999 -9999 -9999 -9999 -9999 -9999 -9999 -9999 -9999 -9999 -9999 -9999 -9999 -9999 -9999 -9999 -9999 -9999 -9999 -9999 -9999 -9999 -9999 -9999 -9999 -9999 -9999 -9999 -9999 -9999 -9999 -9999 -9999 -9999 -9999 -9999 -9999 -9999 -9999 -9999 -9999 -9999 -9999 -9999 -9999 -9999 -9999 -9999 -9999 -9999 -9999 -9999 -9999 -9999 -9999 -9999 -9999 -9999 -9999 -9999 -9999 -9999 -9999 -9999 -9999 -9999
-9999 -9999 -9999 -9999 -9999 -9999 -9999 -9999 -9999 -9999 -9999 -9999 -9999 -9999 -9999 -9999 -9999 -9999 -9999 -9999 -9999 -9999 -9999 -9999 -9999 -9999 -9999 -9999 -9999 -9999 -9999 -9999 -9999 -9999 -9999 -9999 -9999 -9999 -9999 -9999 -9999 -9999 -9999 -9999 -9999 -9999 -9999 -9999 -9999 -9999 -9999 -9999 -9999 -9999 -9999 -9999 -9999 -9999 -9999 -9999 -9999 -9999 -9999 -9999 -9999 -9999 -9999 -9999 -9999 -9999 -9999
-9999 -9999 -9999 -9999 -9999 -9999 -9999 -9999 -9999 -9999 -9999 -9999 -9999 -9999 -9999 -9999 -9999 -9999 -9999 -9999 -9999 -9999 -9999 -9999 -9999 -9999 -9999 -9999 -9999 -9999 -9999 -9999 -9999 -9999 -9999 -9999 -9999 -9999 -9999 -9999 -9999 -9999 -9999 -9999 -9999 -9999 -9999 -9999 -9999 -9999 -9999 -9999 -9999 -9999 -9999 -9999 -9999 -9999 -9999 -9999 -9999 -9999 -9999 -9999 -9999 -9999 -9999 -9999 -9999 -9999 -9999
-9999 -9999 -9999 -9999 -9999 -9999 -9999 -9999 -9999 -9999 -9999 -9999 -9999 -9999 -9999 -9999 -9999 -9999 -9999 -9999 -9999 -9999 -9999 -9999 -9999 -9999 -9999 -9999 -9999 -9999 -9999 -9999 -9999 -9999 -9999 -9999 -9999 -9999 -9999 -9999 -9999 48 46.1111106872559 45.7142868041992 45.8125 46.25 46.25 46.4000015258789 46.4000015258789 46.4000015258789 47 -9999 -9999 -9999 -9999 -9999 -9999 -9999 -9999 -9999 -9999 -9999 -9999 -9999 -9999 -9999 -9999 -9999 -9999 -9999 -9999
-9999 -9999 -9999 -9999 -9999 -9999 -9999 -9999 -9999 -9999 -9999 -9999 -9999 -9999 -9999 -9999 -9999 -9999 -9999 -9999 -9999 -9999 -9999 -9999 -9999 -9999 -9999 -9999 -9999 -9999 -9999 -9999 -9999 -9999 -9999 -9999 -9999 -9999 -9999 -9999 50.25 50 49.375 49.25 48.375 48.5625 47.6875 47.5625 47.8125 47.9375 48.25 48.3636360168457 48.75 -9999 -9999 -9999 -9999 -9999 -9999 -9999 -9999 -9999 -9999 -9999 -9999 -9999 -9999 -9999 -9999 -9999 -9999
-9999 -9999 -9999 -9999 -9999 -9999 -9999 -9999 -9999 -9999 -9999 -9999 -9999 -9999 -9999 -9999 -9999 -9999 -9999 -9999 -9999 -9999 -9999 -9999 -9999 -9999 -9999 -9999 -9999 -9999 -9999 -9999 -9999 -9999 -9999 -9999 -9999 -9999 -9999 -9999 48.5454559326172 50.4375 50.3125 50.1875 50 48.6875 50.3125 50.0625 48.875 49 49 49.5 52.4545440673828 -9999 -9999 -9999 -9999 -9999 -9999 -9999 -9999 -9999 -9999 -9999 -9999 -9999 -9999 -9999 -9999 -9999 -9999
-9999 -9999 -9999 -9999 -9999 -9999 -9999 -9999 -9999 -9999 -9999 -9999 -9999 -9999 -9999 -9999 -9999 -9999 -9999 -9999 -9999 -9999 -9999 -9999 -9999 -9999 -9999 -9999 -9999 -9999 -9999 -9999 -9999 -9999 -9999 -9999 -9999 -9999 -9999 -9999 51 50.875 50.8125 51.25 50.875 51.375 51.1875 49.5625 49.125 49.3333320617676 49 -9999 -9999 -9999 -9999 -9999 -9999 -9999 -9999 -9999 -9999 -9999 -9999 -9999 -9999 -9999 -9999 -9999 -9999 -9999 55
-9999 -9999 -9999 -9999 -9999 -9999 -9999 -9999 -9999 -9999 -9999 -9999 -9999 -9999 -9999 -9999 -9999 -9999 -9999 -9999 -9999 -9999 -9999 -9999 -9999 -9999 -9999 -9999 -9999 -9999 -9999 -9999 -9999 -9999 -9999 -9999 -9999 -9999 -9999 -9999 55 50 50.5714302062988 50.4000015258789 49.1875 50.1666679382324 49.875 49.5999984741211 62.25 -9999 -9999 -9999 -9999 -9999 -9999 -9999 -9999 -9999 -9999 -9999 -9999 -9999 -9999 -9999 -9999 -9999 55.3333320617676 56.25 55.9166679382324 56.125 56.8125
-9999 -9999 -9999 -9999 -9999 -9999 -9999 -9999 -9999 -9999 59.6666679382324 60.9000015258789 60 59 57.5 58.25 57.75 58.5 58.125 56.875 55.875 55.3333320617676 57.75 56.75 55 -9999 -9999 -9999 -9999 -9999 -9999 -9999 -9999 -9999 -9999 -9999 -9999 -9999 -9999 -9999 -9999 -9999 -9999 -9999 -9999 -9999 49 65.5 -9999 -9999 -9999 -9999 -9999 -9999 -9999 -9999 -9999 -9999 -9999 -9999 -9999 -9999 56.25 56.1666679382324 56.3333320617676 56.25 56.3333320617676 56.875 57.375 58.1333351135254 58.375
-9999 -9999 -9999 -9999 -9999 -9999 -9999 -9999 -9999 -9999 -9999 -9999 59 59.3333320617676 61.2000007629395 60.7999992370605 60.875 62.0625 61.625 61.25 60.0625 60.3125 59.375 59.25 59.625 58.1875 56.461540222168 58 79.6666641235352 79 -9999 -9999 -9999 -9999 -9999 -9999 -9999 -9999 -9999 -9999 -9999 -9999 -9999 -9999 -9999 -9999 -9999 -9999 -9999 -9999 -9999 -9999 -9999 -9999 -9999 54.25 54.0999984741211 54.5 54.538459777832 55.2000007629395 56.6875 58.125 58.6875 57.875 57.25 58 58 58.2857131958008 58.9375 59.875 59.8125
-9999 -9999 -9999 -9999 -9999 -9999 -9999 -9999 -9999 -9999 -9999 -9999 -9999 -9999 -9999 62 60.0769233703613 62.125 64.0625 65.0625 64.375 62.3125 61.6875 61.25 60.9375 59.5 59.375 57.6666679382324 59.9000015258789 64.5999984741211 -9999 -9999 -9999 -9999 -9999 -9999 -9999 -9999 -9999 -9999 -9999 -9999 -9999 -9999 -9999 -9999 -9999 -9999 -9999 -9999 -9999 -9999 55 55 55.538459777832 55.875 56.5 56.0625 57 58.0625 58.75 59.75 59.875 59.4375 58.5 58.5625 59 59.875 61.0625 61.375 60.9285697937012
-9999 -9999 -9999 -9999 -9999 -9999 -9999 -9999 -9999 -9999 -9999 -9999 -9999 -9999 -9999 59.5 59.2000007629395 59.5 59.75 60.4375 62.4375 62.75 64.4375 64.1875 63.6875 63.1875 62.5625 61 59.9375 60.25 58 -9999 -9999 -9999 -9999 -9999 -9999 -9999 -9999 -9999 -9999 -9999 -9999 -9999 -9999 -9999 -9999 -9999 -9999 55.5 55.6666679382324 55.75 56.4375 57.8125 58.0625 58.75 58.875 58 58.6875 58.8125 59.4375 60.3125 60.125 59.3125 58.9375 58.8125 59.5 61.625 62.125 62.5 63.0625
-9999 -9999 -9999 -9999 -9999 -9999 -9999 -9999 -9999 -9999 -9999 -9999 -9999 -9999 -9999 58 58.8125 59.625 59.0625 59.125 59.3125 60.125 60.8125 60.875 61.0625 62.375 63.625 64.5 64.625 63.3125 61.1333351135254 60 -9999 -9999 -9999 -9999 -9999 -9999 -9999 -9999 -9999 -9999 61 58 55 56.3333320617676 57.5999984741211 56.7777786254883 56.9230766296387 57.125 57.5 58 58.5 59 59.125 59.25 59.3125 59.0625 59.9375 59.875 59.25 59.3125 59.4375 59.625 59.8125 59.5 60.8125 61.6875 63.0625 63.5625 64.125
-9999 -9999 -9999 -9999 -9999 -9999 -9999 -9999 -9999 -9999 -9999 -9999 -9999 -9999 -9999 57.5 57.9375 57.5625 57.75 58.125 57.9375 58.25 58.375 59.3076934814453 59.9000015258789 60.7777786254883 60.125 59.8571434020996 59.5 60.25 60.5 61 -9999 -9999 -9999 -9999 -9999 -9999 -9999 -9999 -9999 -9999 60 58.2727279663086 59.125 58.9375 59.1875 59.4375 60.0625 60.0625 59.875 59.6875 60.0625 60.9375 61 61.5 61.75 61.5625 60.875 60.6875 60.125 59.6875 59.5625 59.6875 60.5625 60.3125 61.0625 63 65 65.75 65.6875
-9999 -9999 -9999 -9999 -9999 -9999 -9999 -9999 -9999 -9999 -9999 -9999 -9999 -9999 58.3333320617676 58.3333320617676 58.5 58.4375 58.4375 58.75 58.8125 58.533332824707 58.1666679382324 58 -9999 -9999 -9999 -9999 -9999 -9999 -9999 -9999 -9999 -9999 -9999 -9999 -9999 -9999 64.7692337036133 63.461540222168 63.75 62.8125 61.6875 61.75 60.75 60.375 60.75 60.625 60.9375 61.1875 60.875 61.4375 62.375 62.125 63.1875 63.875 63.6875 63.75 63.3125 62.5 61.5 60.8125 60.0625 60.75 60.4375 60.5 62.3125 64.5625 66.375 67.6875 67.75
-9999 -9999 -9999 -9999 -9999 -9999 -9999 -9999 -9999 -9999 -9999 -9999 -9999 60 59.2000007629395 59.6875 59 59.75 59.6875 59.4375 59.1538467407227 -9999 -9999 -9999 -9999 -9999 -9999 -9999 -9999 -9999 -9999 -9999 -9999 -9999 -9999 -9999 -9999 62 64 65.375 66 66.75 66.9375 64.0625 63.3125 63.25 62.3125 62.25 62.1875 62.9375 63.5 63.6875 63.9375 64.3125 64.375 64.6875 65.0625 65.1875 64.8125 64.25 63.1875 61.75 60.9375 60.125 60.75 62.5 64.1875 66.3125 68 68.9375 69.125
-9999 -9999 -9999 -9999 -9999 -9999 -9999 -9999 -9999 -9999 -9999 -9999 -9999 61.375 60.8125 60.375 60.5625 60.9375 60.0625 60.125 60 60.3076934814453 60.625 60.75 61 -9999 -9999 -9999 -9999 -9999 -9999 -9999 -9999 -9999 -9999 -9999 -9999 64.5454559326172 64.8125 64.3125 65.625 66.9375 67.4375 67.25 66.1875 65.875 65.3125 65.3125 64.9375 64.9375 65.125 65.1875 65.25 65.4375 65.875 66.25 66.5625 67.1875 66.4375 66 64.625 63.8125 62.625 62.125 62.875 64 65.625 67.0625 68.75 69.5625 69.1875
-9999 -9999 -9999 -9999 -9999 -9999 -9999 -9999 -9999 -9999 -9999 -9999 -9999 -9999 60.25 61 60.1818199157715 60.8125 61.0625 61.25 61.5625 61.4375 61.6875 61.5 61.6428565979004 62 -9999 -9999 -9999 -9999 -9999 -9999 -9999 -9999 -9999 -9999 -9999 66.5 66.875 67.3125 67.3125 67.5625 67.5625 69.5625 69.125 68 67.75 67.1875 66.9375 66.5 66.8125 66.5625 67 67.0625 67.375 67.75 68.25 68.8125 69.125 68.375 67.375 65.6875 64.625 64.0625 64.0625 64.9375 66.125 68.1875 68.9375 69.75 69.875
-9999 -9999 -9999 -9999 -9999 -9999 -9999 -9999 -9999 -9999 -9999 -9999 -9999 -9999 -9999 -9999 -9999 62.5714302062988 62.875 63.375 63.3125 63.125 63 62.875 63.125 63 63 63 64 63.25 63 65 64.75 65.5 65 67 67.6999969482422 68.1875 68.5625 69 68.8125 69 69.0625 69.1875 69.125 68.25 67.5 67.5 67.5 67.75 68.0625 68.625 68.625 69.0625 69.125 69.9375 70.875 71.625 71.375 70.5 69.3125 67.8125 67 66.5625 66.5 66.5 67.6875 68.875 69.375 69.625 70.0625
-9999 -9999 -9999 -9999 -9999 60 60.5454559326172 60 -9999 -9999 -9999 -9999 -9999 -9999 -9999 -9999 -9999 63.9090919494629 64.1875 64.5 64.75 64.875 64.5625 64.8125 64.8125 64.625 64.375 64.375 64.75 64.5625 64.9375 65.5 66.75 67 68 68.75 69.1875 70 69.875 69.625 69.3125 69.375 70.0625 69.9375 69.625 68.625 68.5 69.125 69.4375 69.5 70.125 70.5 70.625 71.3125 72.5625 72.6875 72.875 73.1875 73.5625 72.8125 71.9375 70.9375 69.9375 69.1875 69.125 68.9375 69.0625 69.75 70.1875 70.1875 70.25
-9999 -9999 -9999 -9999 59.25 -9999 60 -9999 -9999 -9999 -9999 -9999 -9999 -9999 -9999 -9999 -9999 65.5454559326172 65.875 66.3125 66.1875 66.375 66.8125 67.1875 67.25 66.875 66.5 66.875 66.9375 66.75 67.0625 67.625 68.375 68.8125 69 69.6875 70.25 70.5 70.5625 70.25 70.25 70.625 71 71.3125 70.875 70.1875 70.0625 70.0625 70.1875 71 71.875 72.4375 72.5 72.375 72.9375 73.5625 74 73.6875 73.3125 73.25 73.0625 72.75 71.6875 70.75 70.3125 70.125 70.125 70.75 70.6875 70.9375 71.125
-9999 -9999 57 58.2666664123535 60.375 61.6875 63.0833320617676 64.5 65.625 66.625 67.75 68 -9999 -9999 -9999 68 67.7692337036133 68.25 69.5 69.5 69.9375 69.3125 69 68.9375 68.875 67.875 67.8125 68.4375 68.3125 68.375 68.25 68.4375 69.0625 69.9375 70.125 70.3125 70.875 71.5 71.8125 71.375 70.75 70.75 71.0625 71.125 71.4375 71 70.875 70.875 71.625 72.125 72.9375 73.0625 73.1875 73.6875 73.75 74.125 73.875 74.0625 74.1875 74.375 74.25 73.3125 72.8125 71.75 71.6875 71.1875 71.3125 71.375 71.6875 71.6875 72
57 57.2000007629395 58 59.6875 60.75 61.9375 62.5625 64.375 66.75 68.125 68.8125 68.0625 66.9285736083984 69 70.5 71 70.9375 71.3125 72.1875 72.0625 71.6875 70.9375 70.6875 70.0625 69.125 68.6875 69 69.25 69.5 69.3125 69.8125 69.6875 69.875 70.5625 71.0625 71.4375 71.6875 72.25 72.5 71.9375 71.9375 71.4375 71.5625 71.9375 72.5625 72.25 72.25 72.75 72.5 72.625 73.3125 73.8125 74.4375 74.5 74.75 74.5 74.6875 74.9375 74.375 74.5625 74.5 74.5 73.375 72.875 73.0625 72.5 72.125 72.125 72.25 72.5 73
57.6875 59.25 60.3125 61.5625 62.375 62.75 63.5625 64.875 66.5625 67.9375 68.875 68.625 70.5 71.625 72.3333358764648 73.3000030517578 73.9375 74.125 74.0625 73.25 72.5625 71.875 71.4375 71.0625 70.375 69.8125 70 70.25 70 70.3125 70 70.125 70.9375 71.9375 72.0625 72.625 73.0625 73.0625 73.0625 72.625 72.5 72 72.5 74.4375 74.3125 73.5625 73.375 73.6875 73.875 73.875 73.9375 74.25 74.625 74.9375 75.0625 75.375 75.0625 74.75 74.875 75 75.0625 75.125 74.6875 74.375 74.125 74.0625 73.5625 74.0625 74.875 74.9375 74.5
60 60.625 61.4375 62.8125 63.875 64.8125 65.4375 66.25 67.4375 68.4375 69.6875 70.6875 71.9375 73.3125 74.125 75.3125 76.0625 75.6875 75.1875 73.8125 72.75 72.5 72.125 71.6875 71.125 70.875 70.375 70.375 70.25 70.5 71 71.25 71.6875 72.0625 72.5625 72.5625 73 73 73 72.9375 72.25 73.0625 73.625 74.1875 75 75 74.625 74.3125 73.75 73.875 74.375 74.3125 74.0625 74.8125 75 75 74.375 75.125 75.5625 75.6875 76.3125 76.625 76.4375 75.375 74.6875 74.5 74.875 75.3125 75.8125 76.5 76.5
61.5625 62.1875 62.75 63.75 64.8125 66.3125 67.9375 69 69.875 70.625 70.875 71.75 73.5 75 75.6875 77.0625 77.25 76.625 75.8125 74.5 73.875 73.1875 72.125 71.75 71.4375 71.25 71.25 70.9375 70.8125 70.875 71.125 71.25 71.5 72.375 72.5625 73.1875 73.5625 73.1875 73.875 74.3125 74.4375 74.1875 73.875 73.9375 74.1875 73.8125 73.5 73.25 73.5625 73.8125 73.8125 74.4375 74.5625 75 75.25 75.0625 74.75 74.8125 76.0625 76.625 76.75 76.8125 76.75 75.625 75.0625 75.6875 76.375 76.625 76.9375 76.9375 77.25
63.25 63.1875 64.25 65.4375 66.125 67.4375 68.8125 70.1875 71.5 72.25 72.25 73 73.625 75.1875 76.25 77.75 77.9375 77.8125 76.6875 75.875 74.75 73.25 72.6875 72.25 72.1875 72.0625 72 71.9375 71.5625 71.625 71.5 71.9375 71.4375 72.375 73.125 74.1875 74.375 74.375 74.5 74.625 74.625 74.3125 74.5625 74.5 74.6875 74.75 74.5625 74 74 73.875 74 74.1875 74.3125 74.875 75.4375 75.875 75.9375 75.75 76.3125 76.375 76.9375 76.5 76.25 76 76.6875 76.625 76.875 76.8125 77 77 77
64.375 64.8125 65.75 66.5625 68.625 70.1875 70.875 72 73.125 73.9375 74.25 73.875 74.625 75.375 76.3125 77.3125 77.9375 78.1875 77.125 75.6875 75.375 74.3125 73.25 73 72.25 71.9375 72.1875 72.5625 72.125 71.9375 71.9375 72.4375 72.125 73.5 74.375 74.75 75 75.25 75.375 75.25 75.4375 75.375 75.5 75.75 75.8125 75.5625 75.6875 75.5 76 76.5625 76.25 75.75 75 75 76.125 76.0625 76.1875 76 76.1875 76.5 76.6875 76.75 76.75 77.25 77.5 76.9375 76.875 76.9375 76.75 76.375 76.3125
65.75 66.1875 66.875 68.6875 70.3125 71 71.9375 73 73.8125 74.375 74.0625 74.75 75.25 76 76.75 77.0625 77.3125 77.75 77.8125 76.9375 76 75.25 73.625 73.0625 72.5 71.5625 71.625 71.9375 72.0625 72.0625 72.625 73.125 74 74.125 74.1875 74.875 75.125 75.5625 75.5625 76.0625 76.6875 76.625 76.125 76.3125 76.5625 76.125 75.9375 76.3125 76.9375 77.375 78.6875 77.5 77.25 77.0625 76.9375 76.3125 76.9375 77.125 77.5 77.8125 78.125 77.8125 78.125 78.9375 78.6875 77.875 77.3125 77.125 76.875 76.9375 76.375
67 67.5625 68.0625 69.75 70.6875 71.3125 72.75 73.5625 73.875 74.375 74.8125 75.125 76 76.8125 76.9375 77 77.125 77.125 77.5 76.125 76.25 76.4375 75.4375 73.5625 72.25 71.9375 72 71.75 71.8125 72.3125 72.5625 73.375 74.375 74.75 76 76.6875 76.125 76.75 77.4375 77.375 77.1875 77.1875 76.875 76.5625 76.3125 76.4375 76.875 76.875 76.5625 77.1875 77.75 78.5 78.0625 77.3125 77.625 77.5 77.8125 79.125 79 79.1875 79.125 78.6875 78.375 78.875 78.6875 78.125 77.9375 77.8125 78 77.875 77.75
68.875 69.4375 70.75 71.1875 71.4375 72.25 72.8125 73.625 74.25 74.625 75.1875 75.75 76.375 77 77.125 77.25 77.25 77 76.9375 76.5625 76.125 75.5 74.6875 73.5625 72.4375 71.5625 71.4375 71.8125 72 72.1875 72.6875 73.25 74.5625 75.3125 75.9375 76.3125 76.125 76.3125 77.1875 77.125 77 76.5 76.875 76.5625 77.1875 77.0625 76.75 77 76.625 77.25 77.4375 78.875 78.8125 78.6875 78.4375 78.25 78.8125 79.3125 79.5 79.1875 79.5625 79.5 79.5 79.3125 78.5625 78.625 78.5 78.5 78 77.8125 78
