input_data/future_climate/CanESM5_126/_band15_a.asc
ncols  331
nrows  193
xllcorner  17.833372883333
yllcorner  37.9999896166667
cellsize 0.1666667
NODATA_value  -9999
[rows 100 to 119 of 193, columns 138 to 183 of 331]
26.5768013000488 26.442497253418 26.4337844848633 26.2302856445313 26.2451953887939 26.2009391784668 25.8062057495117 25.6228771209717 25.7929267883301 26.1853733062744 26.3425636291504 26.1084766387939 25.5747909545898 25.4412269592285 25.3549671173096 25.6746997833252 25.9853782653809 26.4195709228516 26.7912921905518 27.1299915313721 27.2626953125 27.7112922668457 27.5334968566895 27.8899211883545 27.5220413208008 27.3157444000244 25.7501392364502 25.5802001953125 25.1326313018799 24.5385398864746 24.9276714324951 24.7666893005371 25.2838954925537 25.1344318389893 25.5793704986572 24.8713703155518 24.6690349578857 25.020170211792 25.5744075775146 26.1922054290771 26.1730918884277 26.939790725708 27.9147510528564 28.5121746063232 28.7210140228271 29.0929164886475
25.8989696502686 25.8422164916992 25.9207744598389 26.1999130249023 25.8858299255371 25.7642803192139 26.1138038635254 25.8423862457275 25.9865741729736 26.1348171234131 26.0051612854004 25.5451507568359 25.1701164245605 24.5639095306396 24.2860889434814 24.4641532897949 25.2460880279541 25.83424949646 26.199893951416 26.37939453125 26.7555522918701 26.9109115600586 26.8520832061768 27.3947715759277 27.1886653900146 26.8970565795898 26.199010848999 25.0950508117676 24.0269184112549 23.7579574584961 23.9300727844238 23.71071434021 23.9506816864014 24.1217803955078 23.724889755249 23.7136859893799 23.1270713806152 23.7209453582764 23.8743286132813 24.687219619751 24.7385864257813 24.9294128417969 25.8124103546143 26.7044944763184 27.4114456176758 28.0582141876221
25.7190704345703 25.9069805145264 26.3597164154053 26.1861534118652 26.3054962158203 26.421760559082 25.9232196807861 25.6469898223877 25.5847625732422 25.3901844024658 25.3261470794678 25.1644039154053 24.6998386383057 24.4798069000244 24.2092380523682 24.4724750518799 24.8557777404785 24.9997329711914 25.3007202148438 25.7387657165527 25.8052444458008 26.2868537902832 26.8573551177979 26.7294883728027 26.5045356750488 25.8695983886719 25.0517520904541 24.6513767242432 24.8234462738037 24.4449462890625 24.2617530822754 24.0233020782471 23.2100696563721 23.0852832794189 22.8135738372803 22.5481777191162 22.3153419494629 22.1954383850098 22.4984359741211 22.3603763580322 22.0335636138916 22.3484554290771 23.1005382537842 24.0979022979736 25.8017063140869 26.6003532409668
25.3718566894531 25.6277122497559 26.4262390136719 26.3083953857422 26.5420188903809 26.0197219848633 25.5903625488281 25.5866832733154 25.4908981323242 25.3826465606689 25.2585124969482 24.9254932403564 24.5816192626953 23.60959815979 23.9750862121582 24.135160446167 24.1965961456299 24.3643646240234 24.7570648193359 25.0751514434814 25.2988605499268 25.6167221069336 25.9025764465332 26.572416305542 26.4269256591797 26.1131973266602 25.5111846923828 25.2051467895508 24.688814163208 24.5476856231689 24.6831893920898 23.9343242645264 22.9352741241455 22.523645401001 21.9231548309326 21.5175590515137 21.4354305267334 20.8275413513184 20.691219329834 20.637674331665 20.9135971069336 21.0149574279785 21.0022869110107 21.7248802185059 23.4166793823242 24.4105548858643
25.0656909942627 25.6457920074463 26.2034568786621 26.5034580230713 26.7438373565674 25.8518238067627 25.850399017334 25.5519828796387 25.2682876586914 25.1829872131348 25.0984420776367 24.8895740509033 24.543140411377 24.4137802124023 24.3401374816895 24.3749599456787 24.1832904815674 23.8156623840332 24.2031536102295 24.2289047241211 24.3538303375244 24.6800079345703 25.3587074279785 25.8029270172119 26.2855091094971 26.3449974060059 26.3984241485596 25.9249668121338 24.4693698883057 23.762523651123 23.8604927062988 23.5555858612061 22.9685001373291 22.4952774047852 21.6387176513672 21.1374187469482 20.7547245025635 20.4181537628174 20.1969566345215 19.729284286499 19.8251667022705 20.1867694854736 19.9354610443115 20.2293529510498 21.37619972229 22.1980991363525
25.5766143798828 25.5191097259521 26.1108150482178 26.2875938415527 26.0342140197754 25.9286975860596 25.2044715881348 25.0001640319824 24.9611148834229 24.9080810546875 24.7198047637939 24.9528274536133 24.6762714385986 24.2093048095703 24.2575645446777 24.1544151306152 23.8515377044678 24.0140686035156 23.7245807647705 23.6252918243408 23.5515289306641 24.2818088531494 25.091775894165 25.3947143554688 25.6940231323242 26.220874786377 26.2783756256104 25.8422050476074 25.3810005187988 24.4063587188721 23.5875339508057 22.8382606506348 22.4179649353027 21.7403182983398 21.0999870300293 20.7758140563965 20.3929328918457 19.8115348815918 19.2549533843994 19.5022563934326 19.5461864471436 19.3264827728271 19.2916698455811 19.0031394958496 19.8082389831543 20.9834976196289
25.6094818115234 25.8860149383545 25.457067489624 25.4651565551758 25.5565090179443 25.0229721069336 24.5790557861328 24.6543292999268 24.5765380859375 24.5553035736084 24.4800262451172 24.5192203521729 24.5064487457275 24.2409343719482 23.956859588623 23.8995018005371 23.4948711395264 23.470329284668 23.5605220794678 23.5142974853516 23.3459415435791 23.9328632354736 24.3993377685547 24.9174575805664 25.4836750030518 25.6380634307861 26.2057018280029 26.3771114349365 25.0387592315674 24.3917388916016 23.1269340515137 22.5331401824951 21.8131370544434 21.7505321502686 21.1724815368652 20.3635292053223 20.0853500366211 20.349853515625 20.0333404541016 20.2859878540039 19.7881336212158 19.7806625366211 18.9987354278564 19.0782451629639 20.041446685791 21.1433067321777
25.1397190093994 25.2785205841064 25.2767868041992 24.8813343048096 25.0421829223633 24.3901977539063 24.0062007904053 24.2000217437744 24.0749530792236 24.1515350341797 24.2286491394043 24.2395477294922 24.3077182769775 24.0065670013428 23.934118270874 23.6767578125 23.9579734802246 23.590503692627 23.484489440918 23.640775680542 23.7157211303711 23.9089584350586 24.3919639587402 24.9088859558105 25.592321395874 26.0358638763428 26.0256023406982 26.0406169891357 24.4773616790771 23.2558822631836 22.0335693359375 21.4546775817871 20.6970767974854 20.521821975708 20.7172679901123 20.9532146453857 21.0011615753174 21.6367797851563 21.9537925720215 21.1016235351563 20.5912418365479 19.90234375 19.7960643768311 19.787670135498 20.1227779388428 20.9281883239746
25.2071304321289 25.2741012573242 25.2566184997559 24.7179203033447 24.2029972076416 23.960973739624 23.9425430297852 23.7068634033203 23.6884269714355 24.1514663696289 24.1145038604736 23.8404293060303 23.9693908691406 23.9706211090088 23.8498668670654 24.2410182952881 23.8892517089844 23.7980213165283 23.634183883667 23.5036659240723 23.7926769256592 23.8418235778809 24.4758396148682 24.7795848846436 25.0892848968506 25.2446575164795 25.3291435241699 25.1339149475098 23.4152355194092 22.0593109130859 20.6026763916016 19.9871597290039 19.4810028076172 19.8522262573242 20.3520622253418 20.6192207336426 21.1692981719971 21.5968379974365 21.4513530731201 21.6224803924561 21.0765819549561 20.167911529541 19.910572052002 20.0603103637695 20.3486156463623 21.1172790527344
25.2651233673096 25.2539768218994 25.0415859222412 24.84375 24.3788757324219 23.8828983306885 23.535680770874 23.6919822692871 23.549388885498 23.5011367797852 23.8652019500732 23.7538661956787 23.7241115570068 23.681957244873 23.5966892242432 23.6715526580811 24.0892848968506 23.6947708129883 23.3185348510742 23.0885772705078 23.6646175384521 23.81467628479 24.2061386108398 24.2740211486816 24.798885345459 24.3856353759766 24.1872692108154 23.5810928344727 21.5811061859131 19.5546798706055 19.1763153076172 18.95969581604 18.8830814361572 19.1335506439209 19.8028450012207 20.3717918395996 20.4698638916016 20.7681369781494 21.9704341888428 22.1282329559326 21.4012985229492 20.4414176940918 19.9597663879395 20.0768737792969 20.2452659606934 21.1801948547363
25.3794689178467 25.2856464385986 25.0371723175049 25.0262203216553 24.3538551330566 23.3257713317871 23.3543529510498 23.436164855957 23.2467441558838 23.2579097747803 23.4455375671387 23.6054744720459 23.2561988830566 23.5107746124268 23.7442245483398 24.0438613891602 24.1307220458984 23.8394184112549 23.5017414093018 23.3486957550049 23.3611717224121 23.4185466766357 23.4158630371094 23.3982086181641 23.6802444458008 23.7451133728027 23.706823348999 23.1833057403564 21.3763618469238 19.454288482666 18.9200611114502 18.642786026001 18.4036903381348 18.4682903289795 19.0352554321289 19.757173538208 20.2811260223389 21.1273136138916 21.5339603424072 21.5465793609619 20.7875328063965 20.4540462493896 20.467342376709 19.9766788482666 20.480655670166 21.3255672454834
25.319751739502 25.354621887207 25.3987998962402 25.0682601928711 24.3850345611572 23.4240646362305 23.1152362823486 23.0813312530518 22.8233871459961 23.2028636932373 23.2771339416504 22.9643230438232 22.9899482727051 23.3155307769775 23.5717487335205 23.8057613372803 23.8682289123535 23.7801494598389 23.4311065673828 23.0154457092285 22.9783668518066 22.9072513580322 23.2036628723145 23.2376251220703 23.3144798278809 23.4726905822754 23.2905158996582 22.9641933441162 21.2092037200928 18.9374561309814 17.3260440826416 17.3198642730713 17.4625511169434 18.2857265472412 18.7744617462158 19.3619689941406 19.7665004730225 20.2472534179688 20.6397075653076 21.1005153656006 20.7121086120605 20.7772922515869 20.4261856079102 20.4089317321777 20.7613372802734 21.1514663696289
25.5505485534668 25.4942836761475 25.4227447509766 25.2801284790039 24.6014862060547 23.4759483337402 22.2169780731201 21.4175033569336 22.6574802398682 23.0469532012939 23.1772556304932 22.6812973022461 22.7164478302002 23.0492649078369 23.0915031433105 23.3082618713379 23.2615756988525 23.0726699829102 22.8496570587158 22.7270355224609 22.8878879547119 23.3457336425781 23.1592235565186 23.1838054656982 23.5936660766602 23.2891731262207 22.5445690155029 21.8062515258789 20.7422866821289 19.1472721099854 17.6040325164795 17.2149887084961 18.0402526855469 18.4045219421387 19.071496963501 19.4019355773926 19.7891445159912 20.3393115997314 20.5353126525879 20.4899215698242 20.535737991333 20.802640914917 20.4860439300537 20.287410736084 20.3761806488037 20.9868011474609
25.6990947723389 25.6963386535645 25.7387504577637 25.1821556091309 24.5872077941895 23.5747089385986 22.658805847168 22.3640842437744 22.7079181671143 22.4616966247559 22.6463584899902 22.5097217559814 21.9771556854248 22.39235496521 22.1853790283203 22.4675636291504 22.3712825775146 22.6460056304932 22.4686489105225 22.725040435791 23.0195770263672 23.6292304992676 23.6586055755615 23.4980564117432 22.741943359375 22.622688293457 22.4260787963867 21.4635944366455 20.4826927185059 19.2164783477783 18.2111434936523 18.7203044891357 18.9813137054443 18.828182220459 19.0544490814209 20.2079410552979 20.108865737915 20.7498188018799 20.6443290710449 20.3572235107422 20.416597366333 20.5749015808105 20.2515735626221 20.2913913726807 20.3805313110352 21.3802528381348
25.2953052520752 25.3635654449463 25.1339912414551 25.257137298584 24.8177070617676 24.7194118499756 24.5067691802979 23.7842464447021 23.4522571563721 22.7316093444824 22.6078777313232 22.4260883331299 21.8874607086182 21.932071685791 22.1599922180176 22.2333831787109 22.2914581298828 22.2141246795654 22.2870311737061 22.2341022491455 22.766788482666 23.0434627532959 23.5871467590332 22.9650993347168 22.1634140014648 22.378698348999 21.6537628173828 21.3142375946045 20.814868927002 19.6887912750244 18.5467338562012 19.3039283752441 20.1041965484619 20.0198650360107 19.8917903900146 20.3816146850586 20.7120227813721 20.9661254882813 20.9680995941162 20.9191513061523 20.909740447998 21.2205867767334 21.2590065002441 21.0897560119629 21.443826675415 21.4339694976807
24.6672382354736 25.1671028137207 25.3961162567139 25.3654727935791 25.2387752532959 25.7803211212158 25.9733543395996 25.1703052520752 23.9191875457764 23.1743793487549 22.7810859680176 22.2644424438477 22.1987953186035 22.3640289306641 22.1991901397705 21.8470611572266 21.7163772583008 21.3602657318115 21.4386711120605 21.7208461761475 22.3177967071533 22.6382732391357 22.7349433898926 22.1648559570313 22.0446109771729 22.1705684661865 21.6973266601563 21.4915981292725 20.6786956787109 20.546257019043 20.2482566833496 19.8895969390869 20.3294734954834 20.1615962982178 20.2786293029785 21.113733291626 21.0177841186523 21.1227951049805 21.6223602294922 21.8485660552979 21.9508934020996 21.8442516326904 21.9312515258789 22.0252666473389 21.7358951568604 21.8960304260254
24.7693023681641 24.6442394256592 24.9617500305176 25.2836303710938 25.3578224182129 25.8547782897949 26.1358318328857 25.9299354553223 24.5574970245361 23.1159763336182 22.2551689147949 22.4342823028564 22.1589431762695 21.9722633361816 21.7140007019043 21.4881229400635 21.2447509765625 21.5142459869385 21.6556129455566 21.3958835601807 21.7519950866699 22.4224071502686 21.7985000610352 21.9829025268555 22.1673984527588 22.0513343811035 21.9709758758545 21.6276664733887 20.9373073577881 20.9667301177979 20.0642395019531 20.5861911773682 20.8640518188477 20.6106204986572 20.7926406860352 21.2522201538086 21.6883983612061 22.4573364257813 22.5363807678223 22.9329414367676 22.929349899292 23.09739112854 23.1840534210205 22.8144664764404 22.2102813720703 21.7672729492188
23.7470016479492 23.5901985168457 23.7982444763184 23.6654872894287 24.2377471923828 24.7530937194824 24.6013298034668 24.7948226928711 23.7342395782471 22.8680515289307 22.0342540740967 21.4941806793213 22.0515480041504 21.8275604248047 21.7602615356445 21.772876739502 21.7271118164063 21.6205635070801 21.4016876220703 21.6849403381348 21.7399196624756 21.5510921478271 21.8015899658203 22.2559852600098 22.2912998199463 22.0322742462158 21.9524059295654 22.0041618347168 21.35422706604 21.0220165252686 21.7902755737305 21.8807201385498 22.0146732330322 21.8228759765625 21.1115493774414 21.6864967346191 21.6021156311035 21.640926361084 22.5591449737549 23.3983058929443 23.6561431884766 24.3318195343018 23.0194225311279 22.3209400177002 21.6191558837891 21.1889514923096
22.5067577362061 22.635347366333 22.7014503479004 22.8885688781738 23.095832824707 23.3568115234375 23.1942901611328 23.6027069091797 22.6584777832031 22.42138671875 21.7736663818359 21.3202724456787 21.7463150024414 21.8042507171631 21.7617454528809 22.2878608703613 22.0814647674561 21.7885723114014 21.8387699127197 21.6862144470215 21.7248992919922 21.5503406524658 22.0793361663818 22.0292510986328 22.0143241882324 22.0380439758301 22.6840648651123 22.6426029205322 22.8710327148438 22.7691440582275 22.0929126739502 22.0637359619141 22.0901641845703 21.5915870666504 21.4008045196533 21.3080921173096 20.763463973999 21.5684185028076 22.2811546325684 22.5274257659912 23.3867321014404 23.4897441864014 22.867862701416 22.3247127532959 21.3529891967773 20.5798091888428
22.7599830627441 22.6084175109863 22.2712059020996 22.4281826019287 22.7108116149902 22.8585090637207 22.8330173492432 21.9832630157471 22.1302642822266 22.1913928985596 21.8404502868652 21.4363269805908 21.3130359649658 21.5062160491943 22.1041488647461 22.5450096130371 22.588960647583 22.2511940002441 22.3227558135986 22.4405555725098 22.2927837371826 21.8487129211426 21.4369831085205 22.0691871643066 22.1050968170166 22.3126678466797 23.3253211975098 23.3854923248291 23.28098487854 22.2926597595215 21.6516628265381 21.6822967529297 20.9308853149414 21.1410579681396 21.0274047851563 20.7446422576904 20.4606704711914 20.7835597991943 21.1105537414551 21.639087677002 22.3765392303467 22.2122650146484 21.7953624725342 21.4053363800049 20.7136173248291 19.8471736907959
