input_data/future_climate/CanESM5_126/_band10_a.asc
ncols  331
nrows  193
xllcorner  17.833372883333
yllcorner  37.9999896166667
cellsize 0.1666667
NODATA_value  -9999
[rows 105 to 125 of 193, columns 230 to 275 of 331]
19.6260414123535 20.7250003814697 20.7531242370605 19.9635410308838 19.5822906494141 19.3083324432373 18.7145824432373 18.138542175293 18.0479164123535 18.2260417938232 19.0843753814697 19.7510414123535 19.6208324432373 19.5979175567627 20.232292175293 20.4937496185303 20.6947917938232 20.7739582061768 20.8802089691162 20.84375 20.716667175293 20.5041656494141 20.0895843505859 20.5552082061768 20.8875007629395 21.064582824707 21.0625 21.1458339691162 21.2625007629395 21.404167175293 21.5562515258789 21.5708332061768 21.622917175293 21.7541656494141 21.857292175293 21.9614582061768 21.7927074432373 21.9562492370605 22.095832824707 22.1979160308838 22.0750007629395 22.0885410308838 22.1666660308838 22.0302085876465 21.9177093505859 21.9291667938232
20.3010425567627 20.8291664123535 21.0302085876465 19.841667175293 19.9135417938232 19.1333332061768 18.794792175293 18.3427085876465 18.2020835876465 18.6552085876465 19.6864585876465 20.0104160308838 20.0927085876465 20.2083339691162 20.8656253814697 20.8156242370605 20.8333339691162 21.0281257629395 20.8250007629395 20.8666667938232 20.609375 20.189582824707 20.2895832061768 20.669792175293 21.0687503814697 21.2875003814697 21.2864589691162 21.2906246185303 21.3624992370605 21.484375 21.5520839691162 21.591667175293 21.7260417938232 21.9500007629395 21.9458332061768 21.9541664123535 21.8218746185303 21.9229164123535 22.0739593505859 22.3177089691162 22.2218742370605 22.220832824707 22.1947917938232 22.2406253814697 22.1333332061768 21.8395843505859
21.3239574432373 21.5562496185303 21.4624996185303 20.6958332061768 20.4260406494141 19.8125 19.0677089691162 18.888542175293 18.4833335876465 18.9375 19.9249992370605 20.595832824707 20.4093742370605 20.595832824707 21.1395835876465 21.1947917938232 21.1770839691162 20.9520835876465 20.7854156494141 20.7718753814697 20.7614574432373 20.6791667938232 20.6145839691162 20.3947906494141 20.8697910308838 21.1312503814697 21.2510414123535 21.3364582061768 21.372917175293 21.4427089691162 21.6958332061768 21.7927074432373 21.8125 21.7072906494141 21.84375 21.9364585876465 22.0229167938232 22.095832824707 22.1989593505859 22.2927093505859 22.330207824707 22.3562507629395 22.4114589691162 22.3479156494141 22.2885417938232 22.2270832061768
21.9500007629395 21.7260417938232 21.7312507629395 21.1489582061768 20.4583339691162 19.919792175293 19.625 19.6812496185303 19.1375007629395 19.4249992370605 20.0364589691162 20.9208335876465 20.9031257629395 20.9479160308838 21.2072906494141 21.3447914123535 21.3479175567627 21.0562496185303 21.0625 20.9812507629395 20.951042175293 20.9947910308838 20.7541656494141 20.6437492370605 20.8781242370605 20.9677085876465 20.9812507629395 21.0770835876465 21.294792175293 21.4489593505859 21.6031246185303 21.8041667938232 21.875 21.7770843505859 21.8510417938232 21.923957824707 21.904167175293 22.0322914123535 22.2020835876465 22.3093757629395 22.3843746185303 22.46875 22.502082824707 22.515625 22.5375003814697 22.6010417938232
22.4968757629395 22.2260417938232 22.3739585876465 21.7760429382324 20.7979164123535 21.1166667938232 20.8208332061768 20.28125 20.3760414123535 20.279167175293 20.7427082061768 21.252082824707 21.3322906494141 21.3843746185303 21.3916664123535 21.2770843505859 21.2822914123535 21.0531253814697 21.017707824707 20.8854160308838 20.7145843505859 20.4770832061768 20.2270832061768 20.0010414123535 20.0656242370605 20.1520824432373 20.2041664123535 20.4145832061768 20.5218753814697 20.8354167938232 21.0593757629395 21.2625007629395 21.4072914123535 21.3895835876465 21.3822917938232 21.4541664123535 21.5968742370605 21.6645832061768 21.7885417938232 21.9447917938232 22.0187492370605 22.0583343505859 22.1593742370605 22.2156257629395 22.2354164123535 22.2593746185303
22.7260417938232 22.7104167938232 22.747917175293 21.9406242370605 21.6958332061768 21.544792175293 21.4458332061768 20.7489585876465 20.9947910308838 20.390625 20.7250003814697 21.2875003814697 21.4718742370605 21.4364585876465 21.470832824707 21.1677093505859 21.3333339691162 21.2437496185303 21.1468753814697 20.7437496185303 20.5208339691162 20.421875 20.2604160308838 20.1927089691162 20.3687496185303 20.4697914123535 20.3635425567627 20.3843746185303 20.5531253814697 20.8072910308838 21.0104160308838 21.2593746185303 21.4489574432373 21.4791660308838 21.4677085876465 21.4885406494141 21.6145839691162 21.6885414123535 21.7562503814697 21.8999996185303 22.0062503814697 22.064582824707 22.0708332061768 22.1260414123535 22.1468753814697 22.2250003814697
23.0989589691162 22.9156246185303 22.828125 22.5125007629395 22.5625 22.2447910308838 21.8062496185303 21.5354175567627 21.357292175293 20.8020839691162 21.0062503814697 21.5229167938232 21.5697917938232 21.6104164123535 21.7250003814697 21.7885417938232 21.6364574432373 21.421875 21.2312507629395 21.0249996185303 20.7489585876465 20.4770832061768 20.5062503814697 20.6166667938232 20.5947914123535 20.5635414123535 20.5104160308838 20.7447910308838 20.9729175567627 21.0520839691162 21.2041664123535 21.4541664123535 21.5510406494141 21.609375 21.658332824707 21.7687492370605 21.8354167938232 21.8427085876465 21.96875 22.1083335876465 22.2041664123535 22.3312492370605 22.4145832061768 22.4906253814697 22.5145835876465 22.5989589691162
23.3500003814697 23.294792175293 23.2135410308838 23.0093746185303 22.9312496185303 22.78125 22.4114570617676 21.9447917938232 21.8031253814697 21.2218742370605 21.2072906494141 21.8583335876465 22.0864582061768 21.7927093505859 21.9562492370605 21.9854164123535 21.8999996185303 21.8020839691162 21.4177093505859 21.283332824707 21.1479167938232 21.048957824707 20.8541679382324 20.4322910308838 20.6875 20.6968746185303 20.783332824707 21.0822925567627 21.2697925567627 21.4093742370605 21.5302085876465 21.6520843505859 21.7718753814697 21.8583335876465 21.7895832061768 22.029167175293 22.2749996185303 22.2749996185303 22.3187503814697 22.4187488555908 22.578125 22.7562503814697 22.8166656494141 22.8812503814697 22.8531246185303 22.9322910308838
23.2999992370605 23.6416664123535 23.5708332061768 23.060417175293 23.1885414123535 23.109375 23.125 22.7385406494141 22.2770843505859 22.0239582061768 21.939582824707 22.1447906494141 22.3125 22.4645843505859 22.404167175293 22.234375 22.1187496185303 22.0427074432373 21.9593753814697 21.765625 21.609375 21.455207824707 21.252082824707 21.0906257629395 21.0458335876465 21.0052089691162 20.9947910308838 21.2312507629395 21.3843746185303 21.4489593505859 21.5458335876465 21.7083339691162 21.9260406494141 22.0145835876465 22.1479167938232 22.341667175293 22.2739582061768 22.6281261444092 22.7250003814697 22.8656253814697 22.888542175293 22.8958339691162 22.9656257629395 22.9583339691162 23.002082824707 23.1218757629395
23.4010410308838 23.7572917938232 23.7395839691162 23.1354160308838 22.8364582061768 22.9187507629395 23.2531242370605 23.0281257629395 22.8802089691162 22.6968746185303 22.8385410308838 22.689582824707 22.642707824707 22.5364589691162 22.5822925567627 22.6520824432373 22.486457824707 22.4760417938232 22.2114582061768 21.8833332061768 21.7531242370605 21.6197910308838 21.3864593505859 21.4854164123535 21.466667175293 21.4291667938232 21.4312496185303 21.5531253814697 21.4739570617676 21.7406253814697 21.8229160308838 22.0833339691162 22.2291679382324 22.2864589691162 22.3833332061768 22.5874996185303 22.7895832061768 22.8708343505859 22.9031257629395 22.8760414123535 22.8677082061768 22.8552074432373 22.888542175293 22.9833335876465 23.1208324432373 23.3333339691162
23.6468753814697 23.6104164123535 23.7291679382324 23.6291656494141 22.9010410308838 22.8406257629395 23.1614589691162 23.0187492370605 22.5302085876465 22.0458335876465 22.0874996185303 21.970832824707 22.2312507629395 22.15625 22.4458332061768 22.7104167938232 22.6979160308838 22.6593742370605 22.5479164123535 22.4937496185303 22.3666667938232 22.0718746185303 21.6791667938232 21.5906257629395 21.6260414123535 21.7562503814697 21.8385410308838 21.8666667938232 21.8812503814697 22.033332824707 22.3645839691162 22.4416675567627 22.4093742370605 22.5770835876465 22.7645835876465 22.9489574432373 22.9489574432373 22.9833335876465 23.0062503814697 22.9437503814697 23.1364593505859 23.388542175293 23.4125003814697 23.2072925567627 23.326042175293 23.5499992370605
24.0833339691162 24.283332824707 24.2291660308838 23.9437503814697 23.2541675567627 22.966667175293 22.9322910308838 22.6208343505859 22.5 22.4583339691162 22.1770839691162 21.8968753814697 21.9312496185303 22.127082824707 22.6937503814697 22.904167175293 22.9031257629395 22.8739585876465 22.7104167938232 22.7583332061768 22.7270832061768 22.3791675567627 22.0927085876465 21.830207824707 21.8791675567627 22.0625 22.1677074432373 22.1010417938232 21.783332824707 22.3385410308838 22.5166664123535 22.5166664123535 22.6281242370605 22.7999992370605 22.9958343505859 23.2270832061768 23.267707824707 23.4770832061768 23.5906257629395 23.4135417938232 23.4125003814697 23.7468757629395 23.796875 23.6635417938232 23.8864574432373 23.8968734741211
23.8552074432373 24.201042175293 24.1499996185303 24.1760406494141 24.064582824707 23.2958335876465 22.9333343505859 23.0927085876465 23.0677089691162 22.7937507629395 22.46875 22.3052082061768 22.3364582061768 22.4437503814697 22.9520835876465 23.138542175293 23.0218753814697 23.0125007629395 22.7822914123535 22.7708339691162 22.7552089691162 22.5729160308838 22.3510417938232 22.4177093505859 22.451042175293 22.390625 22.4833335876465 22.5968742370605 22.607292175293 22.7697906494141 22.8843746185303 22.7854175567627 22.997917175293 23.1375007629395 23.2916660308838 23.5375003814697 23.779167175293 23.8968753814697 23.9260406494141 23.8197917938232 23.861457824707 24.1208324432373 24.169792175293 23.9333343505859 24.2416667938232 24.3947906494141
23.955207824707 23.8354167938232 23.9187507629395 23.9635410308838 23.9447917938232 23.9322910308838 23.5052089691162 23.470832824707 23.0437507629395 22.7427082061768 22.5708332061768 22.7177085876465 22.4802074432373 22.611457824707 22.9312496185303 23.1802082061768 23.1989574432373 23.2177085876465 22.9343738555908 22.9520835876465 22.9479160308838 22.9343757629395 22.90625 22.9093742370605 22.9479160308838 23.0145835876465 23.0499992370605 23.0208339691162 23.127082824707 23.0708332061768 23.2687492370605 23.2604160308838 23.3854160308838 23.4833335876465 23.6000003814697 23.7427082061768 23.9343757629395 24.1375007629395 24.2562503814697 24.279167175293 24.2854175567627 24.4937496185303 24.4833335876465 24.4208335876465 24.703125 24.752082824707
24.2552089691162 24.140625 23.8541660308838 23.767707824707 23.7218742370605 23.8614597320557 23.7927093505859 23.6072902679443 23.3468761444092 23.2218742370605 22.8010425567627 22.59375 22.6927070617676 22.7552089691162 22.9781246185303 23.1989574432373 23.201042175293 23.298957824707 23.0864582061768 23.1156253814697 23.2104167938232 23.252082824707 23.3239574432373 23.4406242370605 23.3364582061768 23.3083343505859 23.3239593505859 23.3229160308838 23.4249992370605 23.4874992370605 23.4874992370605 23.5885410308838 23.654167175293 23.71875 23.919792175293 24.0708332061768 24.0979156494141 24.2458343505859 24.5114593505859 24.6187496185303 24.6708335876465 24.8395843505859 24.8270835876465 24.9114589691162 25.09375 25.1958332061768
24.419792175293 24.1666679382324 24.173957824707 23.9697914123535 23.6479167938232 23.6770820617676 23.8166675567627 23.78125 23.5114593505859 23.3812503814697 23.0437507629395 22.8645839691162 23.0093746185303 23.1968746185303 23.1749992370605 23.2218742370605 23.1864585876465 23.4145832061768 23.0770835876465 23.1312503814697 23.2687492370605 23.3197917938232 23.53125 23.7177085876465 23.7531242370605 23.6531257629395 23.6614589691162 23.6937503814697 23.6749992370605 23.7104167938232 23.6781253814697 23.7625007629395 23.9697914123535 24.2020835876465 24.4114589691162 24.5406246185303 24.6052074432373 24.6729164123535 24.7083339691162 24.955207824707 25.0520839691162 25.1187496185303 25.2270832061768 25.3187503814697 25.4624996185303 25.5729160308838
24.5145835876465 24.4833335876465 24.1666660308838 24.09375 23.9072914123535 23.7468757629395 23.935417175293 24.0208339691162 23.841667175293 23.529167175293 23.3958339691162 23.1083335876465 23.171875 23.3583335876465 23.5541667938232 23.4770832061768 23.4156246185303 23.497917175293 23.2729167938232 23.263542175293 23.4052085876465 23.5520839691162 23.7916660308838 24.0260410308838 23.984375 23.9614582061768 24.0010414123535 24.0083332061768 23.997917175293 23.9718742370605 24.0031242370605 24.1979160308838 24.4541664123535 24.6010417938232 24.6958332061768 24.8197917938232 24.9593753814697 24.9656257629395 24.9718742370605 25.1625003814697 25.252082824707 25.4541664123535 25.546875 25.671875 25.6916675567627 25.8489589691162
24.3427085876465 24.4125003814697 24.4052085876465 24.0583343505859 23.9249992370605 23.9010410308838 24.0885410308838 24.080207824707 23.9604167938232 23.8156242370605 23.5614585876465 23.388542175293 23.6031246185303 23.763542175293 23.7781257629395 23.685417175293 23.6239585876465 23.3697910308838 23.2729167938232 23.3385410308838 23.5083332061768 23.747917175293 23.9947929382324 24.1760406494141 24.1302089691162 24.1687507629395 24.2625007629395 24.3291664123535 24.377082824707 24.435417175293 24.46875 24.5145835876465 24.625 24.7739582061768 24.9333343505859 25.1302089691162 25.2760410308838 25.2906265258789 25.357292175293 25.3854179382324 25.5052089691162 25.7697906494141 25.8229160308838 25.8843746185303 26.0072917938232 26.0093765258789
24.529167175293 24.4500007629395 24.4468746185303 24.3968734741211 24.2749996185303 24.2270832061768 24.1843757629395 24.310417175293 24.2218742370605 24.1104164123535 23.8072910308838 23.7687492370605 23.9406242370605 23.9187507629395 23.8958320617676 23.7145843505859 23.5218753814697 23.3833332061768 23.4781246185303 23.5729160308838 23.5510425567627 23.7718753814697 24.0614585876465 24.3093757629395 24.4468746185303 24.5249996185303 24.6302089691162 24.6947917938232 24.7614574432373 24.7645835876465 24.796875 24.8708324432373 24.9500007629395 25.0083332061768 25.095832824707 25.2822914123535 25.4177093505859 25.4874992370605 25.5302085876465 25.5 25.7895832061768 25.8520832061768 25.8666667938232 26.0677089691162 26.0208339691162 26.234375
25.1354160308838 24.9479160308838 24.7541675567627 24.8395843505859 24.6312503814697 24.6364574432373 24.4489593505859 24.4072914123535 24.3999996185303 24.3083343505859 24.3020820617676 23.9833335876465 23.857292175293 23.9260406494141 23.9447917938232 23.877082824707 23.6031246185303 23.5249996185303 23.6218757629395 23.689582824707 23.7875003814697 23.9166660308838 24.2072925567627 24.4614582061768 24.6604156494141 24.7937507629395 24.8968753814697 24.8791675567627 24.953125 25.046875 25.142707824707 25.2510414123535 25.2895832061768 25.3114585876465 25.3520832061768 25.5656242370605 25.6625003814697 25.6625003814697 25.6572914123535 25.8239574432373 25.9614601135254 26.03125 26.1166667938232 25.9874992370605 26.2854156494141 26.1802082061768
25.2229156494141 25.220832824707 25.2333335876465 25.09375 24.8229160308838 24.9572906494141 24.7625007629395 24.7718753814697 24.861457824707 24.8354167938232 24.6364574432373 24.2781257629395 24.173957824707 24.2114582061768 24.2260417938232 23.935417175293 23.9937496185303 23.8968753814697 23.9104156494141 23.8999996185303 24.0260410308838 24.2385406494141 24.4614582061768 24.7145843505859 24.939582824707 25.0739593505859 25.1677093505859 25.1031246185303 25.296875 25.453125 25.4697914123535 25.5364570617676 25.5354156494141 25.5218753814697 25.6937503814697 25.8229160308838 25.7666664123535 25.7770843505859 25.9458332061768 26.0739574432373 26.1124992370605 26.1291656494141 26.3187503814697 26.2083339691162 26.3135414123535 26.2333335876465
