input_data/future_climate/CanESM5_126/_band19_a.asc
ncols  331
nrows  193
xllcorner  17.833372883333
yllcorner  37.9999896166667
cellsize 0.1666667
NODATA_value  -9999
[rows 90 to 119 of 193, columns 0 to 68 of 331]
-9999 -9999 -9999 -9999 -9999 -9999 -9999 -9999 -9999 -9999 -9999 -9999 -9999 -9999 -9999 -9999 192.666656494141 190.16667175293 187 -9999 170.857147216797 167.1875 163.3125 163 163.625 162.4375 158.5 154.125 146.25 138.6875 133.8125 129.8125 126.9375 124.5625 123.875 121.25 120.5 119.25 118 116.3125 116.0625 118.3125 120.6875 126.125 130.9375 135 135.6875 136.8125 137.875 142.5625 148.3125 145.9375 141.75 137.0625 132.375 129.0625 125.9375 124.125 124.0625 124.5625 126.125 128.75 132.375 138.1875 140.3125 142.625 141.5625 140 137.1875
-9999 -9999 -9999 -9999 -9999 -9999 -9999 -9999 -9999 -9999 -9999 -9999 183.833343505859 189.08332824707 192.846160888672 194.692306518555 195.533340454102 191.66667175293 182.555557250977 174.125 167.933334350586 162.125 157.625 156.75 155.875 153.375 149 143 135.875 130.125 126.1875 124.9375 123.5 122.5625 123.25 124.625 124.875 122.375 121.0625 120.8125 121 122 125.4375 130.4375 134.125 135.625 135.8125 136.625 139.3125 140.625 143 144.1875 141.125 138.5 132.75 128.9375 126.1875 124.5625 124.625 124.875 126.1875 129.125 133.1875 137.5 141.625 142.75 141.25 139.3125 136.625
143.625 142.1875 142.0625 140.230773925781 138.800003051758 139 -9999 -9999 -9999 -9999 -9999 -9999 177.142852783203 181.66667175293 187.5625 193 196.9375 190.5 178.875 171.5 164.3125 157.0625 151.625 148.125 145.125 142 138.875 133.1875 126.875 120.75 118.25 118.6875 119.3125 119.625 121.4375 124.5 125.5625 124.5 124.4375 125.75 126.375 128.5625 130 133.875 136.5 136.5 135.9375 137 136.5625 137.5 137.75 139.0625 138.0625 135.0625 130.125 126.625 123.875 122.625 123.3125 124.3125 126.3125 130 133.5625 137.0625 139.25 140.9375 141.5625 139.1875 135.9375
145.8125 143.8125 144.6875 140.5 137.33332824707 139 -9999 -9999 -9999 -9999 -9999 161.800003051758 167.625 171.916656494141 177.285705566406 181.5625 185.8125 179.6875 170.75 162.875 155.875 148.5 141.5625 137.3125 134.1875 130.875 127.5 122.875 119.125 116.25 114.4375 115.1875 116.1875 117.625 119.9375 122.75 123 124.3125 126.3125 129.5 130.4375 131.75 133.1875 135.8125 138.625 139.375 137 134.8125 133.375 133.3125 133.8125 134.375 134.3125 130.3125 127.3125 124.4375 121.375 120.9375 122.375 123.875 127.5625 130.4375 133.25 135.8125 138.25 139.3125 139.3125 137 135.1875
148.3125 147.8125 149.375 145.4375 136.846160888672 130.66667175293 132 134 136.75 141.16667175293 148.444442749023 153.642852783203 160.75 169.875 174.125 176.375 172.375 167.125 157.9375 150.125 145.25 137.25 129.75 126.375 125.3125 121.875 121 119.625 118 118.5 118.0625 115.5625 115.125 116.4375 117.75 120.375 122.125 125.9375 129.0625 129.5625 131.6875 132.125 133.625 135.1875 136.5625 137.4375 135.8125 132.125 129.1875 130.6875 133.3125 132.6875 130.125 126.625 123.5625 120.3125 117.4375 118.8125 122.125 125.1875 128.75 131.0625 133.1875 135.4375 136.6875 138.25 138 136.8125 134.1875
143.75 144.3125 145.375 142.4375 132.375 127.125 128.5625 130.5 132.600006103516 139.846160888672 150.4375 147.3125 153.1875 159.4375 161.9375 163.5625 158.125 150.875 141.5625 132 124.3125 116.5 114.375 115.25 114.75 115.6875 117.875 117.4375 116.3125 116.5625 114.5625 114.75 114.3125 115.4375 117 118.3125 121.625 124.8125 127.8125 129.6875 130.9375 133.125 134.875 135.75 136.5 136.5625 135 132.4375 130.4375 131.875 132.3125 133 131.0625 127.4375 123.5625 119.6875 114.8125 119.125 125.4375 126.9375 127.625 128.75 130.6875 133.5625 135.125 136.1875 135.1875 133.0625 132.0625
131.5625 133.8125 134.5 133.875 127.75 124 123.125 124.8125 125.5 128.5 136.0625 140.9375 145.625 145.375 147.1875 145.8125 143.5625 138.625 130.25 117.5 105.125 97.875 101.9375 105.1875 107.625 109.8125 109.8125 111.8125 110.5625 110.6875 110.125 109.3125 111.125 112.625 114.0625 116.1875 119.375 122.3125 125.1875 127.3125 129.875 132.625 134.625 135.4375 136.0625 136.5 136.0625 133.75 132.75 131.8125 130.6875 130.375 131.4375 128.9375 124.9375 123.75 120.8125 124.25 128 128.75 128 128.125 129.3125 130.8125 132.5 133.625 133.75 132.8125 130.5625
122.5 123.6875 124.5 124.3125 122.5 119.875 118.9375 123.375 125.75 127.3125 134.125 137.75 139.75 138.9375 138.8125 135.75 133.6875 126.9375 120.0625 109.9375 99.9375 94.4375 94.625 97.75 100.875 103 103.6875 104.6875 105.375 106.75 106.1875 107 108.5625 109.625 111.75 113.4375 117.375 120.4375 123.4375 125.5625 128 130.6875 132.75 134.5 135.8125 136.8125 136.375 136.125 136.6875 134.1875 132.125 130.125 127.3125 127.0625 126.6875 126.75 127.375 130 131.6875 128.625 126.0625 125.0625 126.1875 127.8125 130.1875 132.625 133.375 130.6875 128.5
115.75 117.875 118.1875 118.25 118.1875 115.875 115.1875 120.75 123.3125 125.625 126.5625 128.5625 128.9375 128 127.375 124.9375 121.4375 116 110.25 103.3125 96.375 92.1875 90.8125 92.6875 95.125 97.125 100.375 100.6875 101.9375 103.25 104.1875 105.5625 107.3125 109.4375 113.25 115.5625 117.125 118.875 120.3125 122.8125 126.0625 129 130.8125 133.1875 136 137.75 139.0625 141.9375 141.75 136.9375 132.8125 129.75 127.75 126.8125 127 127.5 128.875 131.1875 131 127.0625 123.5625 120.75 121.5 124.1875 127.4375 130.4375 130.875 128.5625 126.125
110.75 113.9375 113.9375 113.0625 111.25 107.875 113.5 116.375 118.1875 118.8125 119.9375 121.6875 127.625 123.625 122.0625 117.8125 113.1875 107.3125 102.9375 98.5625 93.25 90.25 89.5625 90.4375 92.25 95.6875 97.375 98.8125 99.3125 101.75 103.0625 105.1875 109.5 111.0625 113.375 114.9375 116.8125 117 118.125 119.875 123.6875 126.9375 129.625 132.3125 136.125 138.375 140.875 147.6875 146.8125 138.625 132.4375 128.0625 125.0625 124.25 124.5 124.9375 125.6875 127.4375 126.375 123.5625 119.875 115.625 116.6875 120.625 124 126.375 126.5 125.8125 123.625
107 108.875 108.875 104.6875 103.875 104.625 110.1875 111.25 111.5 113.875 115.8125 117.5 120.25 118.25 116.375 111.6875 106.375 101.25 97.125 93.3125 90.1875 87.9375 87.0625 87.75 90.5 93.375 96 95.8125 97.3125 101.625 103.5 105.3125 108.6875 110.8125 113.125 115.625 114.5 115.1875 116.125 116.3125 118.625 123.0625 126.75 130.9375 137.0625 140.625 140.6875 142.25 140.5625 134.8125 130.625 127.125 125.125 122.1875 122.6875 123.5 124.625 124.8125 123.625 121.4375 117.1875 114.875 116.6875 119.25 121.875 123.25 123.5 122.6875 121
105.75 105.9375 102.5 102.125 103.1875 104.125 105.375 106.875 107.75 109.1875 110.125 112.125 110.9375 109.6875 106.75 104.4375 100.1875 97.5625 93.125 89.4375 87 86.0625 84.875 86 88.125 91.4375 94.3125 94.5 96.0625 99.625 101.6875 105.5 107.0625 109 111.4375 113.125 114.375 115.5625 115.4375 115.4375 118.3125 122.4375 127.125 131.5625 136.4375 139.5 138.4375 136.6875 133.5 129.8125 127.5 125.6875 123.6875 123.4375 123.75 123.8125 124.4375 124.125 122.5 120.9375 118.9375 118.5 118.5 119.6875 121.6875 122.1875 122.4375 121.125 120.9375
100.4375 100.625 98.9375 97.8125 98.4375 99.5625 101.125 102.625 104.8125 106.125 107.25 106.5625 105.5625 102.625 99.25 98.125 96.125 94.3125 89.625 86.3125 84.6875 83.8125 84 85.8125 88.1875 90.4375 91.375 94.125 97.25 99.75 101.6875 104.875 107.75 110.375 111.75 112.8125 113.5 115.5625 115.1875 115.125 118.5625 122.375 126.0625 133.0625 136.375 136.1875 134.25 131.0625 126.5625 123.875 123.9375 124 123.4375 123.375 123.1875 123.8125 124.25 124.3125 123.25 122 121.375 120.375 120.75 121.5625 122.125 122.25 122.75 121.6875 120.8125
100.5 99.5 98.5 97.125 96.5 96.125 98.125 100.8125 102.8125 103.3125 102.9375 101.9375 100.1875 98.4375 95.9375 94.1875 92.6875 90.25 86.8125 84.125 83 82.875 83.75 85.375 87.5625 89.4375 91.5625 94.5625 98.5625 101.4375 103.625 106 108.5625 111 113.0625 113.0625 113.375 114.0625 114.8125 116.125 117.3125 120.875 124.25 129.4375 132.3125 132.375 129.9375 126.5625 123.8125 121.125 120.5625 121.3125 121.1875 121.375 122.3125 122.9375 124.75 125.125 124.625 124.25 123.8125 123.4375 123.1875 122.875 123 123 122.625 121.9375 122.5
99.8125 98.625 97.0625 96.5 96.0625 97.3125 96.5 98.1875 100.25 100.5 100.625 100.75 99.0625 96.5625 94 91.625 89.4375 87.0625 84.5 82 81.3125 81.375 83.125 84.8125 86.0625 87.9375 90.4375 93.875 98.375 101.5625 105.1875 108.5 111 114.6875 115.0625 114.75 114.5625 114 114 114.75 116.875 119 122.5625 126 127.5625 127.625 125.625 124.25 121.625 120.5 119.1875 119.3125 119.5 119.9375 120.6875 122.4375 124.375 125.8125 126.75 127.75 128.125 128.5 127.375 126.375 125.625 123.875 123.3125 124.25 123.5625
98 97 96.6875 95.75 96 96 95.375 95.5 95.625 97 97.1875 98.3125 98.5 96.625 94 92.3125 87.8125 85.5 83.25 81.1875 81.5 81.875 82.3125 83.1875 85.625 87.8125 90.25 92.9375 98.5 103.1875 106.625 110 114.4375 116.75 116.1875 115.4375 114.8125 113.9375 114 114.625 116.6875 118.8125 121.3125 123 123.9375 123.875 123.125 121.4375 119.125 118.25 117.5 117.1875 117.875 119.125 121.375 123.3125 126.1875 128 130.875 132.625 133.0625 132.1875 131 129.0625 127.6875 125.75 125.8125 125.5625 124.4375
97.3125 97 96.25 95.625 96.25 96 97.375 98 97.75 97.125 96.75 95.5 92.9375 92.9375 92.25 91.25 87.75 85.0625 82.375 81.625 82.8125 82.75 83.875 85.5 86.75 88.4375 91.4375 95 97.875 102.5625 106.125 111.1875 115.4375 118.8125 117.25 115 113.3125 113 113.0625 113.0625 114.625 118.3125 119.75 120.8125 121.4375 121.6875 120.9375 118.75 117.0625 115.3125 115 116.125 117.125 118.3125 121.3125 124.4375 128.1875 131.25 134.4375 138.0625 138.9375 137.1875 133.125 130.4375 129.3125 128.125 127.125 126 125.5625
95.125 95.3125 95.125 94.75 96.0625 96.375 97 97.75 97.3125 96.3125 95.0625 94.1875 93.25 91.625 91.3125 90.875 91 90.75 91.5 88.3125 87.0625 85.625 87.3125 89.125 87.4375 88.1875 89.875 94.8125 99.375 103 107.6875 110.375 112.125 111.875 111.625 112.3125 111.5 111 111.625 112.8125 114.0625 116.875 118.3125 119 119.125 119 117.875 116.8125 114.8125 113.8125 113.875 115.875 117.0625 118.625 121.9375 125.125 130.125 134 138 141.3125 143.125 139.0625 134.6875 132.1875 129.5 129.25 128.5 126.375 126.625
94.3125 94.5625 96.0625 97.3125 96.25 95.625 95.6875 95.75 94.875 93.875 93.6875 92.75 91.6875 91.25 92.125 93.375 95.0625 96.125 96.4375 93.3125 88.625 88.3125 88 88.625 87.1875 88.1875 90.1875 93.75 98 102.25 106.75 110.0625 107.8125 103.125 100.6875 106.1875 107.6875 108.3125 109.3125 110.75 113.3125 116.1875 118 118.1875 118.25 117.75 117 115.875 115.375 114.5 115.5 116.625 117.9375 120.5625 123.4375 127.6875 132.375 136.125 139.5625 142.375 143.4375 139.125 134.9375 132.25 130.5 130 129.375 129.0625 128.1875
94.8125 95.5 97.0625 99.6875 98.4375 97.625 97.6875 96.4375 96.875 97.25 96.5625 95.3125 96.6875 95.3125 95.375 98.75 100.6875 100 97.4375 94.8125 90.3125 88.3125 88.1875 88.6875 89.1875 89.375 90.375 92.75 95.875 99.375 104 106 102.75 98.125 96.25 99.3125 103.3125 105.875 108.375 110 112.625 114.625 116.8125 118.0625 118.375 117.625 117.125 117.3125 117.6875 117.1875 116.8125 117.5625 119.5 121.875 125.1875 129.3125 133.75 136.375 139.0625 140.375 140 136.3125 132.0625 130.4375 130.25 130.3125 130.125 129.375 128.9375
97.375 96.625 98.375 100.75 100.875 99.5 99.9375 98.8125 99.125 99.75 100.8125 99.25 97.9375 97.3125 97.375 98.6875 100.3125 99.1875 97.75 95 91.75 88.125 87.875 89.25 89.375 89.375 90 91.25 93.3125 96.5 99.9375 100.8125 97.6875 94.3125 93.25 96.3125 101.0625 104.5 107.875 110.3125 112.125 114.4375 117.125 118.6875 119.375 119.375 119.75 119.6875 118.5625 118.0625 118.0625 119.1875 120.875 123.3125 126.4375 130.3125 134.9375 137.5625 139.5 141.0625 139.8125 136 130.6875 128.9375 130.875 131 130.5 130.0625 128.875
100.5625 99.375 101.0625 105.125 104.75 102.0625 102 100.8125 99.625 99.6875 99.3125 96.625 95.5625 96.4375 98.1875 98.625 99.125 99.4375 97.875 95.6875 93.0625 89.6875 87 86.25 86.625 87.3125 88.1875 89.4375 91.8125 93.6875 94.9375 94.5625 93.1875 90.4375 90.125 94.875 100.0625 103.8125 107.3125 110.0625 112.375 115.25 117.875 120.1875 121.875 122.8125 123.125 121.6875 120.375 118.875 119.25 120.375 122.5625 124.5 129.0625 132.625 135.375 137.9375 141 141.5625 139.375 136.125 132.75 132.25 132.375 132.0625 130.625 129.75 128.8125
107.3125 104.75 105.25 107.5 108 105.4375 101.625 100.1875 99.9375 99.5 98 94.875 94.3125 98.25 100.125 103.0625 103.625 100.75 100 98 94.8125 91.625 89.3125 87.25 86.0625 87.1875 88.1875 89.3125 90.8125 92.0625 92.625 93 92.3125 91.625 91.6875 95.6875 100.9375 105.625 109.125 111.25 112.9375 116.0625 118.25 121.9375 124 126.5 126.5625 123.8125 121.625 120.75 120.6875 121 123.5 126.5625 130.75 133.3125 135.9375 138.5 141.625 141.5625 138.875 136.9375 135.5625 134 133.75 134.3125 133.4375 132.125 129.5625
108.8125 109.25 110.5 112.25 112.125 107.5625 103.6875 101 99.375 99.6875 98.375 96.75 96.375 99.4375 103.75 108.4375 113.9375 110.125 104.0625 100.25 95.8125 91.25 88.3125 85 84.9375 88.0625 90 91.375 91.25 92.6875 92.8125 93 94.3125 94.875 95.9375 99.4375 104.3125 108.25 111.125 113.5625 114.4375 116.8125 119.125 122.5 124.875 128.0625 128.3125 124.0625 121.375 120.4375 120.5625 121.0625 124.625 127.9375 131.25 134 137.1875 139.8125 141 141.375 139.25 136.9375 134.8125 132.625 131.875 133 133.3125 131.625 129.875
110.8125 112.1875 114.375 115.1875 115.0625 110.5625 106.375 103.25 101.0625 100.8125 102.1875 101.25 101 105.25 109.375 114.3125 119.125 118.875 111.875 104.3125 97.75 92.75 88.125 84.5625 85.4375 87.4375 89.8125 91.25 93 94.25 94.8125 95.1875 97.0625 99.4375 100.375 103.5625 106.5625 110.375 113.8125 116 118.25 119.6875 121.5625 123.4375 124.3125 125.1875 124.1875 121.625 119.875 119 119.3125 120.9375 125 128.3125 131.125 134.0625 137.5 140.125 141 140.9375 139 136.3125 133.375 129.9375 128.3125 128.25 129.6875 130.625 132.25
111.125 113.875 116.9375 119.0625 116.3125 112.375 108.6875 104.125 103.4375 102.125 103.4375 103.125 105.25 109.1875 113.75 119 123 124.9375 120.4375 110.875 102.125 92.875 87.0625 84.5625 85.5 87.8125 90.6875 93.125 94.375 96.4375 97.9375 98.25 100.125 103.6875 106.875 108.1875 110.875 114.0625 118.75 121.6875 122.875 123.375 123.6875 124.1875 122.75 121.5 120.5 119.25 117.625 117.0625 117.625 120.3125 125.4375 128.875 131.6875 134.875 137.875 141.5625 142.75 140.625 138.625 134.625 131.1875 127.4375 125.4375 125.125 127.5 130.75 133
113.5 116.125 116.8125 118.0625 117.3125 114.625 112.25 107.9375 108.9375 109.4375 107.4375 107.9375 110.875 113.5 115.9375 118.1875 121.6875 121.4375 118.25 114.125 107.5 97 88.125 83.875 83.0625 86.8125 89.8125 93.4375 96.625 98 98 99.9375 103.375 106.4375 108.6875 111.0625 114.25 119.4375 123.6875 124.9375 126.25 126.4375 126.5625 125.0625 122.5625 119.5 118 116.6875 115.4375 114.0625 116.6875 120.125 125.1875 129.375 132.375 136.0625 139 141.6875 142.9375 141.25 137.5625 133.5625 129.375 125.3125 123.1875 122.625 124.625 128.0625 132.3125
111.4375 114.0625 114.375 114.125 114.375 114.75 115.6875 116.0625 116 120.5 119.6875 116 116.5 119 119.0625 117.4375 119.0625 118.4375 113.0625 107.625 101.6875 95.25 87.5 84.875 85.5625 87.375 89.625 91.3125 93.9375 96.375 99.9375 104.5 107.4375 110.6875 112.75 115.5625 119.75 123 124.9375 126.6875 128.3125 128.9375 128.5625 127.375 124.0625 120.375 118.75 118.375 116.0625 113.9375 115.9375 121.0625 125.375 130.5 134.3125 138 140.125 142.8125 144.0625 141.1875 136.6875 131.8125 127.4375 123.375 121.4375 121.8125 124.3125 127.8125 132.5
107.1875 109.3125 113.3125 113.5 114.5 117.6875 119.3125 119.8125 119.375 123.1875 129.4375 129.625 126.0625 126.875 125.8125 123.375 117.125 115.125 111.25 104.25 99.0625 94.1875 91.0625 90.8125 91.8125 92.6875 92.25 93.5625 94.375 96.9375 99.0625 103.3125 110.0625 114.875 117.75 119.4375 122.4375 125.4375 126.3125 128.375 130.9375 130.625 130.875 130.25 128.125 125.9375 123.25 120.6875 119.75 118 118.25 122 125.875 131 134.125 138.5 141.375 142.4375 142.5 138.9375 134.5625 129.5625 125 121.1875 118.4375 119.6875 122.6875 126.6875 130.8125
106.375 106.3125 104.75 109.375 114.5625 117.1875 121.8125 121.4375 120.125 124.375 134.375 140.0625 131.5 126 125.125 121.1875 116.9375 110.125 107.1875 104.25 101 98.5625 98 99.1875 100.375 100.5 99.3125 96.9375 95.8125 97.8125 102 104.4375 109.8125 117.75 120.6875 122.125 124.6875 126.5 128.125 129.875 132.8125 132.8125 133 133.4375 132.5 129.625 126.625 123.4375 122.25 121.625 121.25 123.375 126.625 130.25 133.9375 138.9375 140.3125 141.125 140.6875 137.6875 133.25 128.5625 123.75 119.6875 116.0625 117.875 121.6875 126.3125 133.25
