input_data/future_climate/CanESM5_126/_band1_a.asc
ncols  331
nrows  193
xllcorner  17.833372883333
yllcorner  37.9999896166667
cellsize 0.1666667
NODATA_value  -9999
[rows 105 to 125 of 193, columns 46 to 91 of 331]
9.34401035308838 9.37968730926514 9.45911502838135 9.46458339691162 9.54374980926514 9.49140644073486 9.49687480926514 9.4921875 9.51979160308838 9.50416660308838 9.53489589691162 9.58151054382324 9.58541679382324 9.57864570617676 9.56145858764648 9.50885391235352 9.48307323455811 9.47526073455811 9.45937538146973 9.43932247161865 9.42942714691162 9.42317676544189 9.44166660308838 9.48020839691162 9.51197910308838 9.57343769073486 9.50625038146973 9.44296836853027 9.40572929382324 9.32239627838135 9.32213497161865 9.34687519073486 9.37135410308838 9.40703105926514 9.38697910308838 9.29192733764648 9.26744842529297 9.27161502838135 9.19921875 8.96718788146973 8.86484336853027 8.82239627838135 8.77213573455811 8.74479198455811 8.78046894073486 8.81796836853027
9.56510448455811 9.58567714691162 9.63229179382324 9.64505195617676 9.65703105926514 9.65729141235352 9.61171913146973 9.62968730926514 9.65312480926514 9.69427108764648 9.63828086853027 9.63072872161865 9.64791679382324 9.64244747161865 9.67812538146973 9.55052089691162 9.45833301544189 9.44088554382324 9.46171855926514 9.50338554382324 9.55781269073486 9.56223964691162 9.60989570617676 9.63255214691162 9.64296913146973 9.66901016235352 9.61302089691162 9.50416660308838 9.49687480926514 9.52838516235352 9.45807266235352 9.45598983764648 9.70026016235352 9.61536502838135 9.44557285308838 9.38125038146973 9.31041717529297 9.23177051544189 9.13880157470703 8.96041679382324 8.95703125 8.93203163146973 8.86250019073486 8.74374961853027 8.74062538146973 8.79322910308838
9.69609355926514 9.70052051544189 9.75703144073486 9.80911445617676 9.86953163146973 9.86171913146973 9.78411483764648 9.78151035308838 9.77942657470703 9.76171875 9.76953125 9.77031230926514 9.76197910308838 9.74661445617676 9.78020858764648 9.63776016235352 9.53203105926514 9.51041698455811 9.515625 9.59375 9.66796875 9.71822929382324 9.75859355926514 9.77057266235352 9.75755214691162 9.7890625 9.78020858764648 9.64947891235352 9.57317733764648 9.55364608764648 9.58255195617676 9.54453086853027 9.55130195617676 9.46614551544189 9.36536502838135 9.30911445617676 9.25572872161865 9.20416641235352 9.19791698455811 9.10234355926514 8.98906230926514 8.99088573455811 8.91848945617676 8.86015605926514 8.81849002838135 8.79166698455811
9.89817714691162 9.90156269073486 9.91484355926514 10.0122394561768 9.99895858764648 9.96901035308838 9.91119766235352 9.87864589691162 9.80651092529297 9.79296875 9.78619766235352 9.80026054382324 9.80312538146973 9.80729198455811 9.79296875 9.67812538146973 9.58854198455811 9.57343769073486 9.58567714691162 9.60286426544189 9.66927051544189 9.78567695617676 9.95286464691162 9.89348983764648 9.85026073455811 9.80208301544189 9.78177070617676 9.67083358764648 9.56093788146973 9.54296875 9.54765605926514 9.61223983764648 9.61588573455811 9.49348926544189 9.39583301544189 9.30729198455811 9.28359413146973 9.30312538146973 9.32994747161865 9.26406288146973 9.19947910308838 9.08333301544189 8.98463535308838 8.91874980926514 8.88411426544189 8.89166641235352
10.3294267654419 10.2984371185303 10.2809896469116 10.2244787216187 10.1625003814697 10.0872392654419 9.98802089691162 9.89609336853027 9.81276035308838 9.68906211853027 9.5703125 9.49765586853027 9.43333339691162 9.37213516235352 9.32187557220459 9.31640625 9.34296894073486 9.43255233764648 9.42317676544189 9.48932266235352 9.60546875 9.71848964691162 9.81510448455811 9.84244823455811 9.79947948455811 9.73463535308838 9.67135429382324 9.59765625 9.54192733764648 9.52786445617676 9.53776073455811 9.61536502838135 9.59114551544189 9.47578144073486 9.39192676544189 9.37317752838135 9.42265605926514 9.41510391235352 9.4765625 9.43463516235352 9.35182285308838 9.27135467529297 9.22343730926514 9.12942695617676 9.13697910308838 9.24348926544189
10.513801574707 10.4695310592651 10.3778648376465 10.337760925293 10.2669267654419 10.0955724716187 10.0192708969116 9.97369766235352 9.84427070617676 9.71015644073486 9.54505252838135 9.44062519073486 9.32864570617676 9.23958301544189 9.19921875 9.21197891235352 9.29661464691162 9.37526035308838 9.44999980926514 9.58932304382324 9.70026016235352 9.75755214691162 9.80703163146973 9.87187480926514 9.90703105926514 9.83385372161865 9.73645782470703 9.67604160308838 9.640625 9.69166660308838 9.76276016235352 9.62213516235352 9.54166698455811 9.52187538146973 9.57942676544189 9.57317733764648 9.60703086853027 9.62161445617676 9.57578086853027 9.49583339691162 9.46822929382324 9.37161445617676 9.36458301544189 9.29635429382324 9.25182342529297 9.38463592529297
10.5619792938232 10.5401039123535 10.5054683685303 10.3874998092651 10.26171875 10.1486978530884 10.1544275283813 10.0570316314697 9.83020877838135 9.71145820617676 9.56458282470703 9.43385410308838 9.29114532470703 9.20338535308838 9.23072910308838 9.22578144073486 9.25755214691162 9.31119823455811 9.42421913146973 9.56588554382324 9.65859413146973 9.72552108764648 9.80338573455811 9.83489608764648 9.8671875 9.90390586853027 9.90000057220459 9.84401035308838 9.82239532470703 9.84869766235352 9.89322948455811 9.69322872161865 9.61223983764648 9.66562461853027 9.78932285308838 9.79296875 9.78437519073486 9.69140625 9.61979198455811 9.56953144073486 9.60624980926514 9.57968711853027 9.60651016235352 9.57942676544189 9.57682323455811 9.59635448455811
10.6770830154419 10.6223955154419 10.5906248092651 10.4403648376465 10.3226566314697 10.3049478530884 10.2697916030884 10.1018228530884 9.85989570617676 9.70494842529297 9.52057266235352 9.36562538146973 9.16822910308838 9.06328105926514 9.10442733764648 9.08984375 8.99843788146973 9.16354179382324 9.30703163146973 9.45703125 9.56953144073486 9.61510372161865 9.66822910308838 9.69322872161865 9.75546836853027 9.83046913146973 9.96432304382324 10.1007814407349 10.0601558685303 10.0127601623535 10.068229675293 9.92161464691162 9.85442733764648 9.85520839691162 9.9609375 9.89453125 9.88515663146973 9.86354160308838 9.79531288146973 9.76614570617676 9.76067733764648 9.72109413146973 9.70729160308838 9.71354198455811 9.70859336853027 9.69453144073486
10.6921873092651 10.6434898376465 10.5914058685303 10.4518232345581 10.4085941314697 10.3184900283813 10.2528648376465 10.1515626907349 9.89557266235352 9.64192676544189 9.49010372161865 9.26588535308838 9.09088516235352 9.01328086853027 9.0390625 9.08802127838135 9.05312538146973 9.19036483764648 9.36744785308838 9.53671836853027 9.64947891235352 9.73671913146973 9.75234413146973 9.78359413146973 9.83046913146973 9.90703105926514 9.98645782470703 10.0927085876465 10.2244787216187 10.2286462783813 10.1976566314697 10.0515623092651 10.0278644561768 10.0242185592651 9.95833301544189 9.93515586853027 9.90390586853027 9.84479141235352 9.83802032470703 9.77734375 9.78046894073486 9.76953125 9.74635410308838 9.73515605926514 9.75104141235352 9.79947853088379
10.7278642654419 10.6552085876465 10.5614585876465 10.4338541030884 10.4130210876465 10.2807292938232 10.1989583969116 10.1528644561768 9.88671875 9.62447929382324 9.48489570617676 9.29505252838135 9.171875 9.05546855926514 9.07005214691162 9.14505195617676 9.24244785308838 9.33385372161865 9.43802070617676 9.61223983764648 9.66145801544189 9.65208339691162 9.66510391235352 9.65208339691162 9.73828125 9.87604141235352 10.0028648376465 10.1833333969116 10.306770324707 10.4093751907349 10.306770324707 10.2562503814697 10.1945314407349 10.1223955154419 10.0651044845581 10.005989074707 9.94062519073486 9.859375 9.93072891235352 9.84947872161865 9.8203125 9.80156230926514 9.78645801544189 9.77291679382324 9.79114532470703 9.79218769073486
10.5877599716187 10.5286455154419 10.4911460876465 10.4403648376465 10.3692712783813 10.2830724716187 10.1533851623535 10.1044273376465 9.95598983764648 9.65677070617676 9.46276092529297 9.30312442779541 9.20729160308838 9.19010448455811 9.16197967529297 9.19140625 9.31067752838135 9.38880252838135 9.56718730926514 9.61927032470703 9.62916660308838 9.62031269073486 9.66432285308838 9.65312480926514 9.72239589691162 9.87369823455811 10.1304683685303 10.2476558685303 10.2994794845581 10.5356769561768 10.4341144561768 10.4229164123535 10.3515625 10.27734375 10.1588544845581 10.0583333969116 10.017707824707 9.9921875 9.97838497161865 9.93177127838135 9.83802127838135 9.80989551544189 9.81302070617676 9.80026054382324 9.81822872161865 9.79218769073486
10.4908857345581 10.54296875 10.505729675293 10.4210939407349 10.3190107345581 10.2427082061768 10.1572914123535 9.98098945617676 9.90937519073486 9.72526073455811 9.59921836853027 9.42135429382324 9.30807304382324 9.25286483764648 9.27031230926514 9.32968711853027 9.34817695617676 9.44687461853027 9.64401054382324 9.69270801544189 9.73072910308838 9.76119804382324 9.82708358764648 9.81510448455811 9.82942676544189 9.88541698455811 10.0705728530884 10.263542175293 10.4161462783813 10.6721353530884 10.5804691314697 10.578125 10.3992185592651 10.3479166030884 10.2721357345581 10.1533851623535 10.0632810592651 10.0505208969116 10.0244789123535 10.0010414123535 9.89270877838135 9.81666660308838 9.90963554382324 9.87604141235352 9.86510467529297 9.88307285308838
10.5541667938232 10.544792175293 10.5343751907349 10.3427085876465 10.4244794845581 10.1776037216187 10.2507810592651 10.0627603530884 9.89322948455811 9.82343769073486 9.70494842529297 9.54635429382324 9.48932266235352 9.38046836853027 9.36848926544189 9.3828125 9.41640663146973 9.57447910308838 9.66901016235352 9.73567676544189 9.75052070617676 9.81015586853027 9.86406230926514 9.91822910308838 9.82734394073486 9.95520877838135 10.1799478530884 10.2807292938232 10.5479164123535 10.6291666030884 10.8705730438232 10.6302080154419 10.5278644561768 10.4533853530884 10.34375 10.2510414123535 10.1666669845581 10.1161460876465 10.0802087783813 10.0723962783813 10.072135925293 10.0802087783813 10.02734375 10.1247396469116 10.0950517654419 10.0481767654419
10.6148433685303 10.7723960876465 10.4684896469116 10.3221349716187 10.2880210876465 10.2658853530884 10.3578128814697 10.0734376907349 10.0075521469116 9.88906192779541 9.74973964691162 9.66770839691162 9.5859375 9.59036445617676 9.49635410308838 9.55729198455811 9.59739589691162 9.67213535308838 9.74895858764648 9.82317733764648 9.91171932220459 9.97864532470703 9.99531269073486 9.94687461853027 9.94322872161865 10.088020324707 10.1794271469116 10.3726558685303 10.6187496185303 10.8664064407349 11.1734371185303 10.8033857345581 10.6901044845581 10.625 10.5221357345581 10.4182291030884 10.2789058685303 10.1820316314697 10.169792175293 10.1799478530884 10.2026042938232 10.2559900283813 10.2276039123535 10.1958332061768 10.2221355438232 10.2335939407349
10.8026037216187 10.9640626907349 10.5901041030884 10.3619794845581 10.3401041030884 10.3414058685303 10.3864583969116 10.150260925293 10.0903644561768 9.91224002838135 9.7265625 9.64244747161865 9.65859413146973 9.65729141235352 9.55989551544189 9.61406230926514 9.71197891235352 9.78880214691162 10.0062503814697 10.064323425293 10.0080728530884 10 10.0122394561768 10.0768232345581 10.1486978530884 10.2242183685303 10.4070310592651 10.5109376907349 10.5932292938232 10.6494789123535 10.9432287216187 10.9859371185303 10.806510925293 10.7039060592651 10.6276044845581 10.51953125 10.3901042938232 10.2835941314697 10.2611980438232 10.3151044845581 10.3596353530884 10.4364585876465 10.4567708969116 10.4197912216187 10.4369792938232 10.4664058685303
10.7015628814697 10.7059898376465 10.4979162216187 10.5343751907349 10.4010419845581 10.2283849716187 10.197395324707 10.2036457061768 10.0486974716187 9.89661407470703 9.79609394073486 9.79791641235352 9.76067733764648 9.77187538146973 9.73177051544189 9.81276035308838 9.82864570617676 9.875 9.97187519073486 10.0231771469116 10.0067710876465 9.99244785308838 9.99348926544189 10.1276044845581 10.2567710876465 10.4005212783813 10.5192708969116 10.5513019561768 10.6296873092651 10.75390625 10.8072919845581 10.8643226623535 10.7776041030884 10.7971353530884 10.7302083969116 10.6580724716187 10.5291662216187 10.3947916030884 10.3638019561768 10.4341144561768 10.4971351623535 10.5874996185303 10.6830730438232 10.6890621185303 10.6513023376465 10.7375001907349
10.1414060592651 10.2916669845581 10.4833335876465 10.5075521469116 10.4401044845581 10.3703126907349 10.2177085876465 10.0921878814697 10.0520830154419 9.96614551544189 9.88958358764648 9.84687519073486 9.86510372161865 9.93880176544189 9.84531211853027 9.86744785308838 9.86145877838135 9.92083358764648 10.0322914123535 9.94010448455811 10.0114583969116 9.98906230926514 10.0622396469116 10.2143230438232 10.3432292938232 10.4638023376465 10.6544275283813 10.7723960876465 10.8411455154419 10.8145837783813 10.796875 10.6773433685303 10.6330728530884 10.6182289123535 10.5773439407349 10.552604675293 10.5067710876465 10.5109376907349 10.4632806777954 10.5289068222046 10.5825519561768 10.6906251907349 10.8354167938232 10.9330730438232 10.9367189407349 10.9828128814697
9.73958301544189 9.94557285308838 10.12109375 10.2388019561768 10.2544269561768 10.2153644561768 10.1356773376465 10.0786457061768 10.0830726623535 10.0296878814697 9.95416641235352 9.90025997161865 9.89609336853027 9.88697910308838 9.88567733764648 9.92760372161865 9.92369842529297 9.89348983764648 9.97291660308838 9.90781211853027 9.94843769073486 10.0382814407349 10.1203126907349 10.2257814407349 10.3973960876465 10.6611976623535 10.9171876907349 11.0052080154419 11.0648441314697 11.0346355438232 10.9307289123535 10.8552083969116 10.8268232345581 10.7453126907349 10.5692710876465 10.4361982345581 10.5119791030884 10.5643224716187 10.6145830154419 10.6268224716187 10.65625 10.7473955154419 10.8953123092651 11.0414056777954 11.1450519561768 11.1109371185303
9.76588535308838 9.90338516235352 9.95338535308838 10.1690101623535 10.2562503814697 10.1804685592651 10.1002607345581 10.0768222808838 9.98906230926514 9.88203144073486 9.84531211853027 9.82499980926514 9.89921855926514 9.96380233764648 10.0208330154419 10.1020832061768 10.1734371185303 10.1203126907349 9.99635410308838 9.90156269073486 9.87786483764648 9.93463516235352 10.08203125 10.2447919845581 10.4684896469116 10.7734375 11.0856771469116 11.1278648376465 11.1572914123535 10.9601564407349 10.8822917938232 10.8166666030884 10.6703128814697 10.6002607345581 10.4255208969116 10.4026041030884 10.5057287216187 10.5669269561768 10.5658855438232 10.5895833969116 10.6520833969116 10.7880210876465 10.9664058685303 11.1846351623535 11.3403644561768 11.3578119277954
9.79583358764648 9.95208358764648 10.0557289123535 10.1013021469116 10.2627601623535 10.204948425293 10.1343746185303 10.1005210876465 10.1182289123535 9.99036502838135 9.91171836853027 9.93020820617676 9.98567676544189 9.94713497161865 9.92578125 10.0354166030884 10.161979675293 10.2624998092651 10.1700525283813 10.0950517654419 9.89713573455811 9.81015586853027 9.94401073455811 10.1658849716187 10.5432291030884 10.8531246185303 11.1091146469116 11.2505207061768 11.2890625 11.05078125 10.7690105438232 10.52734375 10.4367189407349 10.4528646469116 10.3513021469116 10.3218746185303 10.3606767654419 10.2492189407349 10.24609375 10.6190099716187 10.7593746185303 10.8687496185303 11.0208330154419 11.3156251907349 11.4539060592651 11.5520830154419
9.87630176544189 10.0205726623535 10.1520833969116 10.2742185592651 10.2072916030884 10.2932291030884 10.2776041030884 10.1372394561768 10.1156253814697 9.96875 9.89244747161865 9.84401035308838 9.76822948455811 9.83828163146973 9.96614551544189 10.1356773376465 10.2153644561768 10.3541669845581 10.2630205154419 10.1273441314697 9.97890663146973 9.92552089691162 9.83385467529297 10.1229162216187 10.4330730438232 10.7320308685303 11.1052083969116 11.4109373092651 11.3088541030884 11.0041666030884 10.6791667938232 10.4463539123535 10.2445316314697 10.0671873092651 10.1013021469116 10.1781253814697 10.0229167938232 10.1067705154419 10.2822914123535 10.2414064407349 10.5825519561768 10.8882808685303 11.1588544845581 11.4169273376465 11.6322917938232 11.7979164123535
