input_data/future_climate/CanESM5_126/_band19_a.asc
ncols  331
nrows  193
xllcorner  17.833372883333
yllcorner  37.9999896166667
cellsize 0.1666667
NODATA_value  -9999
[rows 120 to 149 of 193, columns 0 to 68 of 331]
105.25 103.1875 102.5625 111.9375 117.5 122.875 124 122 121 122.25 124.125 120.75 120.75 123.1875 122.6875 119.125 113.5625 109.5625 108.25 108.6875 105.875 103.9375 104.4375 105.4375 106.4375 106.375 104.375 100.75 98.375 97.5625 101.375 105.25 110.9375 117.375 125.9375 127.0625 128.3125 129.25 131.3125 131.9375 133.3125 134.0625 135.4375 137.6875 137.875 133 128.875 127.625 125.5 123.6875 124.5 127.125 129.3125 132.0625 137.625 140.1875 141.625 140.75 139.4375 137.0625 133.5 128.5625 124.0625 120.875 119.3125 120.5 124.125 129.375 134.9375
107.9375 106.0625 103.9375 110.3125 120.25 125.75 127.8125 130.8125 132 130.6875 130.4375 126.6875 135 141.25 135.125 134.6875 123.8125 111.8125 112.375 113.6875 111.6875 111.8125 114.125 112.375 113.8125 114.75 114.9375 110.25 106 101.875 102.3125 106.5625 112.9375 119.6875 126.0625 131.1875 134.8125 132.8125 132.25 133.125 134.875 135.75 138.8125 140.75 139.9375 136.5625 131.625 128.625 125.875 124.5 125.625 128.25 131.1875 133.9375 137.0625 140.1875 140.5625 140.1875 138.5625 135.75 133.5625 128.8125 125.625 122.6875 121.875 123.125 126.4375 131.6875 136
118 106.125 109.25 122.0625 131.25 148.5 181 181.1875 172.0625 182.875 157.0625 164.5625 168.625 185.875 189.75 183.6875 145.1875 124.4375 118.75 117.5625 113.5 110.5 112.3125 117.375 119.8125 123 121 118.75 117.0625 109.5 108.9375 113.375 117.5 122 126.6875 130.75 134.75 136.3125 133.4375 135 137.6875 140.75 141.0625 140.75 138.3125 133.4375 130.3125 128.4375 127.8125 127.3125 128.5625 130.0625 131.6875 134.25 136.75 139.5 140.375 139.75 138.1875 136.875 134.125 130.9375 127.125 125.75 124.75 126.1875 131.375 134.75 137.6875
112.1875 124.625 143.125 167.6875 204.75 189.0625 222.8125 220.75 230.6875 223 211.375 176.9375 176.5625 202.9375 223.25 217.625 164.375 145 145.875 134.125 134.4375 130.25 125.0625 126.1875 126.3125 128.125 132.4375 139.0625 140.1875 129.4375 124.3125 125 125.6875 127.3125 128.3125 130.25 131.75 134.875 134.125 136.6875 136.875 139.875 139.9375 138.5625 135.3125 131.125 125.6875 124.9375 127.125 127.0625 127.875 129.8125 132.0625 134.125 136.6875 140.0625 140.25 139.9375 138.4375 136.5 133.5 130.75 126.5 124.0625 125.5625 129.3125 133.75 137.5 140.125
130.6875 150.8125 183.3125 205.1875 206.0625 202.125 232.625 262.6875 264.0625 222.125 177.3125 165.625 167.1875 174.625 191.4375 212.6875 202.125 178.9375 167.625 151.75 141.6875 135 135 142.25 153.125 152 150.375 152.6875 161.125 161.3125 153.8125 146.4375 141.125 136.3125 133.125 131.125 129.25 129.3125 129.1875 131.4375 133.5625 136.25 137 135.375 131.9375 127.75 124.6875 124.5625 125.8125 126.3125 126.8125 128.875 130.875 133.125 136.625 140.25 140.375 139.375 138.1875 136.4375 134.25 131.1875 127.0625 123.3125 123 128.4375 134.375 140.5 144
143.9375 159.5625 179.9375 186.4375 176.125 181.25 225.0625 263.875 238.4375 209.125 204.375 229.3125 217.125 219.3125 195.9375 161.75 174.3125 166.875 154.1875 150 128 119.5 120.6875 132.25 146.5 169.1875 187.125 188.3125 190.4375 189.125 182.125 184.3125 178.0625 166.375 147 136.125 130.625 127.3125 126.5625 127.6875 127.5625 129 131 129.25 127.9375 125.4375 124 123.4375 123.75 124.25 125.625 126.5625 128.375 131.125 134.1875 139.1875 140.625 140.5625 139.125 136.875 134.25 131.375 128.0625 123.4375 121.9375 127.875 134.3125 139.9375 145.375
144.375 160.25 148.625 158.5 187.625 229.4375 206.0625 223.6875 224.375 194.8125 168.6875 162.0625 152.5 162.9375 113.5 118.1875 143.625 146.75 141.625 124.0625 117.8125 117.8125 119.25 125.8125 138.25 159.6875 188 213 227.125 236.1875 230.3125 227.0625 234.625 204.5 170.25 151 136.5625 131.75 129.9375 127 125 122 121.625 122.3125 122.8125 122.0625 122.3125 122.125 122.125 121.8125 122.1875 124 125 128.375 131.25 136.4375 140.125 140.6875 138.75 136.5 133.9375 131.6875 128 125.8125 124.75 128.875 133.375 137.6875 140.4375
144.9375 136.6875 161.75 193.25 202.8125 200.875 204.8125 244.125 228.5 222.5625 210.1875 173.875 154.375 155.125 123.5625 111.8125 114.1875 121.25 124.0625 119.75 107.875 137.8125 121 121.5 139.6875 174.25 197.75 207.125 231.0625 255.625 278.5 283.4375 277.25 239.8125 231.1875 197.875 159 141.5625 136.8125 133.4375 125.3125 117.1875 115.375 113.75 114.5625 115.9375 118.1875 119 119 118.625 118.25 119.1875 120.875 124.625 128.0625 132.4375 138.5625 139.25 137.5625 135.4375 133.625 131.75 129.375 126.875 125.5 127.5625 131.6875 135.125 138.5
135.0625 152.625 136.75 161.5 158.75 192.4375 216.875 195.5 171.125 173.875 149.6875 134.8125 132.3125 107.1875 108.125 97.1875 117.1875 119.0625 119.4375 118.625 102.875 110.3125 130.25 120.75 135.125 155.125 190.625 221.8125 235.1875 264.8125 299.25 322 326.9375 288.9375 260.875 248.0625 231.75 191.4375 163.875 142.625 127.1875 116.25 110.9375 109.25 108.4375 110.6875 111.375 113.1875 113.9375 113.5 113 113 113.5625 119.4375 123.9375 128.0625 132.375 134.6875 134.6875 133.4375 132.1875 129.875 128.125 126.8125 126.8125 127.375 129.1875 131.4375 133.9375
134 130.25 131 147.5 187.0625 167.8125 170.3125 162.3125 153.5625 155.9375 148.0625 125.625 102.8125 92.5 84.9375 89.4375 93.625 99.125 95.8125 96.5 98.25 119.375 116.1875 120.875 134.25 153.75 177.9375 203.5625 228.5625 266.375 282.3125 315.875 333 309.5 283.6875 275 269.1875 253 219.75 180.625 141.5625 122.5 109.9375 104.75 104.875 106.0625 107.375 109 109.25 108.0625 107.75 107.5625 108.0625 111.625 117.625 122.0625 125.3125 127.3125 129 129.9375 128.875 126.875 125.8125 125.1875 124.8125 126.4375 127.9375 129.625 130.6875
124.8125 125.5 140.5625 143.1875 161.625 162.25 171.125 156.8125 162.9375 142.6875 114.4375 99.125 92.75 86.1875 81.8125 84.0625 85.875 87.625 94 99.25 108.25 123.125 117.5625 121.25 129.125 144.625 162.8125 177.8125 191.625 213.9375 264.8125 309.0625 295.5625 312.6875 288.3125 283.625 273.125 265 249.875 238.25 181.1875 152.1875 118.0625 104.875 102.125 101.8125 103.25 104.75 107 106.75 105 104.6875 104.375 107.5625 112.6875 117.8125 121.625 123.375 124.6875 125.5625 125.375 123.8125 122.25 121.1875 121.5 122.875 125.375 126.375 128.625
121.6875 121.625 124.4375 128.5625 130.1875 136.3125 138.375 140.375 137.0625 116.9375 104.375 97.875 93.4375 86.0625 82.6875 84.1875 85 86.5 93.25 101.1875 114.3125 119.3125 113.375 112.5625 118.8125 132.5 148.9375 163.0625 176.6875 198.75 222.3125 245.75 282.75 270.1875 274.5625 268.25 263.5625 275.125 262.8125 231.5 218.3125 195.6875 148 117.9375 105.4375 101.875 101.3125 102 101.875 100.4375 99.25 98.75 100.125 102.25 105.875 110.3125 114.375 117.8125 121.0625 121.875 122.5625 120.875 118.8125 116.9375 115.875 117.9375 120.6875 123.5 125.5
117.6875 117 118.9375 125.5625 121.75 122.9375 124.6875 124.6875 116.5625 110.3125 104.125 99.6875 95.9375 89.4375 88.4375 96.1875 99.4375 90.3125 93.625 102.4375 112.4375 120.3125 113.0625 105.4375 106.125 121.5 138.875 152.8125 167.5625 187.5 208.375 231.0625 261.625 250.1875 242.6875 236.5 238.75 247.9375 244.8125 243.5 251.1875 192.9375 148.5625 131.125 122.1875 105.4375 98 96.6875 95.6875 94.1875 93.25 93.1875 94.25 96.8125 100.3125 104 108.5 112.0625 115.8125 118.4375 119.4375 118.5 117.875 114.375 110 110.5 115 119 123.6875
115.875 115.1875 116.6875 121.375 120 121.6875 140.375 125.0625 119 114.625 107.4375 102.6875 103.375 93.75 89.0625 90.0625 91.125 91.5625 96.125 103 110.625 114.3125 109.625 102.0625 101.8125 118.25 134.4375 147.1875 162.125 179.1875 196.25 211.3125 226.9375 235.375 244.625 228.25 203.125 215.375 232.9375 242.5625 232.0625 210.9375 169.9375 143.6875 126.3125 110.875 98.75 92.75 89.6875 89 88.0625 87.6875 88.375 90.4375 94.875 99.375 103.5 107.8125 112 115.125 117.5 117.9375 117.5625 116.125 113.125 109.875 111.1875 114.6875 120.4375
114.25 114.3125 114.9375 121.3125 120.6875 122.125 130.875 119.5 116.5625 112.6875 103.1875 99.25 95.1875 90.8125 89.375 89.4375 90.3125 93.5625 98.4375 103.125 108.25 110.75 110.375 108.5625 111.5 121.875 133.125 144.8125 157.25 170.375 182.6875 193.4375 201.8125 216.1875 217 220.1875 191.75 190 189.375 195 198.8125 194.4375 184.0625 154.25 130.875 113.0625 102.4375 93.25 85.75 84.75 85 84.25 84.4375 85.9375 89.9375 95.1875 98.3125 103.9375 108.625 113 116.5625 118.75 119.5 117.625 117.375 115.4375 113.9375 115.1875 120.25
114.125 115.875 118 125.5 123.9375 122.5625 127.5 117 118.5625 115 105.1875 99.625 95.9375 92.5 91.3125 91.5 92.9375 96.75 100.3125 104.5625 108.6875 112.5 114.4375 115.3125 120.375 126.8125 134.5625 142.9375 151.8125 161.375 173.1875 185.8125 185.75 183 181.4375 176.375 181.1875 189.6875 194.75 184.1875 197.875 187 176.5 148.4375 127.875 112.125 97.375 91.125 84.9375 83 82.0625 82 82.9375 84.75 86.8125 91 95.25 99.875 105 111.375 117.125 120.1875 121.625 121.125 119.1875 118.625 118.5625 119.6875 121.625
120.3125 121.1875 123.5 125.625 119.625 118.5 119.125 116.5625 117 115.5 109.375 102.9375 99.3125 96.125 94.5625 94.9375 96.8125 99.75 102.9375 107 112.5625 116.4375 118.375 122 127.1875 131.875 137.125 145.1875 152.8125 157.125 162.4375 165.3125 164.25 168.0625 164.0625 158.875 155.25 159.5 169.0625 164 171.6875 154.8125 144.375 136.625 123.1875 113.5 102.9375 90.875 85.375 81.375 80.9375 81.125 81.875 84.9375 85.8125 88.5625 92.125 96.375 102.9375 110.3125 118.5 124.3125 126.625 126.75 123.9375 121.4375 122.5 123.3125 124.0625
132.5625 125.8125 118.875 117.375 116.9375 115.8125 115.0625 115 114.9375 113.9375 111.875 106.6875 102.8125 99.9375 98.1875 98.375 100 102.3125 106 110.0625 115.375 119.4375 123.4375 129.1875 134.625 138.875 142.5 147.5 149 151.3125 150.4375 151.4375 148.8125 147.375 144.8125 141.75 142 142.5625 144.4375 146.8125 145.5 143.6875 138.375 128.9375 121 110.0625 101.4375 91.4375 86.875 83.125 80.5625 80.375 81.5625 83.0625 85 86.75 90.875 94.125 99 107.4375 118.125 127.5 128.625 128.375 126.8125 124.5 124.1875 125.125 125.8125
122.3125 117.25 117.9375 116 114.9375 114.875 114.875 114.6875 114.4375 114.8125 114.875 111.5625 108.4375 105.1875 102.375 102.5625 103.8125 105.8125 108.8125 113.1875 118.25 122.5625 128.1875 135.375 144.9375 146.8125 146.5625 155.0625 156.5625 151.1875 147.6875 143.375 133.875 131.3125 128.375 126.9375 126.6875 131.875 133.9375 137.75 137.0625 141.9375 137.25 128.125 123 106.8125 98.125 91.4375 84.5 82.9375 81.0625 80.375 80.8125 82.25 84.75 87.625 91.125 94.875 98.875 107.8125 114.125 122.5 128.3125 129.25 126.8125 123.4375 122.8125 123.875 124.875
116.6875 117.125 117.5625 116.9375 113.75 114.8125 113.375 113.875 113.375 115.125 117.0625 116.125 115.0625 111.8125 108.8125 107.25 107.625 109.1875 111.6875 115.8125 119.5625 124.4375 130.75 137.9375 146.5625 149.0625 149.75 157.25 152.8125 155.8125 146.25 133.0625 124.375 118.625 114.125 111.4375 116.8125 121.125 124.625 126.875 125.8125 123.0625 120.5 115.3125 108.4375 101.625 96.125 89.5 85.75 81.6875 79.625 79.625 80.3125 82.5 84.0625 88.0625 91.375 95 100.5 108.3125 115.0625 118.25 125.125 128.1875 127 123.25 122.3125 123.8125 125.125
121 120.6875 118.4375 116.6875 113.6875 113.25 111.5625 111.25 112.8125 115.375 118.875 120.5625 121.75 119.4375 114.9375 112.125 110.8125 112.625 115.9375 117.5 121.4375 125.625 130.8125 135.875 141.125 142.0625 140.8125 142.9375 168 182.75 156.75 147.5625 131.75 111.125 106.5625 105.1875 107.9375 112.0625 115.625 117.75 116.875 113.9375 111.625 113.0625 109.5 101 95.6875 90.5625 86.0625 83.25 81.375 80 79.4375 82.5625 84.3125 88.125 91.5625 95 98.5625 105.875 112.6875 115.625 120.6875 125 125 123.6875 123.5 124.4375 126.5625
122.3125 120.75 118.6875 117.125 113.125 111.1875 110 109.375 112.5 115.875 119.4375 124.3125 129.3125 126.0625 117.1875 113.75 114.3125 115.1875 117.625 119.875 122.5625 126.3125 130.875 134.6875 137.625 144.75 151.9375 137.875 150.875 178.3125 169.625 173.125 164 126.875 107.9375 101.5625 102.25 105.875 108.125 109.5 108.8125 107.25 105.8125 104.375 105.4375 100.625 95.5625 91.625 88.75 86.1875 84.0625 82.4375 81.75 82.875 84.375 88.625 92.5625 95.625 99.5 103.5 109.4375 112.75 114.75 118.6875 121.25 121.9375 124.6875 126.0625 127.1875
122.625 120.4375 119.0625 119.0625 113.5625 110.1875 108.3125 108.25 112.8125 116.375 119.25 122.4375 125.25 119 112.875 113.375 114.875 117.75 119.8125 121.875 124.5 127.5625 131 133.9375 136.125 137.125 143.375 144.125 144.6875 166 147.375 149.6875 144.6875 124.25 112.375 98.3125 99 101.9375 103.4375 103.875 103.25 103.0625 102.0625 100.8125 100.125 96.9375 98.9375 93.125 89.875 88.0625 85.3125 82.75 83.0625 83.625 86.1875 88.9375 92.1875 95.875 99.3125 102.75 107.3125 109.9375 112.375 116.125 118 120.375 123.6875 127.75 128.5625
131.1875 125.25 124.3125 124.9375 118.8125 111.3125 108.375 110.25 113.4375 117.0625 118.25 118.625 113.875 104.0625 106.8125 112.4375 116.3125 119.5 121.875 123.6875 126 128.9375 133.5625 140.6875 139.875 142.5625 138.5 138.5 129.4375 133.125 133.5625 134.8125 141.125 128.9375 105.4375 96.8125 97.75 99.125 99.625 101.0625 101.25 101 99.8125 98.75 97.125 95.5625 94.875 94.75 91.5625 89.875 90.5 85.4375 83.4375 83.5625 86.75 88.8125 91.875 94.6875 97.875 101.5625 106.1875 107.9375 112.8125 116.9375 117.1875 120.625 127 128.6875 127.375
135.6875 132.8125 128.875 124.0625 122 116.6875 113.0625 113 116.375 118.875 119.25 117.875 112.9375 107.0625 109.5625 115.5 119.6875 121.875 123.25 125.3125 127.6875 132.25 135.8125 139.125 140.3125 139.6875 140.9375 136.625 136.4375 127 124.4375 127 123.8125 115.9375 102.3125 100.25 97.5 97.6875 98.5625 100.125 101.1875 100.3125 99.8125 98 95.5625 93.6875 92.375 92.75 92.75 89.5625 89.8125 91.8125 88.375 87.0625 88.5 88.9375 90.8125 93.5625 96.75 101.875 106.875 108.625 115 119 119.5625 123.875 129.8125 127.25 123.875
141.375 135.875 131.875 128.6875 126.5625 124.125 122.6875 122.9375 123.0625 122.375 121.25 118.9375 116.25 113.6875 116 121.5625 124.1875 124.6875 125.625 126.5625 130.1875 134.5 137.6875 139.0625 139.25 138.3125 136.6875 136 130.4375 126.0625 118.125 120.875 113.8125 110.5 107.6875 104.125 100.4375 97.1875 98.8125 100.375 100.875 100.75 99.1875 96.75 94.5 95.75 93.25 92.9375 90.5 88.625 91.8125 96.875 92.5625 88.625 89.6875 89.25 90.625 92.5625 96.125 101.25 104.75 109.3125 115.5625 119.1875 120.9375 125.4375 125.25 121.8125 119.125
152.8125 146.375 140.4375 137.375 135.4375 135.125 133.4375 133.125 130.125 126.8125 124 121.625 119.625 119.25 121.3125 125.125 127.125 127.1875 127.1875 128.4375 130.375 134.0625 136.6875 137.9375 139.6875 141.75 146.25 152.4375 155.375 142 124 121.4375 128.25 135.375 134.4375 133.8125 117.6875 103.125 99.25 101 102.875 103.125 101.0625 98.75 97.0625 96.0625 92.5625 91.375 92.3125 92.5625 98.125 104.75 96.75 90.8125 90.4375 89 87.9375 90.4375 94 98.1875 102.25 105.75 113.9375 117.625 121.0625 121.4375 118.4375 115.1875 110.25
166.25 158.625 152.9375 148.25 145.5 143.125 141.5 139.5625 136.0625 130.8125 126.8125 124.0625 122.4375 122.1875 124 126.875 129 129.4375 130 131.3125 133.3125 136.1875 139.75 142.625 143.8125 145.25 154.8125 155.4375 155.8125 145.8125 135.8125 138.4375 148.8125 165 160.625 166.9375 156 141.4375 116.875 134.0625 146.5625 149.4375 138.3125 123.4375 111.3125 99.125 102.4375 100.3125 102.6875 100.125 100.9375 101.1875 97.75 93.875 88.9375 87.1875 86.0625 87.4375 90.3125 93.8125 97.875 100.1875 108.3125 112.5 114.375 114.3125 110.9375 106.3125 101.75
183.8125 173.75 165.3125 159.5 155 152.0625 148.3125 144.3125 141.0625 137.25 131.8125 126.8125 124.5625 125.5 127.25 129.4375 131.3125 131.4375 131.5 132.75 135.0625 138.6875 142.3125 148.4375 151.1875 153.75 151.875 162.3125 173.1875 175.0625 178 159.1875 149 148.25 171.25 165.8125 141.9375 133.5 120.1875 122.625 125.8125 126.125 129.9375 119.6875 116.75 131.0625 114.6875 112.6875 108.5625 102.125 96.125 93.8125 91.0625 89.75 89.3125 86.0625 85.75 86.9375 88.625 89.875 92.4375 94.8125 99.5 103.3125 104.8125 105 102.5 98.4375 93.4375
191.4375 185.5 176.1875 167.875 162.875 158.4375 155.25 151.75 148.125 144.125 138.9375 133.9375 130.375 130.6875 132.9375 133.75 134.5 135.1875 135.9375 135.75 136.5 140.625 147.5625 154.0625 159.3125 169 162.8125 167.3125 190.875 183.1875 174.5 162.125 160.5 150.5625 154.625 150.0625 148.375 139.375 122.75 118.75 115.5625 113.0625 109.6875 106.9375 113.25 111.375 104.8125 101.5625 97.0625 94.375 92.625 91.125 88.25 87.1875 87.25 85.9375 86.625 87 87.6875 89.125 90.25 92.5 97.4375 99.625 99.6875 98.0625 97 93.125 88.5625
