input_data/future_climate/CanESM5_126/_band15_a.asc
ncols  331
nrows  193
xllcorner  17.833372883333
yllcorner  37.9999896166667
cellsize 0.1666667
NODATA_value  -9999
[rows 160 to 179 of 193, columns 0 to 45 of 331]
22.5017795562744 21.1638488769531 18.9987144470215 16.6859550476074 14.8892164230347 17.0448207855225 15.0170936584473 13.2131433486938 12.4422597885132 11.4034433364868 11.7280721664429 13.4134740829468 17.9049015045166 19.6807174682617 20.2246017456055 20.6985187530518 18.1156597137451 19.6733722686768 20.4652481079102 19.0349311828613 18.7544097900391 19.039098739624 18.3838424682617 17.7308502197266 17.7327537536621 18.6018085479736 19.633508682251 21.5487327575684 24.3758506774902 26.1942462921143 26.8108234405518 25.9187717437744 25.1433563232422 25.3291702270508 25.6464500427246 26.2532367706299 25.7901420593262 25.8809375762939 25.2418804168701 25.584924697876 25.9766979217529 26.2911205291748 25.7482223510742 24.911262512207 24.6876163482666 24.1526279449463
27.0172271728516 24.2006492614746 22.9910430908203 20.3504219055176 18.8685684204102 15.0441799163818 15.648286819458 12.7306346893311 12.6840839385986 12.4249792098999 11.4659576416016 11.9778327941895 15.2304973602295 18.3940773010254 17.3112335205078 16.7008380889893 15.0525884628296 16.7421417236328 18.4711532592773 17.8297653198242 16.7464008331299 16.5849475860596 16.9556941986084 16.6560077667236 16.4826221466064 17.774471282959 19.5195007324219 21.0845146179199 23.1334686279297 25.4061851501465 27.5154323577881 28.0146160125732 27.036642074585 27.0546245574951 27.6486854553223 27.8296222686768 27.8773212432861 26.5946846008301 26.4366722106934 26.6131401062012 27.6373729705811 27.3105087280273 26.6347332000732 25.9035453796387 24.3046569824219 23.4245071411133
31.8788166046143 29.682954788208 27.4762134552002 24.2828197479248 23.346378326416 19.6375732421875 18.4415683746338 14.0586566925049 13.3271818161011 12.5550804138184 12.5280313491821 14.4405355453491 12.6548013687134 13.5760440826416 14.3344326019287 13.5786571502686 13.8669652938843 13.9345273971558 15.8199005126953 16.8431243896484 15.5367851257324 15.9430923461914 16.4674949645996 15.4447183609009 15.1926956176758 17.5099353790283 19.9299221038818 21.3308086395264 22.9823532104492 24.342399597168 26.5039806365967 27.876974105835 28.7825260162354 29.8384456634521 29.9462852478027 29.0442276000977 28.4197998046875 27.8655052185059 27.6284503936768 27.7275409698486 28.3264331817627 27.6440010070801 27.3489456176758 26.0984935760498 25.7949199676514 24.3369102478027
34.9939880371094 33.3211059570313 29.7463703155518 31.8521747589111 25.4946842193604 23.4102420806885 23.7327556610107 19.6016483306885 15.7720527648926 14.1538429260254 15.2739391326904 13.8925161361694 14.8115282058716 11.79381275177 12.2991666793823 12.3935251235962 12.4390449523926 12.4977359771729 13.4534072875977 14.3893089294434 14.5777587890625 15.7976894378662 15.7704668045044 15.3636875152588 15.3774108886719 16.3054332733154 19.9058361053467 21.5684394836426 22.8244647979736 23.7452831268311 25.1283493041992 27.4106006622314 29.2759532928467 30.4391384124756 30.3796615600586 29.6334209442139 29.8839950561523 29.5452060699463 29.7383346557617 29.7931423187256 28.9110412597656 28.0690593719482 27.3792915344238 25.8844203948975 25.2828216552734 24.6976547241211
39.3092155456543 38.8484306335449 38.3277168273926 36.9751930236816 32.3649597167969 29.4628601074219 31.6159114837646 25.4452648162842 18.240701675415 25.1969108581543 16.8091831207275 15.5124826431274 14.8353309631348 12.1412754058838 11.9139366149902 13.6320390701294 13.6001091003418 12.6724853515625 12.8476800918579 13.459324836731 14.0933017730713 14.6589660644531 15.7140417098999 16.2192211151123 17.3306503295898 17.38671875 19.8014545440674 21.3302688598633 22.704418182373 23.5531406402588 24.5045433044434 26.2736892700195 28.2249908447266 29.448184967041 29.5834693908691 29.26389503479 29.4042587280273 29.5064697265625 29.7072868347168 29.7968692779541 29.4158630371094 29.3145980834961 29.3113956451416 28.3990516662598 26.2127342224121 25.3768692016602
-9999 43.7497825622559 44.1911964416504 37.2697257995605 29.5393104553223 34.4672050476074 31.5805130004883 37.3323822021484 31.1708660125732 29.0636596679688 18.4380226135254 17.4488430023193 16.9360694885254 13.5142431259155 15.6493139266968 19.4669094085693 17.0107440948486 14.4463443756104 13.915825843811 13.7530832290649 14.1532850265503 14.5922994613647 15.971474647522 16.4545745849609 17.5266742706299 17.8097286224365 19.7685279846191 20.908203125 22.5518970489502 22.7460880279541 23.2671165466309 25.3786277770996 25.774471282959 27.5325050354004 27.2588310241699 27.0961532592773 27.4875087738037 27.6653480529785 27.9853916168213 28.576229095459 28.2976818084717 27.4886436462402 26.8986492156982 26.7654972076416 25.2570323944092 24.0266628265381
-9999 -9999 -9999 45.4638061523438 43.927417755127 40.7159652709961 34.3646659851074 41.5499038696289 44.1779823303223 35.9342918395996 25.4268608093262 19.9066505432129 18.7217350006104 20.8609180450439 22.5278282165527 23.1365528106689 20.0994663238525 17.0651435852051 15.2127046585083 14.4463224411011 14.4892234802246 15.4210157394409 15.7589111328125 17.0105113983154 17.4582653045654 18.0387802124023 19.3696613311768 20.6819534301758 21.2208385467529 20.9123001098633 21.6265716552734 23.1818695068359 25.0919589996338 26.0814533233643 26.3910617828369 26.2027702331543 26.1020908355713 25.7176074981689 25.2978229522705 25.1482257843018 24.9177932739258 24.8887348175049 24.5559558868408 24.2945289611816 23.7355213165283 22.4104652404785
-9999 -9999 -9999 -9999 -9999 45.2925338745117 41.5094032287598 44.2126235961914 46.1815147399902 44.5144309997559 32.6926612854004 30.8818092346191 29.5090389251709 29.0930213928223 27.6844615936279 24.4575119018555 22.2234916687012 19.8599815368652 15.9420413970947 14.7051362991333 14.7988376617432 15.1099977493286 16.1572380065918 17.2788276672363 17.8210258483887 18.6000461578369 19.1126270294189 19.9603729248047 20.6833152770996 18.9816761016846 19.6345310211182 20.9274940490723 23.9420223236084 25.5275058746338 25.9159374237061 25.8883247375488 25.0795745849609 23.8521976470947 22.8572559356689 22.6533508300781 23.2021827697754 23.342378616333 22.9729652404785 21.6073665618896 21.2801532745361 20.3643932342529
-9999 -9999 -9999 -9999 -9999 -9999 46.8680229187012 44.0765533447266 42.4441909790039 45.9516716003418 43.8643417358398 36.0629806518555 33.2260856628418 29.3038082122803 28.8729228973389 26.5039386749268 23.1418018341064 19.2470474243164 17.3321762084961 16.894588470459 16.4750747680664 16.3210906982422 16.9885196685791 18.1920146942139 18.2807445526123 18.7112712860107 18.9969158172607 20.2844486236572 20.2131175994873 19.6813488006592 20.0272941589355 19.6360874176025 22.5338439941406 25.6751594543457 25.3955612182617 25.5276126861572 25.3960266113281 23.7008228302002 22.6046772003174 22.6713428497314 22.5066394805908 22.1786842346191 21.7869338989258 20.8708992004395 20.0435161590576 19.631275177002
-9999 -9999 -9999 -9999 -9999 -9999 -9999 47.2720375061035 46.2781600952148 46.0880584716797 44.3299789428711 39.7651557922363 34.3324127197266 31.5349674224854 29.2099895477295 27.8962688446045 23.6679553985596 19.4234504699707 20.978235244751 19.4027519226074 17.4012012481689 17.2009181976318 17.9809856414795 18.2212409973145 18.0867004394531 18.199728012085 18.2387275695801 18.5017833709717 18.3475856781006 19.3321933746338 19.8740997314453 18.9012355804443 20.1876049041748 21.9299449920654 22.2743034362793 23.7265033721924 24.1980323791504 24.0968341827393 23.6626434326172 22.6758918762207 23.0745620727539 22.4983215332031 21.7414150238037 21.3437843322754 20.9008331298828 21.17165184021
-9999 -9999 -9999 -9999 -9999 -9999 -9999 -9999 -9999 -9999 44.3217124938965 39.9503860473633 38.092414855957 32.3059310913086 29.7900047302246 30.0524120330811 24.9371185302734 25.6113166809082 23.8682460784912 20.7529621124268 18.0455093383789 15.990008354187 17.0217037200928 18.4454021453857 18.5964508056641 18.8486957550049 18.4710922241211 17.7856388092041 19.0140323638916 19.4500999450684 20.0995635986328 19.2666454315186 20.0219326019287 24.428409576416 21.8026847839355 22.1330604553223 24.0428123474121 23.4883880615234 23.3852767944336 22.8289661407471 23.1431102752686 23.0481929779053 22.7742481231689 22.199613571167 22.5014896392822 23.1380519866943
-9999 -9999 -9999 -9999 -9999 -9999 -9999 -9999 -9999 46.7512359619141 44.3437385559082 39.1099624633789 35.2139892578125 34.5671539306641 31.2604923248291 31.7329978942871 29.7257862091064 27.384614944458 25.7876129150391 22.3242607116699 19.8081550598145 17.3944244384766 18.3969345092773 18.8502101898193 18.5287265777588 19.0601654052734 18.714506149292 18.3064346313477 18.9334945678711 19.2443504333496 20.3294582366943 19.4383811950684 19.5610198974609 19.846118927002 21.0978946685791 20.8164386749268 21.087553024292 21.329553604126 22.9972591400146 23.1919345855713 22.9846992492676 22.8809032440186 22.8039474487305 23.5805950164795 24.7738494873047 26.3460311889648
-9999 -9999 -9999 -9999 -9999 -9999 -9999 -9999 -9999 47.9560699462891 43.9792594909668 39.7538681030273 34.7987480163574 32.6367988586426 31.6838512420654 32.6119270324707 31.0149631500244 28.6092262268066 27.1275863647461 23.1383972167969 20.2438697814941 19.1380767822266 18.8787288665771 18.9160499572754 19.0121154785156 18.6236839294434 18.5079002380371 18.4633045196533 18.8405380249023 19.3646812438965 18.6179065704346 19.1768684387207 19.2422027587891 20.2324237823486 19.8206157684326 20.4883060455322 21.7973899841309 23.1169013977051 22.8421039581299 23.6359634399414 23.3346900939941 23.5187358856201 24.4059295654297 26.4164199829102 28.3352489471436 29.3766250610352
-9999 -9999 -9999 -9999 -9999 -9999 -9999 -9999 -9999 48.165454864502 43.929443359375 38.3614501953125 35.1627311706543 33.4984474182129 32.8320732116699 31.0878276824951 29.6046142578125 29.6745662689209 26.7110233306885 23.4453353881836 21.468204498291 19.7934017181396 18.1823482513428 18.4894618988037 18.3433513641357 18.2041358947754 18.0552005767822 18.9769096374512 19.1226043701172 18.903528213501 19.0232410430908 19.3607311248779 20.4002170562744 21.2050151824951 19.6536083221436 21.3361968994141 23.3620910644531 23.0946769714355 26.7121524810791 28.6060752868652 28.9255046844482 26.9268817901611 29.4995708465576 31.4202136993408 30.8560962677002 32.0577926635742
-9999 -9999 -9999 -9999 -9999 -9999 -9999 -9999 -9999 49.2664260864258 45.2312850952148 39.0037803649902 35.8761596679688 35.3664283752441 33.3660202026367 32.5440063476563 31.982177734375 31.1000518798828 27.1264324188232 24.5593643188477 21.9424381256104 22.0787372589111 18.1281871795654 17.5616130828857 16.730281829834 18.1030292510986 18.6092395782471 18.8165225982666 19.4543399810791 19.316614151001 19.2288608551025 19.2163867950439 22.115909576416 25.2320899963379 25.3984260559082 24.0809535980225 28.4792346954346 36.0284690856934 36.9633255004883 30.0595321655273 30.7987613677979 35.1031341552734 36.8711280822754 38.3911895751953 38.0263595581055 38.4832000732422
-9999 -9999 -9999 -9999 -9999 -9999 -9999 -9999 -9999 51.6472053527832 47.5040664672852 42.2137794494629 37.7170639038086 35.8726272583008 34.7136154174805 32.0008316040039 31.8309383392334 30.6733303070068 27.4785385131836 25.7410278320313 21.1126022338867 23.7315235137939 19.5109252929688 17.0566272735596 18.1758098602295 20.5119705200195 18.9729022979736 19.5064697265625 20.9865570068359 19.2373752593994 19.812047958374 19.5275268554688 20.368314743042 24.3929882049561 29.3005790710449 32.884204864502 32.8613052368164 29.0048732757568 40.1123275756836 42.0921592712402 43.6279067993164 43.7838249206543 42.6509590148926 43.1022186279297 43.406364440918 43.0451545715332
44.6428909301758 -9999 -9999 -9999 -9999 -9999 -9999 -9999 57.2304191589355 54.2877388000488 50.2683486938477 44.8506774902344 40.1574249267578 37.3211364746094 37.247875213623 32.9781837463379 31.2346248626709 30.2748355865479 27.812816619873 26.0657825469971 22.5058841705322 22.8456001281738 21.30393409729 19.2616195678711 18.4361877441406 21.1840381622314 23.3191833496094 22.8647994995117 22.9418811798096 20.791841506958 20.2460098266602 21.7846126556396 21.7682666778564 23.5677337646484 26.1322612762451 31.5315113067627 36.396053314209 38.0607643127441 42.245059967041 -9999 44.2292098999023 43.7034645080566 -9999 -9999 -9999 -9999
44.7843971252441 47.6332473754883 -9999 -9999 -9999 -9999 -9999 -9999 58.5798416137695 58.0461196899414 54.0327186584473 48.0293235778809 43.6744689941406 43.4680595397949 38.0713157653809 33.3848838806152 31.5013771057129 30.5026168823242 28.6584300994873 26.5224342346191 25.9881801605225 22.2906227111816 22.0338535308838 19.4038925170898 17.8898906707764 18.9923515319824 24.1807556152344 24.3453636169434 24.8901214599609 24.9800357818604 24.007755279541 21.5852508544922 23.3761024475098 26.7545738220215 29.0999374389648 32.2041015625 39.1468849182129 -9999 -9999 -9999 47.0560035705566 45.9290161132813 -9999 -9999 -9999 -9999
46.9241065979004 48.669116973877 51.8900566101074 55.6251907348633 -9999 -9999 -9999 -9999 58.4269104003906 59.7553215026855 56.1504783630371 52.9957656860352 53.0537643432617 48.688591003418 46.589729309082 38.8171157836914 34.8632049560547 30.6476974487305 28.497615814209 28.9332122802734 29.0218162536621 24.6822338104248 21.046028137207 19.1503944396973 18.3946361541748 18.6889190673828 20.0780334472656 22.5839519500732 24.5768756866455 25.7979125976563 24.8989810943604 23.5992317199707 22.9910354614258 24.4962348937988 26.7690715789795 33.4306373596191 41.4938316345215 44.6243362426758 46.7824325561523 -9999 -9999 -9999 -9999 -9999 -9999 56.1628646850586
49.6242523193359 50.4916000366211 52.0798645019531 56.4417991638184 -9999 -9999 -9999 -9999 -9999 59.6527290344238 51.8738670349121 53.2703514099121 47.7946662902832 55.3566780090332 51.7238693237305 48.4889526367188 38.9528923034668 32.9811744689941 31.0193901062012 29.0739135742188 29.8605556488037 28.5230903625488 22.9594192504883 20.3527965545654 21.9498920440674 20.8235988616943 20.1792602539063 24.9519634246826 27.202600479126 -9999 -9999 27.2699642181396 28.62278175354 29.7606830596924 33.109447479248 38.7263031005859 42.5976181030273 44.3465347290039 45.578052520752 48.7243804931641 -9999 -9999 -9999 -9999 -9999 -9999
