input_data/future_climate/CanESM5_126/_band8_a.asc
ncols  331
nrows  193
xllcorner  17.833372883333
yllcorner  37.9999896166667
cellsize 0.1666667
NODATA_value  -9999
[rows 42 to 62 of 193, columns 230 to 275 of 331]
14.4614582061768 14.4187498092651 14.3739585876465 14.4104166030884 14.4031248092651 14.4520835876465 14.5802087783813 14.5135412216187 14.3885412216187 14.017707824707 13.5677080154419 13.7437496185303 13.8739585876465 14.0947914123535 14.1437501907349 13.1843748092651 12.7583332061768 12.65625 12.5927085876465 13.2583332061768 13.6614580154419 13.8239583969116 14.0708332061768 14.3895826339722 14.3697919845581 14.3114585876465 14.4614582061768 14.7260417938232 14.7531251907349 15.0374994277954 15.2114582061768 15.2718753814697 15.1947917938232 15.0989580154419 15.0114583969116 15.0822916030884 15.28125 15.4208335876465 15.4447917938232 15.4302082061768 15.4624996185303 15.3864583969116 15.2927083969116 15.1947917938232 15.2614583969116 15.3812503814697
14.6354169845581 14.502082824707 14.4895830154419 14.5343751907349 14.5354166030884 14.7052087783813 14.796875 14.6520833969116 14.5718746185303 14.4479169845581 14.0760412216187 13.7937498092651 13.5354166030884 13.6947917938232 14.1999998092651 14.1156253814697 12.8583335876465 12.8968744277954 13.1333332061768 13.0229167938232 13.3979167938232 13.7958335876465 14.1520833969116 14.4489583969116 14.4375 14.4833335876465 14.4833335876465 14.3958330154419 14.3468751907349 14.6197919845581 14.9406251907349 15.1937503814697 15.2395839691162 15.267707824707 15.236457824707 17.1916656494141 17.2093753814697 15.3656253814697 15.3291664123535 15.3687505722046 15.3583335876465 15.1499996185303 14.935417175293 14.9156246185303 15.0635414123535 15.1937503814697
14.7447919845581 14.7354164123535 14.6083335876465 14.6635417938232 14.765625 14.8958330154419 14.8114585876465 14.810417175293 14.732292175293 14.7020835876465 14.6104164123535 14.2864580154419 14.1479167938232 14.0302085876465 14.25 14.4760417938232 14.1374998092651 13.3083333969116 13.0250005722046 12.7833337783813 13.2614583969116 13.578125 14.1958332061768 14.5062494277954 14.7593755722046 14.7531251907349 14.6979169845581 14.5645837783813 14.6083335876465 14.7802085876465 14.8010416030884 15.1156253814697 15.3531246185303 15.3614587783813 15.3697919845581 15.3427076339722 15.3541669845581 15.4260416030884 15.4322919845581 15.3531246185303 16.9437503814697 16.8239574432373 16.8739585876465 15.2333326339722 16.9677085876465 15.3166666030884
16.8364582061768 16.9031257629395 16.7875003814697 16.7385406494141 14.7937507629395 14.8322916030884 14.9260416030884 14.9833335876465 14.9697914123535 14.8374996185303 14.7791662216187 14.765625 14.7124996185303 14.2729167938232 14.2093753814697 13.7552080154419 14.2552080154419 13.7104167938232 13.2250003814697 12.9395837783813 12.9333333969116 13.3947916030884 14.3083333969116 14.5531253814697 14.6260414123535 14.9229164123535 14.9802083969116 14.8552083969116 14.6958332061768 14.640625 14.8708333969116 15.1135416030884 15.3427085876465 15.3635416030884 15.3999996185303 15.4322919845581 15.4208335876465 15.3843746185303 15.3385410308838 17.0739574432373 16.9697914123535 16.9010410308838 16.9635410308838 16.8645820617676 16.8239574432373 16.9458332061768
16.7114582061768 16.5979175567627 16.5479164123535 16.6416664123535 14.7770833969116 14.8197917938232 14.8812503814697 14.9427080154419 15.0010414123535 14.9208335876465 14.7385416030884 14.578125 14.6552085876465 14.6083335876465 14.7406253814697 14.6885414123535 14.1645832061768 14.328125 13.8395833969116 13.4124994277954 12.8947916030884 13.8510417938232 14.5072917938232 14.6197919845581 14.7229166030884 14.9791669845581 15.0760412216187 15.1020832061768 14.939582824707 15.0072917938232 15.15625 15.2312498092651 15.3083333969116 15.3468751907349 15.3781251907349 15.3916664123535 15.310417175293 15.2708330154419 17.060417175293 16.9468746185303 16.8843746185303 16.8968753814697 16.9291667938232 16.814582824707 16.7666664123535 16.872917175293
16.6124992370605 16.6375007629395 16.5927085876465 14.7124996185303 14.7781248092651 14.8760414123535 14.9385414123535 14.9760417938232 14.8854169845581 14.8083333969116 14.7760410308838 14.6687498092651 14.529167175293 14.7468748092651 14.4145832061768 14.125 13.4739580154419 13.7375001907349 13.4718751907349 12.951042175293 13.3052082061768 14.0510416030884 14.4281253814697 14.5645837783813 14.7958335876465 15.0416669845581 15.1864585876465 15.2177085876465 17.0416660308838 16.8031253814697 17.091667175293 15.3843746185303 15.453125 15.3697919845581 15.4229164123535 15.3937501907349 17.1885414123535 16.9927082061768 16.8374996185303 16.8687496185303 16.794792175293 16.8541660308838 16.8916664123535 16.8468761444092 16.9135417938232 16.8197917938232
16.7093753814697 16.6489582061768 16.7197914123535 14.7020835876465 14.7593746185303 14.8270826339722 14.9593753814697 15.0197916030884 15.0062503814697 15.0635414123535 15.1437501907349 15.1031255722046 14.9812498092651 14.9958333969116 14.7406244277954 14.3062496185303 14.2177085876465 13.4562501907349 13.3541669845581 12.984375 13.5520830154419 13.9729166030884 14.1739587783813 16.4427089691162 16.6875 16.9072914123535 17.048957824707 15.0885419845581 16.951042175293 17.09375 17.3541660308838 17.46875 15.5010414123535 15.3093748092651 17.1416664123535 16.9927082061768 17.1458339691162 17.189582824707 16.9947910308838 16.8562507629395 16.7541675567627 16.9135417938232 16.9895839691162 16.986457824707 16.9333343505859 16.8291664123535
16.6979160308838 16.685417175293 16.6708335876465 16.6822910308838 14.7458333969116 14.830207824707 14.9406251907349 15.09375 15.1875 15.423957824707 15.5114583969116 15.1999998092651 14.8520832061768 14.7916669845581 14.6166667938232 14.4989585876465 14.046875 13.4854164123535 13.0260410308838 12.5229167938232 13.1479167938232 15.6125001907349 16.1197910308838 16.3635406494141 16.5385417938232 16.7406253814697 16.9072914123535 16.9781246185303 17.044792175293 17.3020839691162 17.4874992370605 17.6187496185303 17.4604167938232 17.2708339691162 17.2604160308838 17.1822929382324 17.1083335876465 17.1312503814697 17.048957824707 16.859375 16.9375 17.002082824707 16.9750003814697 17.0083332061768 17.1531238555908 17.1593742370605
16.9020824432373 16.8635406494141 16.8343753814697 16.8333339691162 14.8364582061768 15.0166664123535 15.171875 15.2864580154419 15.3729162216187 15.4312505722046 15.5645837783813 15.2875003814697 14.9250001907349 14.8812503814697 14.6875 14.2729167938232 13.7687501907349 13.015625 12.5906248092651 14.3677082061768 15.1479167938232 15.8364582061768 16.3947906494141 16.3343753814697 16.4718742370605 16.701042175293 16.90625 17.0239582061768 17.1708335876465 17.201042175293 17.2760410308838 17.4812507629395 17.578125 17.4937496185303 17.3635425567627 17.296875 17.0520839691162 16.986457824707 16.9895839691162 17.0114574432373 17.0437507629395 17.0229167938232 17.0281257629395 16.8833332061768 16.9947910308838 17.1770839691162
17.1333332061768 17.1291656494141 17.1354160308838 16.9760417938232 16.919792175293 14.982292175293 15.0979166030884 15.1197919845581 15.0364589691162 15.2072916030884 15.4177083969116 15.2885417938232 15.2364587783813 14.8406248092651 14.8093748092651 14.0552082061768 13.1000003814697 12.6770839691162 12.7531251907349 14.4635410308838 15.5843753814697 15.4833335876465 16.1302089691162 16.5249996185303 16.5947914123535 16.734375 17.0218753814697 16.9958343505859 17.0708332061768 17.169792175293 17.1437492370605 17.205207824707 17.3166675567627 17.4312496185303 17.4739589691162 17.2666664123535 17.361457824707 17.3322906494141 17.2354164123535 17.1416664123535 17.1052093505859 17.1479167938232 17.1458320617676 17.1104164123535 17.0322914123535 17.0499992370605
17.0979156494141 17.0479164123535 17.3520832061768 17.076042175293 14.8708333969116 14.8625001907349 14.9406251907349 15.1395835876465 15.0239582061768 15.1875 15.2041664123535 15.1812496185303 15.171875 14.6270837783813 14.5645837783813 14.2885417938232 14.3218746185303 13.7718753814697 13.2583332061768 13.2583332061768 15.5302085876465 15.4375 16.314582824707 16.7604160308838 16.7593746185303 16.7895832061768 17.0572910308838 17.1062507629395 17.1354160308838 17.2447910308838 17.2156238555908 17.2854175567627 17.2177085876465 17.2760429382324 17.3843746185303 17.439582824707 17.435417175293 17.3718757629395 17.390625 17.3072910308838 17.2531242370605 17.3010425567627 17.3760414123535 17.3156242370605 17.3374996185303 17.2916660308838
17.0281257629395 17.1000003814697 17.3114585876465 17.125 16.921875 15.1145830154419 15.28125 14.9645833969116 14.9520835876465 14.8385419845581 14.9968748092651 15.1614580154419 15.232292175293 15.0562505722046 14.3062496185303 14.703125 14.1218748092651 13.2562503814697 14.1708335876465 15.3197917938232 15.7375001907349 16.296875 16.7562503814697 16.8354167938232 16.7427082061768 16.9614582061768 17.1510410308838 17.0385417938232 17.1822910308838 17.3385410308838 17.3875007629395 17.392707824707 17.3624992370605 17.421875 17.421875 17.4156246185303 17.4364585876465 17.3968753814697 17.4187507629395 17.515625 17.4718742370605 17.5437507629395 17.7072906494141 17.609375 17.5531253814697 17.560417175293
17.0656242370605 17.2145843505859 17.2510414123535 17.1614589691162 17.0010414123535 15.2510414123535 15.2083330154419 14.9020833969116 14.96875 14.84375 15.0322914123535 14.9916667938232 14.6104164123535 14.8052082061768 14.2333335876465 14.5364580154419 13.2583332061768 12.9468755722046 14.7322912216187 15.1989583969116 15.7979164123535 15.9489583969116 16.6010417938232 16.7468757629395 16.701042175293 17.029167175293 17.328125 17.1197910308838 17.1447906494141 17.3187503814697 17.4583339691162 17.4802074432373 17.5322914123535 17.5593757629395 17.5843753814697 17.6041679382324 17.5864582061768 17.5614585876465 17.5406246185303 17.529167175293 17.6083335876465 17.689582824707 17.8916664123535 17.984375 17.9541664123535 17.8854160308838
17.2510414123535 17.3343753814697 17.3385410308838 17.3239593505859 17.3197917938232 15.046875 15.1291666030884 15.0322914123535 14.877082824707 15.0822916030884 15.1354160308838 14.9937496185303 14.8479166030884 14.8395833969116 14.0906248092651 14.4572916030884 14.2260417938232 13.5812501907349 15.1760416030884 14.8333339691162 15.6395835876465 16.283332824707 16.8583335876465 16.9125003814697 16.8041667938232 17.1979160308838 17.5510406494141 17.3520832061768 17.3354167938232 17.4322910308838 17.5687503814697 17.6281242370605 17.6822910308838 17.705207824707 17.7041664123535 17.7583332061768 17.8760414123535 17.8531246185303 17.7999992370605 17.7822914123535 17.8135414123535 17.872917175293 18.0406246185303 18.1010417938232 18.1395835876465 18.0979175567627
17.419792175293 17.4770832061768 17.6291675567627 17.4593753814697 17.1447925567627 16.875 14.9375 14.9947919845581 15.0093746185303 14.9937496185303 14.9833335876465 15.0510416030884 14.6125001907349 14.4312496185303 14.3656253814697 14.8822917938232 14.4947919845581 13.919792175293 15.6875 15.1218748092651 15.6458330154419 16.3687496185303 17.0562496185303 17.1864585876465 17.1302089691162 17.5374984741211 17.7124996185303 17.5822925567627 17.5614585876465 17.5562496185303 17.6260414123535 17.7895832061768 17.872917175293 17.8333339691162 17.9052085876465 18.0093746185303 18.0552082061768 18.0072917938232 17.9760417938232 17.9072914123535 17.919792175293 17.9677085876465 18.0562496185303 18.1458339691162 18.1375007629395 18.298957824707
17.7000007629395 17.8333339691162 18.1135425567627 17.8979167938232 17.423957824707 17.232292175293 17.1822910308838 15 15.142707824707 15.2375001907349 15.2239580154419 15.236457824707 14.8500003814697 14.6374998092651 15.0229167938232 15.7760419845581 15.5270833969116 15.234375 15.1781253814697 15.2708339691162 16.1885414123535 16.7770843505859 17.3125 17.2531242370605 17.1864585876465 17.6812496185303 17.923957824707 17.8708324432373 17.814582824707 17.7572917938232 17.7197914123535 17.841667175293 17.8291664123535 17.7625007629395 17.783332824707 17.8385410308838 17.9489593505859 18.0499992370605 18.076042175293 18.0614585876465 18.0364589691162 18.0770835876465 18.064582824707 18.1041660308838 18.21875 18.2875003814697
17.7937488555908 17.9020843505859 18.1958332061768 18.154167175293 17.890625 17.794792175293 17.4874992370605 15.1583337783813 14.9677085876465 15.1343746185303 15.171875 15.1489582061768 14.3760414123535 13.5749998092651 14.6520833969116 14.310417175293 15.7218751907349 15.2583332061768 15.2229166030884 15.8395833969116 15.6135416030884 17.1354160308838 17.4010429382324 17.4541664123535 17.3531246185303 17.6802082061768 17.9479160308838 18.1260414123535 18.1937503814697 18.0614585876465 18.0229167938232 17.9968757629395 17.9229164123535 17.9229164123535 17.90625 17.8854160308838 17.8562507629395 17.8937492370605 17.9760417938232 18.1947917938232 18.1822910308838 18.2427082061768 18.1770839691162 18.1395835876465 18.220832824707 18.2927074432373
17.9989585876465 17.9614582061768 18.2135410308838 18.0822925567627 18.0499992370605 17.8697910308838 15.5010414123535 15.296875 14.8249998092651 14.8885412216187 14.9104166030884 14.6520833969116 13.9739580154419 13.9812498092651 13.3697919845581 15.0645837783813 15.8354167938232 14.8072919845581 15.6989583969116 16.3177089691162 16.720832824707 16.9010410308838 17.40625 17.502082824707 17.5114593505859 17.7645835876465 17.8187503814697 18.002082824707 18.2250003814697 18.2843742370605 18.3020839691162 18.2718753814697 18.3062496185303 18.3052082061768 18.1885414123535 18.1343746185303 18.0354156494141 18.015625 18.0062503814697 18.2385406494141 18.2541675567627 18.3135414123535 18.2718753814697 18.3197917938232 18.3406257629395 18.2885417938232
18.095832824707 18.1864585876465 18.2291679382324 18.1260414123535 18.1104164123535 18.044792175293 15.6656246185303 15.5541667938232 15.3687496185303 15.2916669845581 14.8833332061768 14.4958333969116 14.3770837783813 14.1458330154419 13.2604169845581 15.0718746185303 16.1520843505859 15.283332824707 15.8489580154419 16.2447929382324 16.6000003814697 17.2250003814697 17.5572929382324 17.3989582061768 17.640625 17.9333343505859 18.0187492370605 18.0770835876465 18.1218757629395 18.1124992370605 18.3562507629395 18.4479160308838 18.4333343505859 18.5031242370605 18.4885425567627 18.5187492370605 18.4020843505859 18.3947906494141 18.3552093505859 18.330207824707 18.3864593505859 18.4427089691162 18.3895835876465 18.3999996185303 18.28125 18.2666664123535
18.064582824707 18.1520824432373 18.1947917938232 17.8833332061768 17.9312496185303 15.4156246185303 15.5093755722046 15.4572916030884 15.3458337783813 15.2927083969116 15.0968751907349 14.6895837783813 14.3739585876465 14.173957824707 13.5677080154419 15.1739587783813 15.8156251907349 15.1531248092651 15.6364583969116 16.0479164123535 17.0270824432373 17.326042175293 17.408332824707 17.6843757629395 17.7124996185303 18.0031242370605 18.2093753814697 18.2020835876465 18.1875 18.2854156494141 18.4489574432373 18.5708332061768 18.5218753814697 18.544792175293 18.5562496185303 18.622917175293 18.6312503814697 18.6302089691162 18.6729164123535 18.5989589691162 18.5531253814697 18.5697917938232 18.529167175293 18.4750003814697 18.3583335876465 18.3760414123535
18.0239582061768 18.0458335876465 18.142707824707 18.1531257629395 18.048957824707 17.9343738555908 15.3833332061768 15.4145832061768 15.3062505722046 15.1197910308838 14.828125 14.6989583969116 14.3854160308838 14.0239582061768 13.5958337783813 16.0031242370605 15.5270833969116 15.7322912216187 16.0656242370605 16.6645832061768 17.232292175293 17.453125 17.6781253814697 17.7062492370605 17.9031257629395 18.0854167938232 18.2958335876465 18.2906246185303 18.1906242370605 18.3427085876465 18.4270839691162 18.5375003814697 18.5187492370605 18.5906257629395 18.625 18.6312503814697 18.6416664123535 18.6958332061768 18.7083339691162 18.7197914123535 18.6197910308838 18.6364593505859 18.595832824707 18.4958324432373 18.4468746185303 18.4718742370605
