input_data/future_climate/CanESM5_126/_band19_a.asc
ncols  331
nrows  193
xllcorner  17.833372883333
yllcorner  37.9999896166667
cellsize 0.1666667
NODATA_value  -9999
[rows 0 to 29 of 193, columns 69 to 137 of 331]
101.181816101074 106.5 102.272727966309 110.83332824707 113.416664123535 115.857147216797 117 -9999 -9999 -9999 -9999 -9999 -9999 -9999 -9999 -9999 -9999 -9999 -9999 -9999 -9999 -9999 -9999 -9999 -9999 -9999 -9999 -9999 -9999 -9999 -9999 -9999 -9999 -9999 -9999 -9999 -9999 -9999 -9999 -9999 -9999 -9999 -9999 -9999 -9999 -9999 -9999 -9999 -9999 -9999 -9999 -9999 -9999 -9999 -9999 -9999 -9999 -9999 -9999 -9999 -9999 -9999 -9999 -9999 -9999 -9999 -9999 -9999 -9999
98.5625 100.4375 101.333335876465 105.25 107.33332824707 110.199996948242 112 -9999 -9999 -9999 -9999 -9999 -9999 -9999 -9999 117.125 116.25 114.5 112 -9999 -9999 -9999 -9999 -9999 -9999 -9999 -9999 -9999 -9999 -9999 -9999 -9999 -9999 -9999 -9999 -9999 -9999 -9999 -9999 -9999 -9999 -9999 -9999 -9999 -9999 -9999 -9999 -9999 -9999 -9999 -9999 -9999 -9999 -9999 -9999 -9999 -9999 -9999 -9999 -9999 -9999 -9999 -9999 -9999 -9999 -9999 -9999 -9999 -9999
92.1875 94.4375 97.9375 100.6875 103.625 109.125 111.4375 114.625 116.071426391602 116.5 117.25 116.375 112.600006103516 110.75 114.785713195801 113.66667175293 111.9375 112.875 111.375 111.692306518555 112.916664123535 102.66667175293 99.1666717529297 -9999 -9999 -9999 -9999 -9999 -9999 -9999 -9999 -9999 -9999 -9999 -9999 -9999 -9999 -9999 -9999 -9999 -9999 -9999 -9999 -9999 -9999 -9999 -9999 -9999 -9999 -9999 -9999 -9999 -9999 -9999 -9999 -9999 -9999 -9999 -9999 -9999 -9999 -9999 -9999 -9999 -9999 -9999 -9999 -9999 -9999
90.1875 92.8125 93.5 94.25 97.0625 100.125 105.3125 110.375 113.3125 112.1875 111.625 111 112.125 111.1875 109.6875 107.125 105.133331298828 107.230773925781 105.333335876465 109.25 109.699996948242 110.727272033691 110 -9999 -9999 -9999 -9999 -9999 -9999 -9999 -9999 -9999 -9999 -9999 -9999 -9999 -9999 -9999 -9999 -9999 -9999 -9999 -9999 -9999 -9999 -9999 -9999 -9999 -9999 -9999 -9999 -9999 -9999 -9999 -9999 -9999 -9999 -9999 -9999 -9999 -9999 -9999 -9999 -9999 -9999 -9999 -9999 -9999 -9999
87.75 87.1875 87.3125 90.9375 94.3125 99.6875 105 105.875 105.0625 104.1875 102.625 104.5 104.3125 103.0625 102.3125 101.75 101.1875 100 99.125 99.9375 100.9375 102.357147216797 104.5 108.454544067383 98.4444427490234 -9999 -9999 100 98.875 94.8000030517578 88.5 -9999 -9999 -9999 -9999 -9999 -9999 -9999 -9999 -9999 -9999 -9999 -9999 -9999 -9999 -9999 -9999 -9999 -9999 -9999 -9999 -9999 -9999 -9999 -9999 -9999 -9999 -9999 -9999 -9999 -9999 -9999 -9999 -9999 -9999 -9999 -9999 -9999 -9999
85.5 85.4375 89.4375 90.875 94.5625 98.4375 100.875 102.5 102.75 102.375 100.875 102.0625 101.6875 99.25 97.75 95.875 94.625 95.125 95.125 94.8125 94.5625 96.875 99.6875 103.875 96.466667175293 99.5833282470703 97.2666625976563 96.9375 95.6875 100.625 97 94.0909118652344 92.2727203369141 90.4285736083984 88.7142868041992 89.375 89.125 89 89.75 89.3333282470703 -9999 -9999 -9999 -9999 -9999 -9999 -9999 -9999 -9999 -9999 -9999 -9999 -9999 -9999 -9999 -9999 -9999 -9999 -9999 -9999 -9999 -9999 -9999 -9999 -9999 -9999 -9999 -9999 -9999
86.4375 88.3125 90.625 91.8125 93.625 95.5625 97.3125 98.9375 100.75 101.4375 101.875 99.9375 97.5 95.0625 93.9375 92.4375 91.0625 90.125 89.625 91.3125 92 92.0625 94.125 97.125 102 103.8125 103.0625 102.375 100.625 98.5625 95.375 92.8125 90.5625 88.3125 86.3125 87.375 88.4375 89.25 89.1875 90.375 90.3846130371094 91.2727279663086 90.8333358764648 93 -9999 -9999 -9999 -9999 -9999 -9999 -9999 -9999 -9999 -9999 -9999 -9999 -9999 -9999 -9999 -9999 -9999 -9999 -9999 -9999 -9999 -9999 -9999 -9999 -9999
87.9375 88.5 89.0625 90.0625 92.375 93.625 94.75 96.25 97 97 95.8125 94.625 93.0625 91.625 90.5625 88.25 87.75 87.8125 86.625 85.125 84.75 85.0625 86.9375 91 94.625 96.875 97.75 97.5625 96.625 94.6875 92.375 90.25 89.0625 87.9375 86.3125 85.9375 85.875 85.75 88.25 91.3125 92.4375 92.75 93.0625 94.0625 93.8571472167969 94.75 95.25 -9999 -9999 -9999 -9999 -9999 -9999 -9999 -9999 -9999 -9999 -9999 -9999 -9999 -9999 -9999 -9999 -9999 -9999 -9999 -9999 -9999 -9999
87.875 88.125 88.5625 90.4375 90.875 91.875 92.25 92.9375 92.5 92.5 92 90.5 89 88.125 85.375 82.9375 83.875 82.9375 82.4375 80.875 80.5 81 82.0625 86.3125 90.25 92.0625 93.875 94.875 93.4375 91.5625 90.1875 89.375 87.75 86.4375 84.3125 83.9375 84.75 85.6875 87.5 89.9375 90.375 91.5 92.4375 94.1875 95.75 96.6875 97.25 96.375 95.9166641235352 94.7142868041992 94 -9999 -9999 -9999 -9999 -9999 -9999 -9999 -9999 -9999 -9999 -9999 -9999 -9999 -9999 -9999 -9999 -9999 -9999
87.75 88.5625 89.5 89.8125 91.5 92.9375 92.1875 91.25 91.875 91.1875 89.875 89.0625 86.75 84.25 81.4375 80.6875 79.8125 81.4375 81.9375 80.6875 79.25 79 79.125 80.75 84.5 88.8125 89.4375 90.6875 91.4375 90.3125 88.8125 87.875 85.875 83.6875 83.625 83.4375 84.6875 86.0625 87.5 89.0625 89.5 90.5 91.75 91.875 94.125 97 97.8125 98.1875 98.4375 98.0625 97.0625 96.8999938964844 95 -9999 -9999 -9999 -9999 -9999 -9999 -9999 -9999 -9999 -9999 -9999 -9999 -9999 -9999 -9999 -9999
90.3125 90.9375 93.25 96.9375 96 96.5625 94.75 94.4375 95.6875 93.5625 91 88.5625 86 83.625 82.3125 82.5625 80.4375 80.4375 81.625 78.625 76.125 74.75 77.6875 77.4375 80.5 85.4375 89.25 91.625 90.375 88.5625 86.9375 86.0625 84.25 83.25 83.0625 82.5625 84.1875 86.25 87.25 88.125 88.9375 89.9375 90.8125 92.0625 92.4375 93.25 94.1875 95.0625 97.3125 97.4375 97.8125 97.375 95.8125 94.538459777832 93.875 94.75 93 -9999 -9999 -9999 -9999 -9999 -9999 -9999 -9999 -9999 -9999 -9999 -9999
93.9375 93.75 96 94.875 94.8125 95.625 94.3125 93.5625 95.375 100.0625 95.875 91.625 90.875 86.3125 85.4375 85.1875 84.1875 82.3125 81.6875 76.6875 76.625 74.75 74.6875 77.75 81.3125 84.8125 88.3125 90.75 89.75 86.5625 84.75 82.75 80.8125 80.3125 80.75 81.25 83.25 84.625 86.25 87.4375 87.4375 88.6875 89.9375 91.4375 92.125 92.9375 93.6875 95.1875 96.875 97.1875 97.375 96.9375 95.9375 95.6875 94.75 95.5 95.25 95.7142868041992 95.3333282470703 94 -9999 -9999 -9999 -9999 -9999 -9999 -9999 -9999 -9999
94.75 95.125 94.8125 95.625 96.9375 94.6875 94.5 94.6875 95 94.375 93.1875 95.875 96.125 95.25 90.8125 89.5 86.3125 85.0625 88.4375 78.25 73.4375 73.5625 77.4375 82 85.125 87.4375 87.9375 88.75 88.1875 86.0625 84.125 82.0625 80.25 79 79.75 81 82.1875 84.625 85.5625 86.9375 87.25 88.5 89.9375 91.75 92.5625 94.0625 95.25 96.5625 97.5625 96.1875 96.125 96.125 96.4375 95.875 96.0625 97.0625 97.0625 97.25 97.0625 97.125 84.1666717529297 81.1428527832031 84.1818161010742 83.6666641235352 -9999 -9999 -9999 -9999 -9999
98.4375 97.5625 98.0625 97.9375 96.875 95.6875 98.375 98.3125 95.75 96.1875 97.1875 93.5625 92.875 92.375 93 93.125 91.6875 87 95.9375 88.5 80.8125 77.4375 82 88 90.6875 92 93.5625 92.75 89.5625 86.1875 86.375 88.625 87.0625 84.75 80.5625 80.25 81.5 82.3125 83.8125 85.25 86.625 89 90.25 91.1875 92.1875 93.6875 94.8125 95.25 95.625 95.3125 95.625 96.1875 95.5 95.4375 94.9375 95 95 94.9375 96.3125 96.375 96.1875 86.9375 86.8125 87.1875 82.1999969482422 78.1999969482422 75.3333358764648 -9999 -9999
101.75 103.6875 103.1875 101.25 98.625 97.8125 98.1875 98.6875 98.375 96.3125 93.875 93.3125 93.125 93.75 91.6875 90.125 87.875 87.375 95.875 87.1875 84.5 85.3125 91.375 98.125 103.8125 102.6875 102.8125 97.375 92.8125 88.8125 89.4375 94.5625 90.375 86.1875 81.5 81.9375 82.75 83.375 84.75 85.5625 86.8125 87.75 89.625 91 92 93.5 94.3125 94.5625 94.4375 94.125 94.5 94.3125 95 94.25 94.25 93.4375 93.6875 94.125 95.25 95.5625 97 96 95.375 87.5 84.9375 80.6875 84.7692337036133 83.7333297729492 82.4000015258789
106.5625 107.1875 106.1875 105.875 105 104.625 104.1875 101.8125 99.5625 97.375 94.8125 93.5625 93.1875 91.9375 91.375 91.25 90.8125 90.375 89.9375 89.5 89.4375 91.875 97.3125 101.5625 101.8125 101.875 101.375 99.625 93.5 88.6875 87.375 85.0625 83.4375 82.625 82.1875 83.375 84.0625 83.6875 83.5 84.5625 85.0625 86.1875 86.75 87.5625 90.0625 90.625 91.875 92.375 92.5625 93.75 93.375 92.75 93 92.6875 92.1875 92.25 92.5 93.625 94.25 94.5 94.0625 93.3125 91.9375 90.125 88.25 87 85.5625 83.9375 83.75
108.1875 109.6875 107.1875 105.375 106 106.8125 106.375 102.3125 99.875 100.1875 100.1875 101.6875 97.8125 94.5625 94.75 93.9375 93.5 93.875 93.875 94.125 94.625 96.5 98.8125 100.5625 100.625 98.375 96 93.4375 90.9375 88.625 87.6875 86.5 85.0625 84.25 82.75 82.375 83.5 84.625 84.6875 84.125 83.9375 84.5625 85.1875 86.4375 87.75 88.9375 90.125 90.375 89.6875 89.25 88.875 88.5 88.875 89.0625 89.875 89.875 90.375 90.9375 91.4375 91.4375 91 90.25 88.875 87.4375 85.625 83.625 81.75 80.625 80.875
109.125 106.875 105.75 105.3125 106.125 105.8125 107.1875 106.875 104.25 104.3125 104.625 103.875 99.5 97.25 96.5625 96.875 96.8125 96.8125 97.375 98.6875 99.0625 100.5 101.75 100.5 98.6875 96.75 95.3125 92.75 90.75 89.0625 87.375 86.8125 85.125 83.875 82.1875 81.1875 81.1875 81.75 82.625 82.5625 82.875 83.375 84.5 85.4375 86.375 87.5625 88.1875 88.75 88.1875 87.625 87 86.6875 86.75 87 86.4375 86.375 86.875 86.8125 87.4375 87.6875 87.1875 86.125 85.375 83.6875 82.125 80.3125 78.8125 77.5 76.875
107.625 107.875 106.0625 104.8125 104.4375 104.6875 103.625 103.375 102.4375 102.25 100.6875 102.75 102.6875 100.5 96.8125 96.3125 96.1875 98 99.5 101.285720825195 101.153846740723 101.875 100.625 99.25 97.625 96.375 94.8125 92.3125 90.8125 88.875 87.3125 86.8125 85.125 83.5625 81.375 81 80.125 79.375 79.5 79.875 81.375 82.4375 83.6875 84.375 85.125 85.875 85.5 85.5625 85.5 85.125 84.875 84.5625 84.4375 84.3125 84.25 84.0625 84.8125 84.1875 83.4375 82.0625 82.75 81.9375 81.125 79.9375 77.875 76.3125 74.375 73.9375 73.1875
106 106.0625 106.875 106.6875 103.5 100.1875 98.8125 99.625 98.875 98.5 99.0625 97.5 98.0625 97.125 97.25 97 96.9375 99.375 99.6875 100.181816101074 104.66667175293 101.777778625488 102.199996948242 99.875 97.0625 95.4375 93.875 91.6875 90.875 88.9375 87.3125 85.6875 84.125 82.9375 81.3125 80.4375 79.75 78.75 78.3125 78 78.5 79.5625 81.0625 81.875 82.3125 83.1875 83.5625 83.8125 83.9375 83.5625 83.3125 83.6875 83.8125 84.0625 84 83.5 82.875 82.1875 82.375 82.375 81.25 80.5 79.1875 77.625 75.8125 73.375 72.25 71.4375 70.5
106.75 106.9375 105.5 104.0625 101.8125 99.625 98 97.6875 97.5625 96.8125 97.5625 99.0625 96.375 96.5625 96.75 97.25 98.8125 98.9375 100 99.875 99.4285736083984 99.8999938964844 100.599998474121 97.6666717529297 95.6999969482422 94.6923065185547 94.9000015258789 92.3125 89.875 88.0625 87.125 85.125 83.6875 82.1875 81 80.125 79.4375 78.5625 77.125 76.4375 76.875 77.8125 78.8125 79.25 80.375 80.6875 80.9375 81.4375 81.625 82.0625 82.25 82 81 81.375 81.6875 81.875 81.4375 80.9375 79.8125 79.1875 78.6875 77.8125 77.25 75.375 73.375 71.1875 68.8125 67.25 65.5
104.6875 104.9375 104.3125 103.5625 103.3125 100.9375 99.25 97.5 96.5625 96.3125 96.25 96.3125 97.1875 96.8125 96.25 96.625 97.5 97.75 98.3125 99.375 98.25 98 97.8000030517578 97.5714263916016 96.1111145019531 97 -9999 -9999 -9999 90.6666641235352 87.75 84.8461532592773 82.1111145019531 81.0999984741211 80.0625 79.0625 78.125 77 76.6875 76.6875 75.4375 75.5 75.8125 76.1875 77.875 78.375 78.75 80.125 80.4375 80.875 80.875 81.375 80.9375 80.875 80.75 80.25 80.0625 74.0625 73.625 72.5625 72 70.1875 69.625 69 67.4375 66.625 64.75 61.8125 60.5
104.25 103.75 102.4375 102.8125 103.4375 102.5 99.3125 97.5625 96.375 95.6875 96.8125 96.875 97.0625 97.25 97.0625 97.4375 97.8125 97.9375 97.625 98.125 98 97.9375 96.9375 95.5 95.4375 93.0666656494141 96.625 94 -9999 -9999 -9999 -9999 -9999 -9999 -9999 78.25 76.5454559326172 76 68.1999969482422 67.5 67.5 68.5 74.125 73.5625 74.1875 74.6875 75.9375 76.9375 77.875 79.1875 79.5 79.8125 80 80.1875 79.4375 78.6875 71.75 70.0625 70 69.5625 68.0625 67.4375 65.25 64.9375 63.8125 62.2666702270508 60.4166679382324 59.25 -9999
104.6875 101.875 101.625 102.25 102.25 101.3125 100.25 98.125 96.875 96.9375 96.1875 96.4375 97.3125 96.3125 97.0625 98 97.9375 98.3125 98.0625 97.5625 97.4375 96.75 95.875 94.25 93.8125 91.8125 90.6875 89.3571472167969 86.625 85.5 -9999 -9999 -9999 -9999 -9999 -9999 -9999 -9999 -9999 -9999 66 65.75 66.5 66.125 72.375 73.125 73.9000015258789 74.25 76.0625 77.4375 77.875 78 78.6875 79.0625 78.875 78.5 69.6875 68.125 67.625 65.4375 62.6875 62.25 62.769229888916 63.7272720336914 62.5714263916016 -9999 -9999 -9999 -9999
105.125 103 102.5 102.125 101.625 101.875 100.5625 97 97.375 97.5625 97.625 96.375 96.125 96 96.625 96.9375 97.1875 97.3125 96.9375 97.75 97.125 97.4375 96.125 94.0625 92.75 90.9375 89.3125 88.0625 85.8125 84.5625 82.1538467407227 80.5 -9999 -9999 -9999 -9999 -9999 -9999 -9999 -9999 -9999 -9999 -9999 -9999 -9999 -9999 -9999 -9999 77 77 76.75 76.75 77.6363677978516 78 78.5833282470703 69.1666717529297 67.8181838989258 67.625 67.125 65 63.5 -9999 -9999 -9999 -9999 -9999 -9999 -9999 -9999
103.75 102.875 102.25 101.75 101.375 101.1875 100.125 100.125 98.0625 96.8125 96.625 96.5 95.75 95.5625 95.75 96.0625 96.3125 96.5625 96.375 96.5625 96.75 97.375 95.6875 93.375 91.4375 90.125 88.25 86.3125 84.8125 82.9375 81.5625 79.25 78.0909118652344 78 -9999 -9999 -9999 -9999 -9999 -9999 -9999 -9999 -9999 -9999 -9999 -9999 -9999 -9999 -9999 -9999 -9999 -9999 -9999 -9999 -9999 -9999 -9999 -9999 -9999 -9999 -9999 -9999 -9999 -9999 -9999 -9999 -9999 70.1111145019531 68.5625
102.75 102 102.25 101.3125 100.75 100 99.3125 97.8125 97.3125 96.875 95.625 95.125 95.3125 95.6875 96.625 96.25 96.0625 95.875 94.6875 94.3125 94.0625 93.5625 92.4375 92.125 91 89.8125 88.375 85.875 83.3125 81.375 79.5 77.3125 76 75.3333358764648 67.25 -9999 -9999 -9999 -9999 -9999 -9999 -9999 -9999 -9999 -9999 -9999 -9999 -9999 -9999 -9999 -9999 -9999 -9999 -9999 -9999 -9999 -9999 -9999 -9999 -9999 -9999 -9999 -9999 -9999 66 73.375 72.0714263916016 70.4375 71
102.625 102.0625 101.75 101.5625 100.25 100.0625 98 97.625 97.1875 97.1875 96.4375 95.6875 95.25 94.8125 94.6875 93.875 94.5625 94.5625 93.625 93.3125 92.5 92.0625 91.125 90.125 89.4375 87.9375 86.875 85.875 83.875 80.625 78 76.6875 75.3333358764648 70 -9999 -9999 -9999 -9999 -9999 -9999 -9999 -9999 -9999 -9999 -9999 -9999 -9999 -9999 -9999 -9999 -9999 -9999 -9999 -9999 -9999 -9999 -9999 -9999 -9999 -9999 -9999 -9999 70.3333358764648 81.1999969482422 79.125 76.6875 73.75 73.8125 74.375
102.625 102 101.9375 101.375 100.4375 100.0625 98.75 97.3125 97.375 97.0625 96.125 95.8125 95.3125 95 94.375 93.375 93.3125 92.625 92.1875 92.125 90.75 90.375 89.125 88.4375 88.4375 85.6875 85.5625 82.6875 80.875 78.75 76.625 75.3000030517578 75 -9999 -9999 -9999 -9999 -9999 -9999 -9999 -9999 -9999 -9999 -9999 -9999 -9999 -9999 -9999 -9999 -9999 -9999 -9999 -9999 -9999 -9999 -9999 -9999 -9999 -9999 -9999 -9999 -9999 87.6923065185547 85 81.375 78.75 77.625 76.5 76.625
104.5625 103.5625 102.3125 102.1875 100.1875 99.0625 98.3125 97.4375 97.4375 96.125 94.625 95.1875 94.3125 94.0625 93.75 93.4375 92.4375 91.875 91.125 89.875 89.25 89.0625 88.125 87.25 86.375 85.4375 83.5625 82.8125 81.0625 79.75 76.5 75.2222213745117 74.5 -9999 -9999 -9999 -9999 -9999 64 63 63 -9999 -9999 -9999 60.5 -9999 -9999 -9999 -9999 -9999 -9999 -9999 -9999 -9999 -9999 -9999 -9999 -9999 -9999 -9999 -9999 -9999 86 83.9230804443359 81 79.4375 78.875 79.5625 79.9375
