input_data/future_climate/CanESM5_126/_band10_a.asc
ncols  331
nrows  193
xllcorner  17.833372883333
yllcorner  37.9999896166667
cellsize 0.1666667
NODATA_value  -9999
[rows 84 to 104 of 193, columns 0 to 45 of 331]
-9999 -9999 -9999 -9999 -9999 -9999 -9999 -9999 -9999 -9999 -9999 -9999 -9999 -9999 -9999 -9999 -9999 -9999 -9999 18.9576930999756 18.9104156494141 18.8187503814697 18.826042175293 18.5520839691162 18.3708343505859 18.4760417938232 18.5052089691162 18.5718746185303 18.7083339691162 18.7437496185303 18.890625 18.90625 18.9833335876465 19.1145839691162 19.2135410308838 19.1781253814697 19.2552089691162 19.234375 19.2510414123535 19.263542175293 19.1364574432373 19.1260414123535 19.0479164123535 19.1010417938232 19.1302089691162 19.1843757629395
-9999 -9999 -9999 -9999 -9999 -9999 -9999 -9999 -9999 -9999 -9999 -9999 -9999 -9999 -9999 -9999 -9999 -9999 -9999 19.0972213745117 19.1010417938232 18.8635425567627 18.7718753814697 18.6885414123535 18.6010417938232 18.4437503814697 18.4645843505859 18.5364589691162 18.6364593505859 18.6666660308838 18.7645835876465 18.7927074432373 18.8677082061768 18.9343757629395 19.0145835876465 19.0520839691162 19.1666660308838 19.1437492370605 19.2072925567627 19.185417175293 19.0062503814697 19.0770835876465 19.0583343505859 19.095832824707 19.0885410308838 19.1260414123535
-9999 -9999 -9999 -9999 -9999 -9999 -9999 -9999 -9999 -9999 -9999 -9999 -9999 -9999 -9999 -9999 -9999 -9999 -9999 19.2550010681152 19.2760410308838 19.0583343505859 18.7416667938232 18.658332824707 18.7427082061768 18.6572914123535 18.5437507629395 18.5249996185303 18.4927082061768 18.6760406494141 18.6135406494141 18.5635414123535 18.5989589691162 18.7020835876465 18.783332824707 18.9177074432373 19.0479164123535 19.1281242370605 19.2447910308838 19.3041667938232 19 18.970832824707 18.9614582061768 18.9906253814697 19.017707824707 19.1666660308838
-9999 -9999 -9999 -9999 -9999 -9999 -9999 -9999 -9999 -9999 -9999 -9999 -9999 -9999 -9999 -9999 -9999 -9999 -9999 19.3166675567627 19.2552070617676 19.265625 19.0145835876465 18.8364582061768 18.779167175293 18.872917175293 18.8208332061768 18.625 18.5614585876465 18.4791679382324 18.4989585876465 18.5270824432373 18.4760417938232 18.5520839691162 18.6812496185303 18.857292175293 18.9854164123535 19.1135406494141 19.0708332061768 19.0833339691162 18.9614582061768 18.8895835876465 18.872917175293 18.966667175293 18.9489593505859 19.0531253814697
-9999 -9999 -9999 -9999 -9999 -9999 -9999 -9999 -9999 -9999 -9999 -9999 -9999 -9999 -9999 -9999 -9999 -9999 -9999 19.2555541992188 19.2972221374512 19.3687496185303 19.2354164123535 19.0697917938232 18.9854164123535 19.064582824707 18.9989585876465 18.877082824707 18.8374996185303 18.7958335876465 18.6989593505859 18.6135425567627 18.5833339691162 18.625 18.7250003814697 18.8739585876465 19.0395832061768 19.076042175293 18.9874992370605 18.888542175293 18.7625007629395 18.8062496185303 18.8718757629395 18.8187503814697 18.8656253814697 18.8666667938232
-9999 -9999 -9999 -9999 -9999 -9999 -9999 -9999 -9999 -9999 -9999 -9999 -9999 -9999 -9999 -9999 -9999 19.2333335876465 19.2785720825195 19.2249984741211 19.1783332824707 19.2489585876465 19.3031253814697 19.3166656494141 19.3187503814697 19.2958335876465 19.3541660308838 19.205207824707 19.1197910308838 19.0364589691162 18.8875007629395 18.8250007629395 18.6979160308838 18.7906246185303 18.8833332061768 18.970832824707 19.1468753814697 19.0874996185303 18.9614582061768 18.8291664123535 18.798957824707 18.8385429382324 18.7083339691162 18.7093753814697 18.75 18.9072914123535
-9999 -9999 -9999 -9999 -9999 -9999 -9999 -9999 -9999 -9999 -9999 -9999 -9999 -9999 -9999 -9999 19.3444442749023 19.2666664123535 19.283332824707 -9999 19.107141494751 19.1614589691162 19.2250003814697 19.3010406494141 19.3958339691162 19.3656253814697 19.357292175293 19.205207824707 19.1979160308838 19.185417175293 19.1031246185303 18.9385414123535 18.904167175293 18.9479160308838 18.96875 19.0104160308838 19.048957824707 18.9937496185303 19.0229167938232 18.8958339691162 18.7802085876465 18.6104164123535 18.6166667938232 18.6333332061768 18.6749992370605 18.6635417938232
-9999 -9999 -9999 -9999 -9999 -9999 -9999 -9999 -9999 -9999 -9999 -9999 19.4638900756836 19.3250007629395 19.3128204345703 19.3307685852051 19.3400001525879 19.3680553436279 19.3055553436279 19.2604160308838 19.2266674041748 19.2291660308838 19.2760410308838 19.236457824707 19.2291660308838 19.3041667938232 19.341667175293 19.2395839691162 19.1604156494141 19.0791664123535 19.1354160308838 19.0677089691162 19.0052089691162 18.8520832061768 18.9500007629395 19.0833339691162 19.4072914123535 19.1729164123535 18.8947906494141 18.8114585876465 18.7906246185303 18.7177085876465 18.7218742370605 18.6770839691162 18.6531257629395 18.6906242370605
18.6749992370605 18.8562507629395 18.8968753814697 19.1974353790283 19.0033340454102 19.1916675567627 -9999 -9999 -9999 -9999 -9999 -9999 19.6047611236572 19.5411109924316 19.4656257629395 19.53125 19.5416660308838 19.3552074432373 19.2802085876465 19.2072906494141 19.171875 19.1791667938232 19.2385406494141 19.2458324432373 19.294792175293 19.3156242370605 19.3218746185303 19.2041664123535 19.1635417938232 19.1531257629395 19.2395839691162 19.1604175567627 19.142707824707 19.0656242370605 18.9562492370605 19.0093746185303 19.0927085876465 19.0854167938232 18.8999996185303 18.6687507629395 18.7604160308838 18.685417175293 18.7739582061768 18.7312507629395 19.091667175293 18.8239574432373
18.576042175293 18.6968746185303 18.7156257629395 19.1447906494141 19.5472221374512 19.3299999237061 -9999 -9999 -9999 -9999 -9999 19.6766662597656 19.9312496185303 19.6652774810791 19.4797630310059 19.4562492370605 19.3635406494141 19.203125 19.1968746185303 19.2197914123535 19.2718753814697 19.2291679382324 19.2739582061768 19.3895835876465 19.404167175293 19.3739585876465 19.3447914123535 19.2531261444092 19.138542175293 19.0072917938232 19.0770835876465 19.1156253814697 19.1395835876465 19.2239589691162 19.013542175293 19.0041656494141 19.0322914123535 19.03125 18.9020843505859 18.6510410308838 18.5968742370605 18.6489582061768 18.6947917938232 18.8479156494141 18.8781242370605 18.5052089691162
18.3760414123535 18.4125003814697 18.4458332061768 18.78125 19.4820518493652 19.9222221374512 19.6083335876465 19.5375003814697 19.5125007629395 19.4444446563721 19.5296287536621 19.6654758453369 19.640625 19.3041667938232 19.1052093505859 18.9812507629395 19.140625 19.1656246185303 19.265625 19.3093757629395 19.359375 19.3354167938232 19.3520832061768 19.3541660308838 19.234375 19.232292175293 19.0989589691162 18.8052082061768 18.578125 18.3583335876465 18.4208335876465 18.7156257629395 18.986457824707 19.1135406494141 19.1291675567627 19.171875 19.107292175293 18.9645843505859 18.6937503814697 18.78125 18.7239589691162 18.7145824432373 18.7416667938232 18.7531242370605 18.654167175293 18.5343742370605
18.5197906494141 18.4947910308838 18.4114570617676 18.5822925567627 19.3500003814697 19.6864585876465 19.6447906494141 19.6604175567627 19.6755561828613 19.3935890197754 19.048957824707 19.46875 19.5031242370605 19.3333339691162 19.2062492370605 19.0989589691162 19.3218746185303 19.4572906494141 19.6135406494141 19.6593742370605 19.6677093505859 19.6458339691162 19.6177082061768 19.4854164123535 19.4572925567627 19.2000007629395 18.8718757629395 18.6625003814697 18.6010417938232 18.375 18.4697914123535 18.5531253814697 18.8229160308838 18.9489574432373 19.0239582061768 19.0395832061768 18.9750003814697 18.8999996185303 18.84375 18.8812503814697 18.8083343505859 18.705207824707 18.7385406494141 18.720832824707 18.734375 18.6447906494141
18.8583335876465 18.8500003814697 18.8479175567627 18.9052085876465 19.28125 19.6343746185303 19.6968746185303 19.701042175293 19.6552085876465 19.6520843505859 19.486457824707 19.4302082061768 19.3427085876465 19.470832824707 19.388542175293 19.3958339691162 19.4302082061768 19.3968753814697 19.4624996185303 19.6906242370605 19.7437496185303 19.8052082061768 19.763542175293 19.794792175293 19.6375007629395 19.28125 19.142707824707 18.9281253814697 18.814582824707 18.736457824707 18.7614593505859 18.7291660308838 18.8947925567627 19.0541667938232 19.0812492370605 19.095832824707 18.9989585876465 19.0104160308838 18.9010410308838 18.8208332061768 18.7218742370605 18.65625 18.6822910308838 18.783332824707 18.7135410308838 18.7156257629395
19.1083335876465 19.015625 19.095832824707 19.236457824707 19.4343757629395 19.5864582061768 19.625 19.5166664123535 19.439582824707 19.3895835876465 19.265625 19.220832824707 19.2145843505859 19.328125 19.3510417938232 19.4281253814697 19.3135414123535 19.3822917938232 19.421875 19.5145835876465 19.7604160308838 19.8854160308838 20.1124992370605 20.0635414123535 19.8208332061768 19.5791664123535 19.4562492370605 19.2760410308838 19.0499992370605 18.8552074432373 18.8229160308838 18.7406253814697 18.7906246185303 18.8468742370605 18.9541664123535 19.0229167938232 19.0572929382324 18.8739585876465 18.8031253814697 18.7124996185303 18.6968746185303 18.765625 18.8041667938232 18.8583335876465 18.9416656494141 18.8666667938232
19.232292175293 19.25 19.2458343505859 19.2645835876465 19.388542175293 19.6062507629395 19.7302074432373 19.3677082061768 19.3083324432373 19.2468757629395 19.265625 19.3229160308838 19.3395824432373 19.3552093505859 19.3406257629395 19.5364589691162 19.4989585876465 19.5364589691162 19.5270824432373 19.7239589691162 19.9093742370605 20.0885410308838 20.3249988555908 20.236457824707 20.0395832061768 19.7156257629395 19.513542175293 19.4458332061768 19.3270835876465 19.1677093505859 19.0281257629395 18.9541664123535 18.8635406494141 18.9500007629395 18.953125 19.03125 19.1302089691162 18.9156246185303 18.8406257629395 18.7354164123535 18.685417175293 18.685417175293 18.7770843505859 18.8447914123535 18.8802089691162 18.9833335876465
19.5687503814697 19.466667175293 19.5031242370605 19.4635410308838 19.5249996185303 19.8239593505859 19.5041675567627 19.4656257629395 19.4635410308838 19.4541664123535 19.4479160308838 19.3854160308838 19.046875 19.1916656494141 19.1927089691162 19.3041667938232 19.3479175567627 19.5499992370605 19.6833343505859 19.8270835876465 19.9791660308838 20.0979175567627 20.2114582061768 20.2072925567627 20.0968742370605 19.7416667938232 19.6104164123535 19.5739593505859 19.3802089691162 19.0552082061768 19.0343742370605 19.0062503814697 18.8156242370605 18.8468742370605 18.7927093505859 18.8500003814697 18.9624996185303 19.0125007629395 18.9874992370605 18.8156242370605 18.7250003814697 18.6520824432373 18.7302093505859 18.90625 18.9020824432373 18.875
19.7770824432373 19.7781257629395 19.78125 19.9020843505859 19.8020839691162 19.8291664123535 19.5750007629395 19.607292175293 19.6510410308838 19.5364589691162 19.5375003814697 19.4447917938232 19.2239589691162 19.2072925567627 19.173957824707 19.2406253814697 19.2760410308838 19.517707824707 19.7604160308838 19.9697914123535 20.1645832061768 20.3687496185303 20.4312496185303 20.3718757629395 20.205207824707 19.9208335876465 19.6447906494141 19.6156253814697 19.3291664123535 19.25 19.0947914123535 19.0145835876465 18.8156242370605 18.7489585876465 18.7302093505859 18.6760406494141 18.9156246185303 18.970832824707 18.9135417938232 18.8520832061768 18.78125 18.7739582061768 18.84375 18.7645835876465 18.716667175293 18.6677074432373
20.1062507629395 20.0041675567627 20.017707824707 19.8677082061768 19.7041664123535 19.6531257629395 19.6333332061768 19.6927089691162 19.6906242370605 19.705207824707 19.6864585876465 19.390625 19.3802089691162 19.3645820617676 19.3031253814697 19.298957824707 19.46875 19.576042175293 19.8822917938232 20.0885410308838 20.247917175293 20.4343757629395 20.484375 20.4135417938232 20.2427082061768 20.044792175293 19.734375 19.6197910308838 19.4406242370605 19.3656253814697 19.247917175293 18.9697914123535 18.8864574432373 18.658332824707 18.6124992370605 18.6354160308838 18.7510414123535 18.6104164123535 18.5750007629395 18.6020832061768 18.5281257629395 18.7843742370605 18.8062496185303 18.861457824707 18.857292175293 18.6843757629395
20.4104156494141 20.4156246185303 20.1708335876465 20.0208339691162 19.9750003814697 19.9270839691162 19.8114585876465 19.8624992370605 19.767707824707 19.7906246185303 19.6937503814697 19.5572910308838 19.5625 19.502082824707 19.451042175293 19.4895839691162 19.5385417938232 19.6364574432373 19.9229164123535 20.048957824707 20.2593746185303 20.4343757629395 20.6124992370605 20.419792175293 20.1708335876465 19.9479160308838 19.8322925567627 19.6489582061768 19.5093746185303 19.3531246185303 19.2135410308838 19.185417175293 19 18.7062492370605 18.6906242370605 18.6593742370605 18.6531257629395 18.65625 18.5062503814697 18.4677085876465 18.3739585876465 18.5052089691162 18.705207824707 18.6687507629395 18.8177089691162 18.8802089691162
20.484375 20.4375 20.2999992370605 20.1208343505859 20.1770839691162 20.1552085876465 20.0364589691162 19.9697914123535 19.9114589691162 19.8135414123535 19.8395843505859 19.857292175293 19.7541656494141 19.7020835876465 19.671875 19.5843753814697 19.673957824707 19.6979160308838 19.8802089691162 20.0843753814697 20.216667175293 20.3760414123535 20.3958339691162 20.2854175567627 20.142707824707 19.919792175293 19.8156242370605 19.6062488555908 19.4479160308838 19.3791675567627 19.2312507629395 19.125 19.0531253814697 18.908332824707 18.798957824707 18.734375 18.6364574432373 18.4781246185303 18.3427085876465 18.2927074432373 18.4135417938232 18.5593757629395 18.6614589691162 18.7864570617676 18.8218746185303 18.826042175293
20.6281242370605 20.6645832061768 20.6666679382324 20.421875 20.310417175293 20.2489585876465 20.3135414123535 20.1760406494141 20.080207824707 20.029167175293 20.0520839691162 19.9645843505859 19.8864593505859 19.8041667938232 19.7625007629395 19.7239589691162 19.7385406494141 19.732292175293 19.8239574432373 20.0093746185303 20.1041660308838 20.2395839691162 20.2177085876465 20.0979175567627 20.0395832061768 19.96875 19.830207824707 19.6656246185303 19.5541667938232 19.3989582061768 19.3010406494141 19.1656246185303 19.1593742370605 19.0656242370605 18.872917175293 18.5531253814697 18.4656257629395 18.3833332061768 18.2552089691162 18.263542175293 18.3708343505859 18.3354167938232 18.5791664123535 18.8010425567627 18.8968753814697 19.0562496185303
