input_data/future_climate/CanESM5_126/_band10_a.asc
ncols  331
nrows  193
xllcorner  17.833372883333
yllcorner  37.9999896166667
cellsize 0.1666667
NODATA_value  -9999
[rows 126 to 146 of 193, columns 0 to 45 of 331]
18.9968757629395 18.607292175293 19.5302085876465 19.421875 18.497917175293 17.017707824707 18.3291664123535 17.3708324432373 16.7270832061768 17.236457824707 17.377082824707 16.5614585876465 15.9447917938232 15.0864582061768 16.997917175293 17.890625 17.064582824707 17.46875 17.9593753814697 19.2729167938232 19.734375 19.8531246185303 20.1572914123535 20.1343746185303 19.8541660308838 19.3333339691162 18.2416667938232 17.0739593505859 16.408332824707 15.9364585876465 16.2614574432373 16.4572906494141 15.7979164123535 16.6937503814697 17.8645839691162 18.5510425567627 19.154167175293 19.0479164123535 19.4177093505859 19.6927070617676 19.576042175293 19.796875 19.5531253814697 19.2250003814697 19.127082824707 19.3510417938232
19.2906246185303 20.1000003814697 19.138542175293 18.0072917938232 17.8822917938232 18.279167175293 18.0666675567627 15.671875 15.7885417938232 15.0687503814697 14.7260417938232 15.388542175293 15.5895833969116 14.955207824707 16.0145835876465 17.3197917938232 18.4958343505859 18.5322914123535 18.5531253814697 19.0499992370605 20.1572914123535 18.517707824707 20.1322917938232 20.908332824707 20.4958324432373 19.154167175293 18.6875 19.4312496185303 18.2489585876465 16.966667175293 15.9135417938232 16.3427085876465 15.9791660308838 16.5583343505859 15.90625 16.6843757629395 18.1062507629395 18.8031253814697 19.1364593505859 18.9916667938232 19.4322910308838 20.1104164123535 19.7270832061768 19.7291660308838 19.595832824707 19.5812492370605
20.2270832061768 19.4468746185303 20.6083335876465 19.6749992370605 20.1437492370605 18.5104160308838 17.046875 17.908332824707 18.6812496185303 17.345832824707 17.5354156494141 17.3187503814697 16.548957824707 17.5229167938232 17.4072914123535 18.6187496185303 17.4489574432373 17.7843742370605 18.4125003814697 18.8718757629395 20.5 20.361457824707 19.7875003814697 21.5062503814697 21.5437507629395 21.5072917938232 20.4937496185303 19.2177085876465 19.3062496185303 17.9125003814697 17.2239570617676 17.3677082061768 16.4624996185303 16.455207824707 15.9593753814697 15.4406251907349 15.4156246185303 16.9333343505859 17.9614582061768 18.8041667938232 19.4854164123535 19.7114582061768 19.7822914123535 19.7552089691162 20.0354156494141 19.9145832061768
20.4916667938232 20.9437503814697 21.2072925567627 20.5208339691162 18.580207824707 19.8072910308838 19.5229167938232 19.7229156494141 19.5791664123535 18.4458332061768 17.5614585876465 18.1322917938232 19.140625 19.6124992370605 20.421875 19.970832824707 19.7781257629395 20.0239582061768 20.7625007629395 21.0833339691162 21.3031253814697 20.0208339691162 21.0979156494141 21.7718753814697 21.7843742370605 21.84375 21.9177093505859 21.0218753814697 20.201042175293 19.0562496185303 19.0499992370605 18.4885425567627 16.642707824707 17.3843746185303 16.3708343505859 15.0260419845581 14.3249998092651 14.6062498092651 15.783332824707 17.1343746185303 18.4156246185303 18.9375 19.3843746185303 19.8083324432373 20.0843753814697 20.2625007629395
21.3875007629395 21.5343742370605 20.8333339691162 21.0364589691162 20.060417175293 20.0218753814697 19.3114585876465 19.892707824707 18.5614585876465 19.0125007629395 20.3250007629395 20.9093742370605 20.8864593505859 21.0375003814697 21.4302082061768 20.997917175293 20.9208335876465 21.247917175293 21.1916656494141 21.2427082061768 21.0093746185303 19.9781246185303 21.3052082061768 21.7427082061768 21.9677085876465 21.9812507629395 21.919792175293 21.904167175293 21.8166656494141 21.5239582061768 20.1593742370605 18.8333339691162 19.6052074432373 17.6770839691162 17.5458335876465 15.7395830154419 15.236457824707 14.9312496185303 15.0739583969116 14.9979162216187 16.798957824707 17.4406242370605 18.8479175567627 19.515625 20.1604156494141 20.6124992370605
21.923957824707 22.0375003814697 22.1197910308838 22.1166667938232 22.439582824707 22.122917175293 21.8687496185303 21.1010417938232 20.4875011444092 21.1937503814697 21.2552089691162 21.2041664123535 20.9177074432373 21.3812503814697 21.6572914123535 21.4093742370605 21.5260410308838 21.986457824707 21.8937492370605 21.9468746185303 21.3510417938232 21.5062503814697 22.1333332061768 22.1802082061768 22.0833339691162 22.0614585876465 21.9562492370605 22.0343742370605 21.9739570617676 21.888542175293 21.736457824707 21.4833335876465 20.2437496185303 20.5833339691162 18.9927082061768 17.7895832061768 16.9874992370605 14.9427089691162 14.9781246185303 15.9781246185303 15.486457824707 15.5395832061768 17.0531253814697 18.3531246185303 19.3062496185303 19.6958332061768
22.2093753814697 22.3364582061768 22.4781246185303 22.3552074432373 22.9770832061768 23.142707824707 22.8739585876465 22.2875003814697 22.3916664123535 22 21.6135425567627 21.2427082061768 20.9937496185303 21.2781257629395 21.1770839691162 20.1375007629395 19.9145832061768 21.8864593505859 22.564582824707 22.4635410308838 22.5041656494141 22.2645835876465 22.3052082061768 22.2864589691162 22.1177082061768 22.0249996185303 22.0093746185303 22.0854167938232 22.109375 22.1489582061768 22.1687507629395 21.9770832061768 20.7708339691162 21.1177082061768 20.861457824707 20.2239589691162 19.2760410308838 17.5125007629395 16.8427085876465 15.5531253814697 13.8458337783813 15.671875 16.9833335876465 17.064582824707 16.9697914123535 18.3177089691162
22.3395843505859 22.421875 22.5927085876465 22.595832824707 23.0541667938232 23.0520839691162 21.1999988555908 22.1614589691162 22.1124992370605 21.7864570617676 21.6302089691162 21.3697929382324 20.3187503814697 21.3218746185303 22.0770835876465 22.1875 22.3937492370605 22.9572906494141 23.0375003814697 22.8250007629395 22.796875 22.6687507629395 22.4677085876465 22.3895835876465 22.0843753814697 21.96875 22.0218753814697 22.2197914123535 22.294792175293 22.2927093505859 22.3270835876465 22.3239574432373 21.8427085876465 20.986457824707 18.2562503814697 18.6572914123535 20.3125 19.1395835876465 16.9958343505859 15.1010417938232 14.5760412216187 14.3333330154419 15.3989582061768 15.90625 16.2510414123535 17.0666656494141
22.3791656494141 22.515625 22.7291660308838 22.5125007629395 22.8197917938232 22.8843746185303 21.8791656494141 22.736457824707 22.5968742370605 22.2093753814697 22.6937503814697 22.6197910308838 22.8541660308838 23.0635414123535 23.2625007629395 23.5416660308838 23.8010406494141 23.669792175293 23.3135414123535 23.1291656494141 23.0354156494141 22.7614574432373 22.4020843505859 22.1989593505859 22.0093746185303 21.861457824707 21.9479160308838 22.2937507629395 22.486457824707 22.5114593505859 22.5531253814697 22.4833335876465 22.2718753814697 20.5697917938232 18.9375 17.2864589691162 18.6197910308838 19.1000003814697 19.3687496185303 18.013542175293 16.1177082061768 14.9281253814697 13.9781255722046 14.8812503814697 15.783332824707 16.642707824707
22.3135414123535 22.3802089691162 22.4854164123535 22.1489582061768 22.3979167938232 22.7145824432373 22.2177085876465 23.4729156494141 22.747917175293 22.1604175567627 22.7145824432373 22.9541664123535 23.2822914123535 23.4187507629395 23.5854167938232 23.8666667938232 24.0218753814697 23.7687492370605 23.5197906494141 23.3875007629395 23.1864585876465 22.7885417938232 22.4645824432373 22.1666679382324 21.951042175293 21.9791660308838 22.2260417938232 22.455207824707 22.6197910308838 22.5437507629395 22.28125 21.627082824707 21.9593753814697 22.328125 21.9750003814697 20.3052082061768 18.6083335876465 17.6343746185303 17.1135425567627 17.5885429382324 15.1114587783813 14.6864585876465 13.9385414123535 14.9968748092651 15.9479169845581 16.841667175293
21.752082824707 21.9385414123535 22.0166664123535 22.0822925567627 22.8020839691162 23.0239582061768 23.1656246185303 23.5343742370605 22.9770832061768 22.4656257629395 22.5625 22.8739585876465 23.1645832061768 23.5083332061768 23.7416667938232 23.796875 23.9260425567627 23.8479175567627 23.640625 23.404167175293 23.080207824707 22.8427085876465 22.6312503814697 22.3041667938232 22.1875 22.298957824707 22.3468761444092 22.2072925567627 22.0364570617676 22.0343742370605 22.0125007629395 21.9479179382324 22.0406246185303 21.0864582061768 20.7739582061768 20.247917175293 19.9479160308838 19.408332824707 18.5927085876465 18.7000007629395 16.9656257629395 17.609375 17.0854167938232 16.0322914123535 16.3937492370605 16.4333343505859
21.0354175567627 21.8031253814697 22.7437496185303 23.078125 22.9427089691162 23.201042175293 23.2114582061768 23.1593742370605 22.7916660308838 22.6052074432373 22.6239585876465 22.9229164123535 23.1677074432373 23.4260406494141 23.6781253814697 23.71875 23.7354164123535 23.71875 23.6437492370605 23.3989582061768 23.1593742370605 22.9291667938232 22.75 22.5239582061768 22.4489574432373 22.3270835876465 22.1416664123535 21.7916660308838 21.8937492370605 21.830207824707 21.9375 21.7406253814697 21.6708335876465 21.1260414123535 20.8250007629395 20.7177085876465 20.408332824707 20.578125 20.5947914123535 20.2239589691162 19.5708332061768 18.1770839691162 16.8854160308838 15.9302082061768 15.6020832061768 16.1010417938232
22.1875 22.9729175567627 22.9760417938232 23.1635417938232 23.1604156494141 23.1479167938232 23.0499992370605 23.1437492370605 22.9583320617676 22.7645835876465 22.5062503814697 22.6947917938232 23.0031242370605 23.294792175293 23.419792175293 23.560417175293 23.6062507629395 23.5874996185303 23.5187492370605 23.3468742370605 23.1666660308838 22.9968757629395 22.7760410308838 22.5750007629395 22.4614582061768 21.9885406494141 21.8364582061768 20.7020835876465 20.2843742370605 20.7260417938232 20.845832824707 20.921875 21.3312492370605 20.6156253814697 20.3812503814697 20.513542175293 21.0322914123535 20.3479175567627 20.7593746185303 20.5541667938232 20.0562496185303 17.1489582061768 15.6156244277954 15.2583332061768 14.3479166030884 16.0375003814697
22.9072914123535 23.1593742370605 23.173957824707 23.0843753814697 23.1843757629395 23.03125 23.1145820617676 23.138542175293 23.0249996185303 22.9052085876465 22.9052085876465 22.921875 22.8989582061768 23.109375 23.2937507629395 23.4093742370605 23.5218753814697 23.4187507629395 23.3229160308838 23.2072906494141 23.0677089691162 22.919792175293 22.7458343505859 22.6166667938232 22.064582824707 21.6729164123535 21.3083324432373 19.8197917938232 19.8604164123535 18.982292175293 19.5885410308838 20.497917175293 20.4802074432373 20.1020832061768 20.1333332061768 20.8979167938232 20.7333335876465 20.798957824707 20.703125 20.6677074432373 20.2281246185303 19.7781257629395 18.591667175293 17.1833343505859 16.8031253814697 18.127082824707
22.71875 22.8374996185303 23.017707824707 23.0354156494141 23.125 22.9656257629395 23.1145820617676 23.1687507629395 23.0687503814697 23.015625 22.9541664123535 22.9489593505859 23.0354175567627 23.0718746185303 23.1916656494141 23.3374996185303 23.3552074432373 23.236457824707 23.1052093505859 23.1218757629395 22.9281253814697 22.8687496185303 22.8322906494141 22.7406253814697 22.5322914123535 22.2979164123535 22.2291660308838 21.4281253814697 17.3322906494141 15.3260412216187 17.4874992370605 18.015625 18.6822910308838 19.8864574432373 19.908332824707 20.4635410308838 20.8250007629395 21.0052089691162 20.9312496185303 20.8020839691162 20.7072925567627 20.5249996185303 19.5 16.8916664123535 15.3791666030884 18.0385417938232
22.8041667938232 22.8875007629395 22.9156246185303 22.9302082061768 23.0593757629395 23.1343746185303 23.234375 23.2427082061768 23.1437492370605 23.1625003814697 23.0499992370605 22.970832824707 22.9697914123535 23.0229167938232 23.1166667938232 23.1989574432373 23.2250003814697 23.2260417938232 23.1354160308838 23.017707824707 22.9302082061768 22.8895835876465 22.845832824707 22.796875 22.6656246185303 21.3687496185303 19.810417175293 21.6927089691162 19.3083343505859 15.3677082061768 15.7624998092651 15.2479162216187 15.6593751907349 18.3562507629395 19.5322914123535 20.689582824707 21.1531257629395 21.1968746185303 21.138542175293 21.0302085876465 21.0656242370605 20.627082824707 19.8072910308838 18.7229175567627 16.5197925567627 16.2770824432373
23.1197910308838 23.0989570617676 22.9489574432373 22.6916656494141 23.0010414123535 23.236457824707 23.2333335876465 23.2437496185303 23.0093746185303 23.1187496185303 23.0770835876465 23.1416664123535 23.0531253814697 22.9385414123535 22.982292175293 23.232292175293 23.314582824707 23.2114582061768 23.0625 22.9447917938232 22.8541660308838 22.9093742370605 22.8333339691162 22.7739582061768 22.6031246185303 22.3843746185303 20.9270839691162 20.21875 19.6302089691162 16.4520835876465 17.970832824707 17.3250007629395 17.2124996185303 18.5697917938232 19.3020839691162 21.0729160308838 21.421875 21.2302093505859 21.2510414123535 21.2218742370605 20.9781246185303 20.6687507629395 20.0208320617676 19.3062496185303 18.28125 18.0583343505859
22.78125 22.7906246185303 22.4375 22.2093753814697 22.6197910308838 23.173957824707 23.1135425567627 23.0677089691162 23.0656242370605 23.1354179382324 23.1239585876465 23.1062507629395 23.2260417938232 23.1614589691162 23.1312484741211 23.3510417938232 23.3552093505859 23.263542175293 23.0708332061768 22.9750003814697 22.9874992370605 22.9572906494141 22.6531257629395 21.5239582061768 21.6468753814697 21.1479167938232 21.4427089691162 21.0104160308838 21.5562496185303 20.3500003814697 19.5125007629395 18.828125 17.7239570617676 18.3395824432373 20.7072906494141 21.8447914123535 21.5343742370605 21.28125 21.1781253814697 20.8999996185303 20.591667175293 20.3385410308838 20.1281242370605 19.5718746185303 19.3843746185303 18.8250007629395
23.1729164123535 22.7572917938232 22.6135406494141 22.716667175293 22.8562507629395 23.189582824707 23.2645835876465 23.3552074432373 23.3093757629395 23.3062496185303 23.408332824707 23.46875 23.4947910308838 23.377082824707 23.439582824707 23.5854167938232 23.560417175293 23.4281253814697 23.2270832061768 22.9406242370605 22.8541679382324 22.6635417938232 22.3781242370605 21.7406253814697 21.6416664123535 21.6760406494141 21.1760425567627 21.263542175293 20.6572914123535 21.1885414123535 20.7562503814697 19.9437503814697 19.8447914123535 20.3864574432373 22.3187503814697 21.90625 21.658332824707 21.1593742370605 20.845832824707 20.4697914123535 19.9166660308838 19.7999992370605 19.4562492370605 19.3999996185303 19.7572917938232 19.2000007629395
23.40625 23.234375 23.0010414123535 23.064582824707 23.2270832061768 23.1947917938232 23.2291660308838 23.3552093505859 23.3520832061768 23.4125003814697 23.4614582061768 23.5593757629395 23.5593738555908 23.5812492370605 23.7281246185303 23.8510417938232 23.7395839691162 23.5062503814697 23.263542175293 23.0968742370605 22.8395843505859 22.5218753814697 22.0625 22.0656242370605 22.1312503814697 22.2093753814697 22.142707824707 21.7854175567627 21.8937511444092 21.7041664123535 22.28125 21.4166660308838 22.2072925567627 22.0979175567627 21.9072914123535 21.7999992370605 21.205207824707 21.0083332061768 20.3093757629395 20.2916660308838 20.169792175293 19.8239574432373 19.7572917938232 19.845832824707 19.7999992370605 18.533332824707
23.3875007629395 23.2239589691162 23.2270832061768 23.1770820617676 23.2593746185303 23.1906242370605 23.0677089691162 23.435417175293 23.4166660308838 23.4031257629395 23.4885425567627 23.548957824707 23.5125007629395 23.6302089691162 23.8562507629395 23.8645839691162 23.7843742370605 23.5395832061768 23.3864593505859 23.2072925567627 23.09375 22.8583335876465 22.7552089691162 22.8093738555908 22.7291660308838 22.2041664123535 20.935417175293 19.2041664123535 18.3510417938232 20.0583324432373 22.4416675567627 22.3833332061768 20.595832824707 18.3218746185303 17.9135417938232 17.2604160308838 18.734375 20.2937507629395 20.7718753814697 20.6208324432373 20.1031246185303 19.6770839691162 19.6906261444092 19.4333343505859 19.1218757629395 19.107292175293
