input_data/future_climate/CanESM5_126/_band1_a.asc
ncols  331
nrows  193
xllcorner  17.833372883333
yllcorner  37.9999896166667
cellsize 0.1666667
NODATA_value  -9999
[rows 42 to 62 of 193, columns 92 to 137 of 331]
4.88723945617676 4.88463544845581 4.86692714691162 4.86588525772095 4.82552099227905 4.80338525772095 4.65833330154419 4.64296865463257 4.66015625 4.74375009536743 4.86796855926514 4.66692733764648 4.53125 4.46718740463257 4.56979179382324 4.42005205154419 4.25989580154419 4.23177099227905 4.09947919845581 4.01927089691162 4.02135419845581 4.06015634536743 4.07369804382324 4.08255195617676 4.12552070617676 4.12265634536743 4.22604179382324 4.40026044845581 4.59088563919067 4.61302089691162 4.52421903610229 4.38854169845581 4.39401054382324 4.44062519073486 4.62395811080933 4.83515644073486 4.77838563919067 4.51015615463257 4.18489599227905 4.00338554382324 3.96848964691162 3.91640639305115 3.80026030540466 3.77890610694885 3.89817714691162 4.02682304382324
4.84635400772095 4.80833339691162 4.78619813919067 4.78880214691162 4.76015615463257 4.82317686080933 4.87109375 5.02812480926514 5.17578125 5.07135391235352 4.95598983764648 4.70468759536743 4.63515615463257 4.60234403610229 4.58958339691162 4.55729150772095 4.48489570617676 4.41822910308838 4.30182266235352 4.20781230926514 4.20234394073486 4.20416641235352 4.23281240463257 4.25703144073486 4.19505214691162 4.25182294845581 4.30364608764648 4.38255214691162 4.48072910308838 4.4375 4.44661474227905 4.34296846389771 4.35520839691162 4.28125 4.21718740463257 4.359375 4.52447891235352 4.55677080154419 4.42994785308838 4.30937480926514 4.16510438919067 4.09505224227905 3.97682285308838 3.90729165077209 3.94505214691162 4.06276035308838
4.85026025772095 4.86458349227905 4.84322929382324 4.90416669845581 4.94765615463257 5.09062480926514 5.11276054382324 5.20208358764648 5.52890634536743 5.66249990463257 5.55625009536743 5.34869813919067 5.10312509536743 4.98567724227905 4.83489561080933 4.70963525772095 4.49583339691162 4.48489618301392 4.47369766235352 4.40781259536743 4.3984375 4.38411474227905 4.40312480926514 4.38203144073486 4.31796884536743 4.33880186080933 4.36093759536743 4.40286445617676 4.46822929382324 4.46796894073486 4.47317695617676 4.48593759536743 4.45260381698608 4.41484355926514 4.37916660308838 4.37656259536743 4.38437509536743 4.42343759536743 4.39322900772095 4.37838554382324 4.28463554382324 4.15468740463257 4.01458358764648 3.96848940849304 3.96458339691162 3.98958349227905
4.90937471389771 5.05390644073486 5.04244804382324 5.45807266235352 5.34843730926514 5.44869804382324 5.37421894073486 5.453125 5.47161483764648 5.56718730926514 5.57447910308838 5.64218759536743 5.63359355926514 5.49869775772095 5.3515625 5.15651035308838 4.87968730926514 4.67526054382324 4.6171875 4.55312490463257 4.53854179382324 4.47421884536743 4.51249980926514 4.52161455154419 4.48750019073486 4.51536464691162 4.59583330154419 4.63750028610229 4.63203144073486 4.69244813919067 4.60546875 4.51093769073486 4.57135438919067 4.65364599227905 4.58229160308838 4.58307313919067 4.54843759536743 4.58671903610229 4.55989599227905 4.50989580154419 4.40833330154419 4.24453115463257 4.05859375 3.90598964691162 3.91588544845581 3.92291665077209
5.06718778610229 5.13645839691162 5.23281240463257 5.51406240463257 5.47786426544189 5.53411436080933 5.31015634536743 5.46145868301392 5.65156269073486 5.58098936080933 5.49973964691162 5.43463563919067 5.43411445617676 5.44843769073486 5.66249990463257 5.57838535308838 5.28749990463257 5.06562519073486 4.96510410308838 4.75989580154419 4.71041679382324 4.82578134536743 4.97343730926514 4.72682285308838 4.65598964691162 4.72994804382324 4.77135419845581 4.78098964691162 4.77630186080933 4.83437490463257 4.86145830154419 4.73567724227905 4.62890625 4.53229188919067 4.49114608764648 4.55286455154419 4.53984403610229 4.65338563919067 4.66562509536743 4.62395811080933 4.55364561080933 4.45989561080933 4.31067705154419 4.11223983764648 4.02447891235352 4.05859375
5.01067686080933 5.05677080154419 5.12057304382324 5.45651054382324 5.52265644073486 5.59166669845581 5.60755205154419 5.4140625 5.67786455154419 5.85286474227905 5.61380195617676 5.68437480926514 5.56276035308838 5.44947910308838 5.70598936080933 5.70130205154419 5.26848936080933 5.08906269073486 5.01223945617676 4.89791679382324 4.82916641235352 4.98906230926514 5.12083339691162 4.89557313919067 4.85598945617676 4.97994804382324 4.95807313919067 4.95651054382324 4.95494794845581 4.93385410308838 4.92734384536743 4.80026054382324 4.61510419845581 4.57890605926514 4.60312509536743 4.69010400772095 4.67578125 4.75807285308838 4.72109365463257 4.72447919845581 4.65494775772095 4.63411474227905 4.59505224227905 4.49947929382324 4.41614580154419 4.33567714691162
5.08906269073486 5.07994794845581 5.05755186080933 5.27604150772095 5.55755186080933 5.75546884536743 5.78541660308838 5.85885429382324 5.85989570617676 6.09973955154419 6.03515625 5.75911474227905 5.85286474227905 5.94765615463257 5.94739580154419 5.640625 5.36380195617676 5.35286474227905 5.20729160308838 5.19244766235352 5.08385419845581 4.85364580154419 4.85364580154419 4.91536474227905 4.98776054382324 5.11927080154419 5.10468769073486 5.08984375 4.98645830154419 5.03098964691162 5.11692714691162 4.93593788146973 4.89166688919067 4.92760419845581 4.94348955154419 4.93177080154419 4.83750009536743 4.75104188919067 4.73567724227905 4.77317714691162 4.72109365463257 4.64791679382324 4.67239570617676 4.6875 4.63958311080933 4.56666660308838
5.27421903610229 5.17447900772095 5.15104150772095 5.25156259536743 5.52317714691162 5.83802080154419 5.8984375 5.77552080154419 5.98880195617676 6.26927089691162 6.23177099227905 6.14609384536743 5.97057294845581 6.11770820617676 6.08984375 6.00989580154419 5.69583320617676 5.671875 5.62005186080933 5.58125019073486 5.36770820617676 5.25312519073486 5.3359375 5.38906240463257 5.27187490463257 5.21484375 5.11171865463257 5.05520820617676 4.97526073455811 4.98098945617676 4.97057294845581 4.85208320617676 4.90026044845581 4.96744775772095 5.00182294845581 4.95677089691162 4.87552070617676 4.75807285308838 4.67812490463257 4.65885400772095 4.58750009536743 4.47395849227905 4.46744775772095 4.61666679382324 4.76536464691162 4.72890615463257
5.33567714691162 5.36302089691162 5.37265634536743 5.3125 5.28776025772095 5.37630224227905 5.55703115463257 5.89947938919067 6.29661464691162 6.36145830154419 6.29947900772095 6.24843740463257 6.21302080154419 6.18411445617676 6.16875028610229 6.18645858764648 6.17057275772095 5.84036493301392 5.74817705154419 5.69036483764648 5.65833330154419 5.62682294845581 5.51145839691162 5.45807266235352 5.33671855926514 5.19270849227905 5.22161436080933 5.18411445617676 5.02708339691162 5.11171865463257 4.94479179382324 4.90468740463257 4.92317724227905 4.96588516235352 5.046875 5.04791688919067 5.0078125 4.94791650772095 4.86796855926514 4.78541660308838 4.67265605926514 4.46015644073486 4.40781259536743 4.57109355926514 4.76614570617676 4.87187480926514
5.06979179382324 5.12656259536743 5.22838544845581 4.97395849227905 4.84322929382324 5.04791641235352 5.21067714691162 5.34218740463257 5.80078125 6.17083358764648 6.31796884536743 6.30286455154419 6.28723955154419 6.28333330154419 6.25598955154419 6.26588535308838 6.28593730926514 6.22109365463257 5.95442724227905 5.81510400772095 5.69739580154419 5.60677099227905 5.47369813919067 5.28437471389771 5.00546884536743 4.92734384536743 5.00989580154419 5.02109384536743 5.01796865463257 5.03958320617676 5.05677080154419 5.05260419845581 5.06328153610229 5.06041669845581 5.10104179382324 5.14010381698608 5.08307266235352 5.05000019073486 5.02578115463257 4.90781259536743 4.88671875 4.79427099227905 4.71953105926514 4.67109394073486 4.66588544845581 4.70156240463257
5.04348945617676 5.08671903610229 5.16848945617676 5.09010410308838 4.94036436080933 5.06354141235352 5.28802061080933 5.46770811080933 5.68411445617676 5.81354141235352 5.86406230926514 5.84687519073486 5.98828125 6.33359384536743 6.39583349227905 6.37968730926514 6.39479160308838 6.39322948455811 6.38359403610229 6.19296884536743 5.83880186080933 5.63749980926514 5.30833339691162 5.00130224227905 4.91848945617676 4.90651035308838 4.90703105926514 4.92890644073486 5.03645849227905 5.16588544845581 5.15234375 5.19687509536743 5.23463535308838 5.32994794845581 5.23333311080933 5.14348983764648 5.11015605926514 5.07578134536743 5.06874990463257 5.05208301544189 5.04843759536743 4.99166679382324 4.91067695617676 4.75677061080933 4.68385410308838 4.70104169845581
5.20677089691162 5.13958358764648 5.22395849227905 5.37057304382324 5.42994785308838 5.35260438919067 5.45260429382324 5.58411455154419 5.8046875 5.97213554382324 6.01458311080933 5.96328115463257 5.89947891235352 5.85729169845581 6.27317714691162 6.45859384536743 6.47421884536743 6.48411464691162 6.50390625 6.26718759536743 5.99791669845581 5.71432304382324 5.23776054382324 5.10078144073486 5.16119813919067 5.13072919845581 5.05598974227905 5.04296875 5.04791688919067 5.23411464691162 5.27213525772095 5.30911445617676 5.33177089691162 5.51822900772095 5.31927061080933 5.24036455154419 5.11223983764648 4.87291669845581 4.92812490463257 5.03072929382324 5.12604188919067 5.14687490463257 5.09557294845581 4.95468759536743 4.86614561080933 4.84062480926514
5.42213535308838 5.38020849227905 5.38828134536743 5.54270839691162 5.64609384536743 5.74609375 5.74270820617676 5.73359346389771 5.83020830154419 6.02239608764648 6.22604131698608 6.13046884536743 6.17109394073486 6.12916660308838 6.2109375 6.52526044845581 6.56536436080933 6.42473936080933 6.35364580154419 6.13880205154419 5.99817705154419 5.79218769073486 5.51406240463257 5.35364580154419 5.27421903610229 5.29140615463257 5.30520820617676 5.20286464691162 5.10130214691162 5.19713544845581 5.27630186080933 5.33541679382324 5.39817714691162 5.38333320617676 5.30833339691162 5.27994775772095 5.17473983764648 5.09192705154419 5.09166669845581 5.15625 5.16822910308838 5.12916660308838 5.06406259536743 4.99557304382324 4.9609375 4.95156240463257
5.67395830154419 5.64687490463257 5.67656230926514 5.80677080154419 5.89010429382324 5.99973964691162 5.90911436080933 5.88255214691162 5.89192676544189 5.90468740463257 5.99453115463257 6.01119756698608 5.91354179382324 6.04557275772095 6.41484355926514 6.44609355926514 6.41979169845581 6.07395839691162 5.82864570617676 5.93098974227905 5.91692686080933 5.72890615463257 5.66223955154419 5.51953125 5.47317695617676 5.43489599227905 5.36927080154419 5.35520839691162 5.30000019073486 5.23463535308838 5.25494766235352 5.36041641235352 5.42005205154419 5.44401025772095 5.41874980926514 5.39869785308838 5.29583358764648 5.2109375 5.20208311080933 5.17005205154419 5.08958339691162 5.02708339691162 4.96718740463257 4.97031259536743 4.97760391235352 4.98072910308838
6.00390625 5.99270820617676 6.06406259536743 6.02682304382324 5.91093730926514 5.83697891235352 5.80546855926514 5.69557285308838 5.74505186080933 5.81145858764648 5.84687519073486 5.75963544845581 5.58958339691162 5.54973936080933 5.921875 6.09505224227905 6.07968759536743 5.87656259536743 5.67161464691162 5.62942695617676 5.65312480926514 5.71119785308838 5.70286464691162 5.71302080154419 5.61562490463257 5.53671884536743 5.43776035308838 5.42161464691162 5.45416688919067 5.47604179382324 5.46171855926514 5.51197910308838 5.55260419845581 5.57135438919067 5.63645839691162 5.52499961853027 5.43307304382324 5.28593778610229 5.17682266235352 5.14114570617676 5.06640625 5.09817695617676 5.11171865463257 5.04374980926514 5.02395820617676 5.01953125
6.28437471389771 6.23072910308838 6.14401054382324 5.91484355926514 5.89427089691162 5.92604160308838 5.77682304382324 5.77109384536743 5.84999990463257 5.87864589691162 5.88515615463257 5.58984375 5.38255214691162 5.37682294845581 5.46875 5.63307285308838 5.76380205154419 5.64270830154419 5.64218759536743 5.62708330154419 5.69088554382324 5.76588535308838 5.81067705154419 5.80078125 5.76510429382324 5.61328125 5.57682275772095 5.56614589691162 5.57968759536743 5.57239580154419 5.56093740463257 5.57447910308838 5.61197900772095 5.62526035308838 5.66562509536743 5.75703144073486 5.50052070617676 5.44244766235352 5.29427099227905 5.22161436080933 5.16171884536743 5.16927099227905 5.19088554382324 5.18046855926514 5.13541650772095 5.07864570617676
6.50104188919067 6.37838554382324 6.27005195617676 6.14973974227905 6.08906269073486 6.07161474227905 6.03828096389771 5.91848945617676 5.82239580154419 5.77630186080933 5.71380186080933 5.55911493301392 5.44401025772095 5.37994766235352 5.42994785308838 5.41718769073486 5.51901054382324 5.61953115463257 5.74114561080933 5.77994775772095 5.84765625 5.86536455154419 5.90208339691162 5.9140625 5.82968759536743 5.76432275772095 5.69869804382324 5.63958358764648 5.65703105926514 5.65494823455811 5.60833311080933 5.56041669845581 5.60260391235352 5.68020820617676 5.64114570617676 5.68645858764648 5.50208330154419 5.44270849227905 5.33229160308838 5.29348945617676 5.26484394073486 5.30260419845581 5.27135419845581 5.22265625 5.1875 5.16822910308838
6.63541650772095 6.54401063919067 6.36223983764648 6.17864561080933 6.06328105926514 6.05677080154419 6.01875019073486 5.82968759536743 5.63645839691162 5.52890634536743 5.43619823455811 5.45625019073486 5.49453115463257 5.46562528610229 5.47942686080933 5.54348945617676 5.57265615463257 5.73828125 5.84218740463257 5.88359403610229 5.89713525772095 5.91223955154419 5.94583320617676 5.96901035308838 6.02578115463257 6.07421875 6.07786464691162 6.03619813919067 5.92656230926514 5.76093721389771 5.72369766235352 5.65052080154419 5.65052080154419 5.66093730926514 5.62812519073486 5.59765625 5.53229188919067 5.46223974227905 5.34635400772095 5.36692714691162 5.38723945617676 5.37343740463257 5.30338525772095 5.28359365463257 5.20494794845581 5.21145820617676
6.63906240463257 6.56874990463257 6.40026044845581 6.24713516235352 6.16562509536743 6.06145811080933 5.98359394073486 5.94713544845581 5.83046865463257 5.59062480926514 5.5390625 5.56484365463257 5.58359384536743 5.59505224227905 5.67239570617676 5.76276016235352 5.73072910308838 5.77005195617676 5.92291688919067 5.91041660308838 5.93098974227905 5.98125028610229 5.91874980926514 5.9375 6.03932285308838 6.12838554382324 6.13619804382324 6.08906269073486 6.00677061080933 5.85651063919067 5.84765625 5.77421903610229 5.6953125 5.71041679382324 5.67708349227905 5.62968730926514 5.58177089691162 5.41067695617676 5.34531259536743 5.39375019073486 5.41692733764648 5.38359355926514 5.28098964691162 5.24947929382324 5.21692705154419 5.26197910308838
6.66041660308838 6.59088563919067 6.51822900772095 6.421875 6.35546875 6.26979160308838 6.17916679382324 6.03281259536743 5.86562490463257 5.70598936080933 5.66744804382324 5.65182304382324 5.67161464691162 5.72109365463257 5.75312519073486 5.77812528610229 5.83255195617676 5.84114599227905 5.97630214691162 5.96380233764648 5.97005224227905 5.93489599227905 5.96848964691162 5.91744804382324 5.86927080154419 5.91328144073486 5.91874980926514 5.90859365463257 5.84375 5.89244794845581 5.88515615463257 5.83151054382324 5.80260419845581 5.76640605926514 5.74609375 5.75 5.63255214691162 5.54270839691162 5.40963554382324 5.32890653610229 5.36614561080933 5.34036445617676 5.32083320617676 5.26015615463257 5.26614570617676 5.29218769073486
6.70416641235352 6.6796875 6.64218759536743 6.52786445617676 6.40546894073486 6.28932285308838 6.10390615463257 5.96354198455811 5.89817714691162 5.82994794845581 5.82994794845581 5.84375 5.84036445617676 5.85286474227905 5.85234403610229 5.88958311080933 5.94348955154419 6.03203105926514 6.05260419845581 6.02083349227905 5.99557304382324 5.98515653610229 5.92994785308838 5.72239589691162 5.69166660308838 5.78932285308838 5.83046865463257 5.90520858764648 5.85052061080933 5.84375 5.92708349227905 5.98072910308838 5.98932313919067 5.86484384536743 5.73984384536743 5.77682304382324 5.84192705154419 5.75 5.58255195617676 5.49505233764648 5.44635438919067 5.39270830154419 5.39401054382324 5.36796855926514 5.39583349227905 5.34713554382324
