input_data/future_climate/CanESM5_126/_band8_a.asc
ncols  331
nrows  193
xllcorner  17.833372883333
yllcorner  37.9999896166667
cellsize 0.1666667
NODATA_value  -9999
[rows 84 to 104 of 193, columns 184 to 229 of 331]
19.5093746185303 19.6833324432373 19.7093753814697 19.7916660308838 19.9760417938232 20.0302085876465 20.0874996185303 20.0583343505859 19.9833335876465 19.8468742370605 19.8510417938232 19.8760414123535 19.6802082061768 19.7625007629395 20.0572910308838 19.9906253814697 20.0739574432373 20.0708332061768 19.8312492370605 19.9739589691162 19.8989582061768 19.8156242370605 19.9104175567627 20.0249996185303 19.8802089691162 20.0697917938232 20.0864582061768 19.7843742370605 19.7114582061768 20.0218753814697 19.939582824707 19.9718761444092 19.9593753814697 20.0125007629395 20.1124992370605 19.966667175293 19.747917175293 19.7104167938232 19.6625003814697 19.7135429382324 19.8666667938232 19.8812503814697 19.7875003814697 19.71875 19.8635406494141 19.7406253814697
19.8604164123535 19.8583335876465 19.8229160308838 20.1447925567627 20.1197910308838 19.9052085876465 19.96875 19.9583339691162 19.877082824707 19.8802089691162 20.0906257629395 20.0406246185303 19.908332824707 19.7885417938232 19.9489574432373 20.1645832061768 20.142707824707 20.3197917938232 20.2760410308838 20.154167175293 20.0260410308838 20.1197910308838 20.265625 20.2135410308838 20.2197914123535 20.247917175293 20.2124996185303 19.861457824707 19.8250007629395 20.0093746185303 20.1218757629395 20.1000003814697 20.1375007629395 20.0572910308838 20.0677089691162 19.9229164123535 19.7687492370605 19.6770839691162 19.7614574432373 19.9739589691162 20.0979175567627 20.0822906494141 20.0520839691162 20.0812492370605 19.9781246185303 19.8760414123535
20.1333332061768 19.9229164123535 20.029167175293 20.4916667938232 20.2739582061768 19.9593753814697 20.1375007629395 20.1593742370605 20.091667175293 20.0739593505859 20.0093746185303 19.8239574432373 19.8072910308838 19.7687492370605 19.890625 19.8833332061768 20.0437507629395 20.3479156494141 20.2614593505859 20.2385425567627 20.3635425567627 20.3833332061768 20.341667175293 20.4614582061768 20.267707824707 20.1197910308838 20.3322925567627 20.2979164123535 20.1947917938232 20.0583343505859 20.0854167938232 20.1937503814697 20.1312503814697 20.1593742370605 20.185417175293 20.1802082061768 20.2135429382324 19.9718742370605 19.8802089691162 20.0614585876465 20.2072906494141 20.2177085876465 20.1375007629395 19.9989585876465 19.9052085876465 19.6312503814697
19.7593746185303 19.9593753814697 19.8958339691162 20.0885410308838 20.3177089691162 20.2687492370605 20.1000003814697 20.0208339691162 20.1020832061768 20.0656242370605 20.0874996185303 20.0979156494141 19.9447917938232 19.8760414123535 19.9770832061768 20.0791664123535 20.326042175293 20.2802085876465 20.4656257629395 20.502082824707 20.2197914123535 20.1833324432373 20.3604164123535 20.2416667938232 20.0979156494141 20.3968753814697 20.3562507629395 20.0770835876465 20.1625003814697 20.1812496185303 20.1197910308838 19.9656257629395 20.0979156494141 20.0791664123535 20.1156253814697 20.2583332061768 20.3468742370605 20.357292175293 20.1635417938232 20.3270835876465 20.1937503814697 20.1781253814697 20.3708324432373 20.076042175293 19.9937496185303 19.6979160308838
20.0843753814697 19.8031253814697 19.9177093505859 20.279167175293 20.3500003814697 20.2906246185303 20.1927070617676 20.2708339691162 20.2374992370605 20.3166656494141 20.3020839691162 20.3010425567627 20.2406253814697 20.2625007629395 20.3718757629395 20.4989585876465 20.5843753814697 20.3843746185303 20.4968757629395 20.5708332061768 20.4479160308838 20.4874992370605 20.1302089691162 19.908332824707 20.3666667938232 20.3520832061768 20.2822914123535 20.296875 20.013542175293 19.7895832061768 19.8354167938232 20.0197925567627 19.9802074432373 19.6635417938232 20.0406246185303 20.0895843505859 20.2374992370605 20.484375 20.421875 20.53125 20.4541664123535 20.6135425567627 20.5260410308838 20.2843742370605 20.095832824707 19.953125
20.2927093505859 20.1968746185303 20.0989589691162 20.1833324432373 20.3187503814697 20.375 20.372917175293 20.3510417938232 20.4093742370605 20.4270839691162 20.5197925567627 20.40625 20.2666664123535 20.3093757629395 20.5666675567627 20.7729167938232 20.6927089691162 20.3604164123535 20.111457824707 20.1166667938232 20.375 20.5687503814697 20.2000007629395 19.9739570617676 20.3187503814697 20.2739582061768 20.2979164123535 20.3604164123535 20.2281246185303 19.5791664123535 19.7114582061768 19.859375 19.7697906494141 19.5895843505859 19.7406253814697 20.140625 20.232292175293 20.2770824432373 20.2999992370605 20.5083332061768 20.7395820617676 20.6604156494141 20.4906253814697 20.4312496185303 19.9958343505859 19.716667175293
20.060417175293 20.1052093505859 19.9572925567627 20.3583335876465 20.3895835876465 20.3541679382324 20.5229167938232 20.5270824432373 20.421875 20.1614589691162 20.1906242370605 20.2000007629395 20.3177089691162 20.3718757629395 20.5197925567627 20.810417175293 21.0531253814697 20.8291664123535 20.6354160308838 20.4750003814697 20.3093757629395 20.5281257629395 20.2749996185303 19.9229164123535 20.1083335876465 20.0072917938232 20.173957824707 20.122917175293 20.2822914123535 19.6312503814697 19.7229175567627 19.8270835876465 19.5833339691162 19.5656242370605 19.6749992370605 20.1124992370605 20.1364593505859 20.423957824707 20.6375007629395 20.7427082061768 20.6822910308838 20.6677074432373 20.6239585876465 20.4145832061768 20.1593742370605 19.8791675567627
19.8531246185303 20.0322914123535 20.1593742370605 20.5406246185303 20.4249992370605 20.4479160308838 20.4906253814697 20.2864589691162 20.423957824707 20.294792175293 20.3937492370605 20.1822910308838 20.2114582061768 20.5572929382324 20.6708335876465 20.7979164123535 20.986457824707 21.1041660308838 20.9812507629395 20.4958324432373 20.2718753814697 20.2906246185303 20.4812507629395 20.3968753814697 20.138542175293 19.7385425567627 19.8364582061768 19.8624992370605 20.185417175293 20.4135417938232 19.9583339691162 19.9385414123535 19.5749988555908 19.6166667938232 19.4697914123535 19.7854175567627 20.0718746185303 20.2770843505859 20.7083339691162 20.5104179382324 20.6322917938232 20.747917175293 20.6770839691162 20.4718742370605 20.5041656494141 20.3135414123535
20.0968742370605 20.0583343505859 20.357292175293 20.4770832061768 20.3708343505859 20.3041667938232 20.3156242370605 20.2218742370605 20.4031257629395 20.4093742370605 20.154167175293 20.203125 20.4375 20.9479160308838 20.9885425567627 21.091667175293 20.9416675567627 20.9302082061768 21.044792175293 20.7218742370605 20.4927082061768 20.1749992370605 19.9739589691162 20.2270832061768 20.1916656494141 19.9020843505859 19.7000007629395 19.8562507629395 20.0895843505859 20.1802082061768 20.3604164123535 19.890625 19.9145832061768 19.8062496185303 19.5249996185303 19.96875 20.3895835876465 20.5833320617676 20.4135417938232 20.5239582061768 20.5739574432373 20.5239582061768 20.3562507629395 20.2083339691162 20.5343742370605 20.4989585876465
20.4260406494141 20.3947925567627 20.5114574432373 20.5531253814697 20.1468753814697 20.2958335876465 20.4166660308838 20.1625003814697 20.3895835876465 20.0968742370605 20.0687503814697 20.2906246185303 20.7697906494141 20.9031257629395 21.2895832061768 21.2739582061768 21.3031253814697 21.1302089691162 21.2114582061768 20.8635406494141 20.6906261444092 20.497917175293 20.1635417938232 20.0010414123535 20.1052074432373 19.7895832061768 19.8802089691162 19.9375 20.236457824707 20.439582824707 20.21875 20.3697910308838 20.21875 20.1281242370605 19.7979164123535 20.0593738555908 20.4739570617676 20.3999996185303 20.2708320617676 20.1760406494141 20.5520839691162 20.5770835876465 20.4208335876465 20.375 20.5062503814697 20.3656253814697
20.6447906494141 20.703125 20.6927089691162 20.6822910308838 20.4697914123535 20.4145832061768 20.435417175293 20.3197917938232 20.3125 20.3072910308838 20.4937496185303 20.9385414123535 21.1177082061768 21.3895835876465 21.6708335876465 21.765625 21.1968746185303 20.8604164123535 20.8791656494141 21.0166664123535 20.5239582061768 20.5479164123535 20.3489589691162 20.3312492370605 20.080207824707 19.9427089691162 19.861457824707 20.1145839691162 20.091667175293 20.3999996185303 19.4916667938232 19.7729167938232 19.9958324432373 20.0458335876465 19.5718746185303 20.0833339691162 20.3833332061768 20.3197917938232 20.6145820617676 20.7020835876465 20.7645835876465 20.3697910308838 20.4020824432373 20.4989585876465 20.3468742370605 20.4260425567627
20.5635414123535 20.845832824707 20.8093757629395 20.7250003814697 20.4072914123535 20.2124996185303 20.4750003814697 20.6625003814697 20.7749996185303 20.9416656494141 21.0239582061768 21.0822925567627 21.2802085876465 21.4656257629395 21.4427089691162 21.2843742370605 21.2864589691162 21.1145839691162 21.1010417938232 20.8656253814697 20.6822910308838 20.4937496185303 20.3052082061768 20.1520843505859 20.3447914123535 20.1687507629395 20 19.84375 20.1989574432373 20.4052085876465 20.0635414123535 19.7718753814697 19.455207824707 19.90625 19.5114574432373 19.2666664123535 19.8552074432373 20.5437507629395 20.5822906494141 20.7781257629395 20.5791664123535 20.5552082061768 20.6437492370605 20.2729167938232 20.4458332061768 20.1760425567627
20.6447925567627 20.6416664123535 20.7749996185303 20.78125 20.716667175293 20.7687492370605 21.0083332061768 21.2135410308838 21.252082824707 19.5229167938232 19.5614585876465 19.861457824707 19.8093738555908 21.5791664123535 21.4375 21.0656242370605 21.1458339691162 21.2614593505859 21.2041664123535 21.1729164123535 21.0416660308838 20.904167175293 20.5708332061768 20.6489582061768 20.5072917938232 20.3229160308838 20.140625 20.3374996185303 20.3937492370605 20.673957824707 20.3333339691162 20.1239585876465 19.9364585876465 19.765625 19.7666664123535 19.4156246185303 19.669792175293 20.3125 20.9916667938232 20.8270835876465 20.4458332061768 20.6135425567627 20.7291660308838 20.5593757629395 20.3125 20.1333332061768
19.6020832061768 20.4208335876465 20.7135410308838 20.8270835876465 21.0510425567627 21.2145824432373 21.2145824432373 21.1520843505859 21.2385425567627 19.6416664123535 19.6062507629395 19.9166660308838 19.841667175293 19.6479167938232 21.388542175293 21.3583335876465 21.3958339691162 21.2239570617676 21.0145835876465 21.064582824707 20.857292175293 20.6656246185303 20.7708320617676 20.7374992370605 20.6343746185303 20.640625 20.4624996185303 20.4593753814697 20.5010414123535 20.5854167938232 20.7541656494141 20.4468746185303 20.2104167938232 19.9677085876465 19.9916667938232 19.8166675567627 19.9895839691162 20.3010406494141 20.6958332061768 20.904167175293 20.5989589691162 20.861457824707 20.6802082061768 20.5062503814697 20.2864589691162 20.1572914123535
20.372917175293 20.7291660308838 20.892707824707 20.908332824707 21.1145820617676 21.173957824707 21.1635417938232 20.9968757629395 20.9291667938232 19.497917175293 19.935417175293 19.9583339691162 19.9010410308838 20.1843738555908 21.8541660308838 21.5354156494141 21.502082824707 21.3656253814697 21.3031253814697 21.2072925567627 21.002082824707 21.0208339691162 21.341667175293 21.0406246185303 21.095832824707 21.1625003814697 21.0906257629395 20.9739589691162 20.6166667938232 20.4885406494141 20.8739585876465 20.6822910308838 20.4895839691162 20.173957824707 20.2281246185303 20.4322910308838 20.5614585876465 20.6552085876465 20.767707824707 20.470832824707 20.5208339691162 20.7156257629395 20.595832824707 20.4385414123535 20.6604175567627 20.658332824707
20.6677093505859 20.517707824707 20.8791675567627 21.0572910308838 21.4406242370605 21.4572906494141 21.2958335876465 20.9343757629395 20.8999996185303 19.6864585876465 20.0989589691162 20.1906242370605 20.4249992370605 20.4697914123535 21.7718753814697 21.5854167938232 21.7197914123535 21.470832824707 21.497917175293 21.6593742370605 21.4718742370605 21.3343753814697 21.3635406494141 21.4458332061768 21.3760414123535 21.3760414123535 21.3062496185303 21.0270824432373 20.966667175293 20.6468753814697 20.6343746185303 20.4520835876465 20.5 20.439582824707 20.7041664123535 20.705207824707 20.7437496185303 20.3968753814697 20.125 20.0125007629395 20.4072914123535 20.654167175293 20.8135414123535 20.8156242370605 20.8812503814697 20.5885410308838
21.1052093505859 20.9635410308838 21.1510410308838 21.1239585876465 21.0458335876465 20.9052085876465 20.8875007629395 20.5739574432373 20.814582824707 21.3093757629395 20 20.21875 20.3187503814697 21.7666664123535 22.044792175293 22.2000007629395 22.0052089691162 21.8833332061768 22.0718746185303 21.9989585876465 21.7999992370605 21.6302070617676 21.5260410308838 21.4458332061768 21.2875003814697 21.455207824707 21.5437488555908 21.5677089691162 21.4114589691162 21.060417175293 20.8875007629395 20.8781242370605 20.9624996185303 21.0510425567627 21.0249996185303 21.0052089691162 20.6812496185303 20.377082824707 20.2197914123535 19.7072906494141 20.2406253814697 20.6749992370605 20.986457824707 21.0677089691162 20.982292175293 20.5635414123535
21.5531253814697 21.372917175293 21.2395839691162 21.3520832061768 21.2541675567627 21.0614585876465 20.9604167938232 20.9020824432373 21.2541675567627 21.7885417938232 22.1208343505859 22.1729164123535 22.377082824707 22.5322914123535 22.580207824707 22.5218753814697 22.3968753814697 22.173957824707 22.0052089691162 21.919792175293 21.7406253814697 21.5979175567627 21.4249992370605 21.2312507629395 21.4270839691162 21.4604167938232 21.3677082061768 21.3510417938232 21.341667175293 21.576042175293 21.5750007629395 21.4270839691162 21.28125 21.2270832061768 21.0979156494141 20.8812503814697 20.877082824707 20.5677089691162 20.453125 20.1354160308838 20.5531253814697 20.9312496185303 21.1468753814697 20.9635410308838 20.9447917938232 20.0593757629395
21.7906246185303 22.1177082061768 22.002082824707 21.935417175293 21.9343757629395 21.7687492370605 21.5239582061768 21.7802085876465 22.0947914123535 22.3322906494141 22.4229164123535 22.5239582061768 22.6166667938232 22.7333335876465 22.732292175293 22.4281253814697 22.595832824707 22.4447917938232 22.2468757629395 22.0989589691162 21.640625 21.3541660308838 21.247917175293 21.3802070617676 21.7156257629395 21.6666660308838 21.5385417938232 21.5187492370605 21.3781242370605 21.4291667938232 21.607292175293 21.4437503814697 21.3239574432373 21.341667175293 21.3583335876465 21.4208335876465 21.2145843505859 20.997917175293 20.544792175293 20.5 20.8156242370605 21.060417175293 20.9656257629395 20.8791656494141 21.0208339691162 20.6197910308838
22.3364582061768 22.625 22.345832824707 22.1052093505859 22.2135410308838 22.2468757629395 22.2937507629395 22.298957824707 22.3624992370605 22.5072917938232 22.6468753814697 22.701042175293 22.9177074432373 23.1145839691162 23.0718746185303 23.0593757629395 23.0458335876465 22.8708343505859 22.720832824707 22.4072914123535 22.1645832061768 21.8708324432373 21.6666660308838 21.5989589691162 21.8197917938232 21.9416675567627 22.0395832061768 22.0354156494141 21.9572906494141 22.0010414123535 21.8739585876465 21.8239593505859 21.8312492370605 21.7333335876465 21.4802074432373 21.2916660308838 21.3520832061768 21.497917175293 21.4583339691162 21.064582824707 21.0520839691162 20.8447914123535 20.6395835876465 20.8270835876465 21.1593742370605 20.736457824707
23.220832824707 23.0989589691162 22.7312507629395 22.4520835876465 22.4291667938232 22.3447914123535 22.3968753814697 22.3833332061768 22.6916675567627 22.9635410308838 23.1062507629395 23.28125 23.3541660308838 23.3114585876465 23.2583332061768 23.2593746185303 23.201042175293 22.8468742370605 22.5927085876465 22.4593753814697 22.310417175293 22.3447914123535 22.2906246185303 22.0531253814697 21.9447917938232 21.6802082061768 21.6864585876465 21.9260425567627 21.9468746185303 21.9802074432373 22.0208339691162 22.1531257629395 22.169792175293 21.9604167938232 21.794792175293 21.591667175293 21.4229164123535 21.6239585876465 21.7645835876465 21.5895843505859 21.1916675567627 21.2468757629395 21.0479164123535 20.8677082061768 20.779167175293 20.6416664123535
