input_data/future_climate/CanESM5_126/_band1_a.asc
ncols  331
nrows  193
xllcorner  17.833372883333
yllcorner  37.9999896166667
cellsize 0.1666667
NODATA_value  -9999
[rows 0 to 20 of 193, columns 276 to 321 of 331]
-9999 -9999 -9999 -9999 -9999 -9999 -9999 -9999 -9999 -9999 -9999 -9999 -9999 -9999 -9999 -9999 -9999 -9999 -2.86875009536743 -1.80694448947906 -2.74305558204651 -3.09888887405396 -3.18854165077209 -3.28463530540466 -3.32135415077209 -3.30312490463257 -3.33020830154419 -3.42421889305115 -3.52656245231628 -3.57161450386047 -3.65859389305115 -3.76197910308838 -3.84479165077209 -3.91015625 -3.95677089691162 -4.00911426544189 -4.14661455154419 -4.08541679382324 -4.04739570617676 -4.13124990463257 -4.21432304382324 -4.29453134536743 -4.34140634536743 -4.50963544845581 -4.55130195617676 -4.625
-9999 -9999 -9999 -9999 -9999 -9999 -9999 -9999 -9999 -9999 -9999 -9999 -9999 -9999 -9999 -9999 -9999 -2.81666660308838 -2.81500005722046 -2.83166670799255 -2.91067719459534 -2.99739575386047 -3.05052089691162 -3.13333344459534 -3.21406245231628 -3.25130200386047 -3.32083344459534 -3.40260434150696 -3.46901035308838 -3.47473955154419 -3.52317714691162 -3.60625004768372 -3.70104146003723 -3.79453134536743 -3.86093759536743 -3.89635396003723 -3.95833325386047 -4.00416660308838 -4.08203125 -4.10781240463257 -4.20494794845581 -4.31197881698608 -4.32291650772095 -4.37447929382324 -4.45234394073486 -4.51458311080933
-9999 -9999 -9999 -9999 -9999 -9999 -9999 -9999 -9999 -9999 -9999 -9999 -9999 -9999 -9999 -9999 -9999 -2.78229165077209 -2.72239589691162 -2.83750009536743 -2.93854165077209 -2.97005200386047 -3.00338554382324 -3.08255195617676 -3.15312504768372 -3.22526049613953 -3.28229165077209 -3.3671875 -3.43281269073486 -3.33697915077209 -3.38515615463257 -3.47682285308838 -3.58776044845581 -3.69765639305115 -3.78046870231628 -3.83749985694885 -3.90755224227905 -3.88437485694885 -3.99114561080933 -4.08072900772095 -4.19687509536743 -4.27500009536743 -4.25911474227905 -4.40026044845581 -4.43385410308838 -4.49427080154419
-1.37916672229767 -1.38333332538605 -1.40833342075348 -9999 -9999 -9999 -9999 -9999 -9999 -9999 -9999 -9999 -9999 -9999 -9999 -9999 -9999 -2.69999980926514 -2.48333334922791 -2.65069460868835 -2.81909728050232 -2.84962129592896 -2.96203708648682 -2.99055552482605 -3.03072905540466 -3.03255200386047 -3.07708334922791 -3.16536474227905 -3.27942705154419 -3.32552099227905 -3.27526044845581 -3.39739584922791 -3.50208330154419 -3.53880190849304 -3.63671875 -3.72552084922791 -3.78567719459534 -3.88802075386047 -3.98776054382324 -4.11406230926514 -4.20729160308838 -4.26093769073486 -4.33984375 -4.38229179382324 -4.39531278610229 -4.44401025772095
-1.58828127384186 -1.56015622615814 -1.55312490463257 -1.52499997615814 -1.6066666841507 -1.71749997138977 -9999 -9999 -9999 -9999 -9999 -9999 -9999 -9999 -9999 -9999 -9999 -9999 -2.5888888835907 -1.86536467075348 -2.66805553436279 -2.72916650772095 -2.40000009536743 -9999 -2.99687504768372 -2.95708346366882 -3.00338554382324 -3.12708353996277 -3.26380205154419 -3.34140634536743 -3.28593754768372 -3.32994794845581 -3.35338544845581 -3.43697929382324 -3.48359370231628 -3.59296870231628 -3.65859365463257 -3.75234389305115 -3.82578110694885 -3.92578125 -4.03437471389771 -4.09036445617676 -4.17500019073486 -4.22864580154419 -4.29479169845581 -4.31406211853027
-1.49088537693024 -1.48177075386047 -1.54661464691162 -1.58307301998138 -1.63359379768372 -1.72444438934326 -1.83910262584686 -1.79810607433319 -1.73541676998138 -1.72083353996277 -9999 -9999 -9999 -9999 -9999 -9999 -9999 -9999 -9999 -9999 -9999 -9999 -9999 -9999 -9999 -2.94916677474976 -2.92656254768372 -2.98958349227905 -3.12109375 -3.20729160308838 -3.20494794845581 -3.26874995231628 -3.32265615463257 -3.36536478996277 -3.42786455154419 -3.484375 -3.57604169845581 -3.60468745231628 -3.69505214691162 -3.82604169845581 -3.84479165077209 -3.89114594459534 -3.97578120231628 -4.07656240463257 -4.18098974227905 -4.28489589691162
-1.41901040077209 -1.48749995231628 -1.47187495231628 -1.50703120231628 -1.54895830154419 -1.62552082538605 -1.74062490463257 -1.94140636920929 -2.01119780540466 -2.00963544845581 -1.87864589691162 -1.77788472175598 -1.84131944179535 -1.94128787517548 -2.00277781486511 -1.92291665077209 -9999 -9999 -9999 -9999 -9999 -9999 -9999 -9999 -9999 -9999 -2.97583341598511 -2.95500016212463 -3.00026035308838 -3.06406259536743 -3.03776049613953 -3.14427089691162 -3.22552084922791 -3.31718754768372 -3.35651040077209 -3.43645834922791 -3.52500009536743 -3.55286478996277 -3.66197919845581 -3.76171875 -3.84505224227905 -3.96901059150696 -4.06536436080933 -4.11015605926514 -4.16744756698608 -4.25494766235352
-1.40651047229767 -1.36953127384186 -1.37161457538605 -1.38489592075348 -1.43932294845581 -1.57994794845581 -1.79062497615814 -2.03697919845581 -2.08984375 -2.06692719459534 -2.05234360694885 -2.07916665077209 -2.078125 -2.01484370231628 -1.98307299613953 -1.95805561542511 -1.97666668891907 -2.05937504768372 -2.03958320617676 -2.04166674613953 -9999 -9999 -9999 -9999 -9999 -9999 -9999 -3.02083325386047 -3.01093745231628 -3.0517361164093 -3.05499982833862 -3.07421875 -3.13958334922791 -3.22968745231628 -3.31354141235352 -3.36692690849304 -3.43020820617676 -3.55260419845581 -3.64791679382324 -3.72864603996277 -3.77317714691162 -3.84375 -3.97812509536743 -4.13203144073486 -4.17760419845581 -4.25755214691162
-1.51770842075348 -1.41848957538605 -1.60807299613953 -1.74609363079071 -1.66979169845581 -1.54739582538605 -1.59583330154419 -1.77968752384186 -1.76718735694885 -1.71119785308838 -1.89322924613953 -1.95000004768372 -2.08437490463257 -2.1328125 -2.18151044845581 -2.19635415077209 -2.15885424613953 -2.09114575386047 -2.08385419845581 -2.06488084793091 -1.71624994277954 -2.21770834922791 -9999 -9999 -9999 -9999 -9999 -9999 -9999 -9999 -3.0625 -3.04472231864929 -3.07890605926514 -3.15911436080933 -3.20807290077209 -3.31927084922791 -3.33750009536743 -3.45130205154419 -3.55494809150696 -3.58958339691162 -3.65703129768372 -3.75677084922791 -3.87187480926514 -4.02109384536743 -4.08541679382324 -4.11927080154419
-1.74166655540466 -1.74010419845581 -1.74843752384186 -1.73177087306976 -1.70078122615814 -1.52109384536743 -1.53749990463257 -1.83020842075348 -1.7578125 -1.63177096843719 -1.70677077770233 -1.83177089691162 -1.94869792461395 -1.98671877384186 -2.08984375 -2.16067695617676 -2.20833325386047 -2.25833320617676 -2.22838544845581 -2.23697924613953 -2.18229174613953 -2.16194438934326 -2.12958335876465 -2.11874985694885 -9999 -9999 -9999 -9999 -9999 -2.84791660308838 -2.91955137252808 -2.93125009536743 -3.01015615463257 -3.09505200386047 -3.15781259536743 -3.21692705154419 -3.27083325386047 -3.37161445617676 -3.47239589691162 -3.54192709922791 -3.62473964691162 -3.72708344459534 -3.87708330154419 -3.96614575386047 -3.97421884536743 -3.99505209922791
-1.96744787693024 -1.90989589691162 -1.79140627384186 -1.63359379768372 -1.52109372615814 -1.44036459922791 -1.50625014305115 -1.58307301998138 -1.61536455154419 -1.54453122615814 -1.67447912693024 -1.81432294845581 -1.87161457538605 -1.86302089691162 -2.16875004768372 -2.19661450386047 -2.42499995231628 -2.41562485694885 -2.45104169845581 -2.43567705154419 -2.40260410308838 -2.32604169845581 -2.34817695617676 -2.27395820617676 -2.29895830154419 -2.35092616081238 -0.628125011920929 4.65000009536743 -2.75250005722046 -2.77277779579163 -2.79609370231628 -2.85364580154419 -2.92916655540466 -3.01197934150696 -3.10364580154419 -3.15130209922791 -3.20937490463257 -3.30937504768372 -3.43151044845581 -3.54869794845581 -3.65442705154419 -3.69088530540466 -3.78229188919067 -3.85859394073486 -3.87317705154419 -3.90130209922791
-1.75598967075348 -1.67812502384186 -1.57578122615814 -1.48203134536743 -1.39739573001862 -1.44947910308838 -1.53776049613953 -1.48489594459534 -1.37682294845581 -1.39661455154419 -1.52786469459534 -1.86197924613953 -2.32760405540466 -2.61927080154419 -2.74010419845581 -3.02395820617676 -2.95494794845581 -2.82630205154419 -2.77291655540466 -2.80130219459534 -2.7109375 -2.67447924613953 -2.53567719459534 -2.40156245231628 -2.22786450386047 -2.29921865463257 -2.34131932258606 -2.40520834922791 -2.52777767181396 -2.60286474227905 -2.67447924613953 -2.75156259536743 -2.83723974227905 -2.91171884536743 -2.98958325386047 -3.08854150772095 -3.17630195617676 -3.27369809150696 -3.33333325386047 -3.42682290077209 -3.50286459922791 -3.62708330154419 -3.65989589691162 -3.67317724227905 -3.74921870231628 -3.80755209922791
-1.70572924613953 -1.6171875 -1.49348962306976 -1.35937511920929 -1.31692695617676 -1.26249992847443 -1.40885412693024 -1.35052073001862 -1.27968752384186 -1.53723967075348 -2.59218764305115 -2.77291655540466 -2.98411464691162 -3.13124990463257 -3.17369771003723 -3.52265620231628 -2.82604169845581 -2.67005205154419 -2.4921875 -2.37005209922791 -2.35026049613953 -2.42552089691162 -2.4609375 -2.25572919845581 -2.1171875 -2.19973969459534 -2.27317714691162 -2.37031245231628 -2.39218759536743 -2.49817705154419 -2.58098959922791 -2.640625 -2.70182299613953 -2.78203129768372 -2.89166665077209 -3.00052070617676 -3.08177089691162 -3.19322919845581 -3.30546879768372 -3.40963530540466 -3.44348955154419 -3.5 -3.53593730926514 -3.53645825386047 -3.61458349227905 -3.68671894073486
-1.66354167461395 -1.62916672229767 -1.55989587306976 -1.53125 -1.53333330154419 -1.34479153156281 -1.48776030540466 -1.51640617847443 -1.44791662693024 -1.58541667461395 -2.07708334922791 -2.35026049613953 -2.64140629768372 -3.00546884536743 -2.96406245231628 -3.04401040077209 -2.66640615463257 -2.59713554382324 -2.29322934150696 -2.34661459922791 -2.21406245231628 -2.09140610694885 -2.01093745231628 -2.05182290077209 -2.04999995231628 -2.13177084922791 -2.19166684150696 -2.26354169845581 -2.28229165077209 -2.41145825386047 -2.55937504768372 -2.68333339691162 -2.78177094459534 -2.82187509536743 -2.94348955154419 -2.99166679382324 -3.07031273841858 -3.17161440849304 -3.23229146003723 -3.30546879768372 -3.41171884536743 -3.42526030540466 -3.43802094459534 -3.41510415077209 -3.46666669845581 -3.52864575386047
-1.59218752384186 -1.54140615463257 -1.43177092075348 -1.40442705154419 -1.25781261920929 -1.24088549613953 -1.42786455154419 -1.49791669845581 -1.52109372615814 -1.68750011920929 -1.9708331823349 -2.37473964691162 -2.97682285308838 -3.32630205154419 -2.79661464691162 -2.75729155540466 -2.79791665077209 -2.63411474227905 -2.30937504768372 -1.96562504768372 -1.96380209922791 -1.94843745231628 -1.95052087306976 -2.11640620231628 -2.20104169845581 -2.24322915077209 -2.34348964691162 -2.34505200386047 -2.3671875 -2.43098950386047 -2.53984379768372 -2.58671879768372 -2.66093730926514 -2.80677080154419 -2.91093754768372 -2.96744799613953 -3.00130200386047 -3.09947919845581 -3.20416665077209 -3.30755209922791 -3.39427065849304 -3.48124980926514 -3.54088544845581 -3.53567695617676 -3.59765625 -3.67343735694885
-1.47083330154419 -1.26276040077209 -1.31510412693024 -1.21614587306976 -1.16536462306976 -1.13255214691162 -1.10026049613953 -1.19244790077209 -1.40286457538605 -1.625 -2.25416660308838 -2.68984365463257 -3.08489584922791 -3.14635419845581 -2.91380214691162 -3.19218754768372 -2.68567705154419 -2.70234370231628 -2.12786459922791 -1.83723950386047 -1.92552089691162 -1.92135417461395 -1.92161464691162 -1.953125 -1.99687492847443 -2.05807280540466 -2.23333334922791 -2.37734365463257 -2.40781235694885 -2.36302089691162 -2.42317724227905 -2.51015639305115 -2.62317705154419 -2.71432280540466 -2.74401044845581 -2.80494785308838 -2.94427084922791 -3.03567719459534 -3.16979193687439 -3.24505209922791 -3.25625014305115 -3.33151030540466 -3.42057299613953 -3.50546884536743 -3.54817700386047 -3.60052084922791
-1.43020832538605 -1.4119793176651 -1.2947918176651 -1.18281245231628 -1.08177089691162 -1.10260415077209 -1.38593745231628 -1.24036467075348 -1.21614587306976 -1.43359375 -2.10078144073486 -2.44895839691162 -2.76510405540466 -2.88776040077209 -2.77682280540466 -2.69947910308838 -2.57656264305115 -3.25598955154419 -2.76536464691162 -2.16510415077209 -2.07734370231628 -1.96406245231628 -1.86041665077209 -1.77343761920929 -1.85677087306976 -1.98046886920929 -2.00494790077209 -2.09348964691162 -2.15625 -2.23307299613953 -2.33776044845581 -2.42265605926514 -2.48541665077209 -2.54817700386047 -2.65468740463257 -2.74375009536743 -2.78984379768372 -2.89895844459534 -2.97604179382324 -3.09765625 -3.17083334922791 -3.21145844459534 -3.24088549613953 -3.30546855926514 -3.43984365463257 -3.45755219459534
-1.32187509536743 -1.23098969459534 -1.30937504768372 -1.22343742847443 -1.40416657924652 -1.47630214691162 -1.63619792461395 -1.75156247615814 -2.45000004768372 -2.28567695617676 -2.15729165077209 -2.27421879768372 -2.90364575386047 -2.93880200386047 -3.11380219459534 -3.22447919845581 -2.69062495231628 -2.52552080154419 -2.24895834922791 -2.18671870231628 -2.28463554382324 -2.18723964691162 -2.02994799613953 -1.77473962306976 -1.77682292461395 -1.88098955154419 -1.93281257152557 -2.00312495231628 -2.05989575386047 -2.14531230926514 -2.21197915077209 -2.28203129768372 -2.38072919845581 -2.46276044845581 -2.57343745231628 -2.61536455154419 -2.62708306312561 -2.73463535308838 -2.82421875 -2.93671870231628 -3.04375004768372 -3.09088563919067 -3.09062504768372 -3.12916660308838 -3.25260400772095 -3.27656245231628
-1.15520834922791 -1.12317717075348 -1.07968759536743 -1.06770837306976 -1.11015629768372 -1.21432292461395 -1.46197915077209 -1.82083332538605 -1.93489587306976 -1.79401040077209 -1.90052080154419 -2.40000009536743 -2.82656264305115 -3.01015639305115 -2.56536459922791 -2.43645834922791 -2.3984375 -2.49687504768372 -2.48776054382324 -2.31588530540466 -2.14635419845581 -1.95338535308838 -1.78567707538605 -1.68489587306976 -1.68307292461395 -1.69817709922791 -1.78437495231628 -1.88151037693024 -1.97343742847443 -2.07708334922791 -2.17526030540466 -2.19895839691162 -2.27161455154419 -2.34453105926514 -2.42057299613953 -2.49427080154419 -2.56015634536743 -2.59375 -2.69296860694885 -2.77369785308838 -2.83307290077209 -2.92317700386047 -2.99531269073486 -3.02864575386047 -3.13463521003723 -3.18124985694885
-1.08880198001862 -1.09583330154419 -1.15755212306976 -1.08515632152557 -1.10078120231628 -1.37317705154419 -1.77291667461395 -2.50052070617676 -2.70937490463257 -2.75989580154419 -2.26510429382324 -1.76614594459534 -2.02500009536743 -2.15286445617676 -2.34192728996277 -2.48098945617676 -2.31692695617676 -2.22213554382324 -2.26796865463257 -2.10911464691162 -1.91718745231628 -1.75338530540466 -1.62526047229767 -1.53203129768372 -1.54453122615814 -1.55442714691162 -1.64140629768372 -1.75260424613953 -1.88046872615814 -1.98671865463257 -2.04765629768372 -2.10989594459534 -2.20703125 -2.25807285308838 -2.31640601158142 -2.36822915077209 -2.44687509536743 -2.52630209922791 -2.59635400772095 -2.65651059150696 -2.71562504768372 -2.81067705154419 -2.97031235694885 -3.04791665077209 -3.08359384536743 -3.11666655540466
-1.48437511920929 -1.61458325386047 -2.06718754768372 -2.75859379768372 -2.74348950386047 -2.20807290077209 -1.73072910308838 -1.55442702770233 -1.42578125 -1.58645844459534 -1.62187504768372 -1.64192700386047 -1.78463542461395 -1.96901047229767 -2.14947915077209 -2.30156230926514 -2.29401016235352 -2.21171879768372 -2.05625009536743 -1.95104157924652 -1.77473950386047 -1.58255207538605 -1.43124997615814 -1.34531247615814 -1.38177073001862 -1.45572912693024 -1.52395832538605 -1.60027778148651 -1.66215288639069 -1.78489601612091 -1.95390617847443 -1.98281264305115 -2.05320525169373 -2.08184504508972 -2.19166684150696 -2.24583339691162 -2.32232141494751 -2.43619799613953 -2.52421855926514 -2.6328125 -2.69583320617676 -2.79817724227905 -2.87161445617676 -2.94114589691162 -2.99088525772095 -3.02864575386047
