input_data/future_climate/CanESM5_126/_band13_a.asc
ncols  331
nrows  193
xllcorner  17.833372883333
yllcorner  37.9999896166667
cellsize 0.1666667
NODATA_value  -9999
[rows 160 to 191 of 193, columns 142 to 212 of 331]
140.875 133.125 139.6875 133 132.9375 138.3125 136.6875 135.6875 128.625 127.1875 131.3125 127.0625 112.8125 103.6875 98.875 93.8125 95.625 103.75 104.625 97.4375 91.3125 86.4375 81 75.75 71.0625 66.375 60.375 59.3125 55 49.625 45.25 42.625 39.1875 38.375 39.1875 38 36.25 35.25 33.5625 32.625 31.25 29.6875 28.6875 27.25 25.75 24.4375 23.5625 22.875 22.0625 21.5 20.6875 19.8125 19 18.125 17.4375 16.875 16.4375 15.875 15.5 16.8125 16.375 16.5 17.25 19.3125 19.125 19.125 19.0625 19.0625 19.3125 20.375 19.8125
152.375 151.5625 141.5625 139 137.25 136.875 133.4375 130.3125 131.625 130.6875 134.9375 136.0625 123.5625 117.75 111.625 107.0625 103.625 105.5 110.8125 110.75 105.375 94.125 84.3125 79.1875 74.75 71.6875 64.5 62.4375 59.5 54.875 49.9375 44.25 41.5 41.375 41.625 41 39.3125 38 35.9375 34.9375 33.6875 32.6875 30.75 29.4375 28.25 26.5 24.6875 23.4375 22.75 22.0625 21.1875 20.6875 19.875 19 18.1875 17.5 17 16.625 16.125 17.25 17.25 18.25 17.6875 18.375 18.5625 19.0625 19.3125 20.25 19.875 19.5625 19.4375
172.25 169.125 161.9375 150.875 138.5625 135.375 134.4375 134.625 135.875 130.125 131.375 131.375 136.625 134.75 126.875 115.6875 113.375 115.4375 122.5625 121.5625 119.875 113.0625 102.375 92.125 84.4375 81.375 78.0625 76.75 72.875 68.875 66.8125 61.5 53.875 49 45.4375 43.4375 40.8125 39.25 37.5625 37 35.875 35.0625 32.875 30.875 29.5 28.125 26.3125 24.5625 23.375 22.625 22 21.375 20.3125 19.8125 19 18.5 17.8125 17.125 17 15.9375 15.75 18.125 18.3125 18.5625 19 19.625 19.375 19.625 19.3125 19 19.3125
164.9375 178.8125 174.0625 155.375 140.9375 141.5 141.125 137.625 135.1875 139.625 136.5625 132.625 130.5 128.4375 136.375 135 134.5625 135.0625 132.0625 132.0625 130.0625 127.1875 125.5625 118.6875 105.125 97.3125 99.6875 97.5 94.75 96.25 97.6875 89.5625 65.125 54.75 52.25 51.375 44.25 41 40 39.4375 38.5 37.8125 34.6875 32.5 31.0625 29.75 28.25 25.6875 24.3125 23.1875 22.6875 21.9375 21.125 20.375 19.5625 19 18.3125 17.8125 16.875 16 15.9375 16.0625 17.8125 18.125 18.4375 18.875 19.5625 18.5 17.9375 18.0625 18.25
163.6875 173.25 182.875 178 157.5625 144.1875 139.8125 134.4375 136.25 138.125 139.0625 138.1875 133.6875 128.5625 130.625 131.4375 134.375 135.6875 137.5 131.375 129.8125 131.3125 125.375 118.5625 111.0625 110.75 106.9375 107.5625 98.5625 94.5 83.125 80 83.4375 74.5 61.875 54.9375 50.875 44.125 43.5625 42.5 41.125 38.625 36.1875 34.375 32.6875 30.6875 29.375 26.875 25.6875 24.25 23.5 22.8125 22 20.9375 20 19.3125 18.8125 17.9375 17.1875 16.3125 16.25 16 16 16 16.1875 16.8125 16.9375 17.9375 17.625 17.875 17.6875
165.125 178.5 186.6875 190.375 187.0625 175.75 158.125 166.5 154.0625 136.25 125.75 124.4375 129.5625 134 132.6875 136.6875 135.1875 138.0625 142.5 142.25 142.375 140.5625 137.1875 130.9375 132 121.375 120.6875 105.0625 101.8125 103.75 101.4375 97.625 79.8125 88.5 80.4375 70.5 56.9375 50.625 45.8125 45.375 44.0625 41.6875 39.125 36.875 33.9375 31.8125 30.1875 28.625 26.5625 25.4375 24.5 23.6875 22.4375 21.5625 20.625 19.75 19.0625 18.25 17.9375 17 16.125 16 16 16 16 16.0625 16 17.375 17.75 18 18.125
172.83332824707 178.5 184.8125 188.4375 192.375 192.1875 192.875 193.8125 173.3125 139 131.875 122.6875 127.5 134.5 135.3125 145.75 148.875 155.75 155.5625 147.875 140.0625 143.5625 144.3125 138.5 128.0625 132.3125 122.375 115.4375 129.75 116.3125 99.125 101.25 88.1875 82.5625 83.875 81 71.875 57.4375 52.1875 47.9375 47.75 45.1875 42.25 39.1875 35.5625 32.75 30.875 29.5 27.9375 26.25 25.1875 24.4375 23.1875 22.125 21.3125 20.5625 19.4375 19 18.25 17.75 16.8125 16.125 16.1875 16.125 16 15.5 16.1875 17.4375 17.9375 18.0625 18.3125
197.600006103516 197.9375 194.25 202.5625 199.4375 195.5 194.125 196.8125 190.25 165.5625 143 129.3125 120.1875 109.5625 107.25 116.4375 138.4375 142.125 145.6875 138.3125 135.9375 138.25 133.3125 135 137.3125 130.3125 121.875 139.0625 133.0625 119.0625 123.8125 115.125 104.1875 96.5 92.75 90.4375 83.125 60.875 55.5625 52.125 50.25 48.5 44.8125 40.9375 36.6875 33.6875 31.6875 30.375 28 27.125 25.9375 24.9375 23.6875 22.8125 22.0625 21.1875 20.4375 19.5 18.8125 18.0625 17.25 16.6875 16.125 16.0625 16.0625 15.9375 16.75 17.875 18 18.25 18.3125
220 222.142852783203 223.25 226.9375 218.5 206.6875 196.875 183.25 168.5625 155.5625 131.9375 123.75 107.9375 89.625 86.5 85.5625 98.1875 112.375 119.3125 116.4375 127.375 121.8125 114.75 113.875 118.125 124.25 129.9375 123.5 122.8125 121.125 133.75 123.0625 117.5625 110.3125 105.3125 98.25 87.3125 70.4375 56.75 53.25 53.0625 49.875 46.0625 41.5625 38.1875 34.375 32.1875 30.75 28.875 27.875 26.9375 25.9375 24.875 23.625 22.9375 22.1875 21.125 20.3125 19.5625 18.5625 18 17.25 16.4375 16.125 16.375 16.25 17.4375 18.25 18.0625 17.0625 16.4375
-9999 248.375 255.75 243.3125 204 172.9375 135.1875 131.3125 124.875 125.75 114.625 106.8125 110.3125 110.625 114.0625 105.5 93.4375 90.5 89.5 101.625 123.375 128.5625 125.5625 121.0625 112.375 110.1875 111.875 113.25 122.5625 129.875 126.1875 132.625 129.6875 125.25 115.4375 106.625 99.3125 95.6875 69.6875 55.125 54.125 49.9375 45.375 41.8125 38.875 34.875 32.375 31 29.625 28.375 27.6875 26.5625 25.625 24.6875 23.75 23.0625 22.0625 21.3125 20.5 19.5 18.5 17.75 17 16.125 16.125 16 17.9375 17.9375 16.375 15.9375 16
-9999 274.583343505859 230.1875 179.375 157.3125 140.875 121.4375 119.375 115.3125 109.1875 109.9375 118.4375 122.5 132.4375 138.125 140.875 137.4375 135.375 118.4375 92.1875 96.6875 106.1875 110.9375 115 115.625 110.5 105.8125 102.875 102.5625 108.1875 117.875 122.875 125.4375 120.875 117.3125 118.8125 100.9375 97.9375 79.125 60.0625 52.5625 53 49.75 42.375 38.25 35.625 32.5625 31.1875 30 29.0625 28.4375 27.5625 26.5 25.4375 24.6875 23.9375 23.125 22.375 21.6875 20.625 19.375 18.375 17.5625 16.75 16.75 16.3125 17.6875 17.0625 15.375 15.4375 15.5
262.25 233.5625 193.375 167 152.875 115.4375 119.6875 108.0625 107.625 100.5625 100.875 114.125 122 138.375 132.875 133.25 134.9375 125 104.125 90.3125 81.5625 82.4375 92.5 93.4375 94.25 100 104.0625 99.875 94.4375 93.125 101.4375 107.4375 115 118.3125 112.5 103.6875 101.75 94.9375 85 69.9375 57.6875 55.625 53.0625 46 37.8125 35 33 31.3125 30.125 29.125 29 28.5 27.5625 26.5 25.625 24.8125 24.25 23.4375 22.9375 21.625 20.5625 19.1875 18.0625 17.0625 16.4375 16.5625 17.875 18.8125 15.75 15.75 16
192.9375 174.75 134.0625 116.375 109.5 112.5 118.625 112.75 116.5625 121.75 102 99.25 119.9375 131 138.1875 131.5625 116.8125 94.125 82.375 73.5 71.375 70.5625 78.5625 85.875 86.3125 86.5625 92.1875 100.9375 98.75 96.3125 88.8125 84.5625 96.9375 109.5 121.5 113.1875 98.6875 89.6875 86.875 85 77.8125 64.3125 59.75 47.9375 41.3125 34.9375 32.875 31.8125 30.1875 29.75 29.75 29.5 29 27.75 26.875 26 25.5625 24.6875 23.8125 22.6875 21.4375 20.3125 18.8125 17.5625 17 16.75 16.75 17.4375 15.75 15.875 16.1875
127.25 133.5625 106.625 98.0625 94.4375 99.9375 108.9375 103.625 101.375 102.5625 98.8125 116.1875 114.875 125.25 136.75 135.75 126.1875 127.8125 115.5625 89.6875 77.875 73.8125 69.125 70.875 78.875 84.1875 80.25 79.4375 82.875 89.8125 90.25 78.5 77.4375 85.5 109.9375 114.3125 113.625 114.4375 113.6875 107 94.1875 82.875 65.0625 57.4375 44.0625 36.1875 32.3125 31.875 31.0625 30.5 30.1875 30.3125 30.25 29.25 28.3125 27.625 26.875 25.875 25.125 24 22.4375 21.125 20 18.6875 17.4375 17 17 16.875 16.1875 16 16.125
107.3125 95.3125 90 90.4375 106.25 105.125 95.4375 95.8125 100.4375 108.5 99.25 123.6875 117.75 116.6875 126.875 129.1875 125.1875 126.375 119.4375 109.4375 108.625 89.1875 71.25 68.1875 67.4375 70.5 72.75 67.375 65.8125 66.75 64.625 69.8125 73.3125 73.3125 78.4375 92.0625 100.5 105.375 108.875 108.4375 101.0625 92.25 81.8125 69.1875 52.4375 40.625 32.125 30.875 31.0625 31 31.125 31.375 31.125 30.8125 29.75 29.25 28.3125 27.25 26.3125 25 23.6875 22.3125 21 19.625 17.8125 17.1875 17 17 16.75 16.0625 16
83.125 81.1875 91.1875 93.25 98.8125 98.0625 96.25 96.4375 100.5625 114.25 99.125 105.1875 105.5625 104.1875 109.6875 118.375 119 117.125 106.1875 111.375 116.75 102.5 96.8125 88.8125 77 70.9375 64.5625 58.25 58.0625 58.6875 56.75 55.1875 54.6875 59.1875 67.875 72.9375 79.4375 83.75 88.25 90.625 94.8125 91.5 86.875 74.8125 67.125 49.5625 37.3125 30.125 30 31.375 33.125 32.875 32.5 32.4375 31.4375 30.8125 29.875 29 27.9375 26.5 24.75 23.375 22.0625 20.25 18.375 17.5 17.25 17 17.125 16.25 16.0625
78.9375 73.75 74.6875 78.125 76.5625 94.1875 98.75 104.0625 103.9375 92 88.3125 88 87.5 87.375 93.375 106 112.3125 117.75 117.25 114.875 105.4375 95.375 110.125 104.4375 100.5 105.875 99.625 77.5 64.625 59 57.0625 55.4375 52 47.9375 50.625 60.375 68.125 73.375 79.1875 80.625 81.375 81.0625 77.9375 69.875 62.75 54.6875 44.5 31.5 30.375 31.5 33.3125 34.5625 34.3125 34.0625 33.5625 32.75 31.625 30.75 29.6875 28.1875 26.625 24.8125 23.25 21.4375 19.1875 18.1875 17.4375 17 17.9375 16.6875 16.4375
79.8125 90.125 84.75 78.9375 80.8125 95.5 105.125 97.3125 91.5625 86.6875 94.375 93.125 82.8125 84.5 95.6875 110.8125 114.25 107.375 111.8125 102.1875 95.875 91.875 95.875 99.9375 97.875 107.125 104.375 107.5 89.375 78.5625 66.4375 57.625 51.75 46.0625 46.75 48.5625 50.6875 52.625 54.8125 57.75 60.8125 63.5625 70.3125 66.375 62.5 51.0625 41.75 33.75 31.1875 33.125 35.875 37.375 36.625 36.1875 35.75 34.8125 33.8125 32.8125 31.5 30.125 28.25 26.25 24.5625 22.625 20.125 19.125 18.0625 17.125 17.9375 17.875 18.0625
89.125 94 82.6875 94.375 95.75 101.3125 97.625 90.3125 89.0625 94.75 101.5 93 77.4375 77.25 86.375 106.125 102.9375 87.5625 85.375 89.125 98.6875 87.875 82.4375 81.1875 94.6875 101.6875 105.4375 110.4375 113.8125 116.9375 109.1875 80.9375 56.4375 49.25 46.625 47.5625 47.8125 47.125 46.625 47.125 47.125 46.9375 50.25 57.5625 56.4375 49.5625 40 35.25 34.0625 35.9375 37.9375 39.625 39.4375 38.5625 38.25 37.375 36.25 35.1875 33.8125 32.125 30.25 28.25 26.25 24.375 21.5625 20 18.75 17.8125 18.25 18.3125 18.8125
91.875 94.625 88.0625 97.9375 90.125 96.8125 93.625 96 90.9375 84.4375 88.9375 86.5625 73.125 64.75 60.3125 61.375 58.875 61.3125 67.1875 83.375 108 93.375 78.9375 73.8125 75.5 81.8125 95.8125 103.1875 109.625 118.875 120.375 95.4375 65.9375 53.5625 48.125 45.375 43.9375 43.375 44.375 44.3125 44.5625 43.8125 42.8125 44.0625 47.875 44.5 38 34.0625 34.1875 35.5625 37.75 39.6875 40.8125 41.625 41.9375 40.875 39.25 37.6875 36 34.5 32.6875 30.625 28.625 26.5 24.125 21.625 19.5625 18.4375 18.125 19.3125 19.25
95.1875 88.9375 87.0625 76 75.5 81.125 86.25 83.4375 87.1875 88.6875 86.3125 79.125 69.125 59.9375 54.5625 51.75 49.4375 49.5 55.375 68.1875 93.625 94.75 83.625 83.5625 87.8125 86.9375 93.4375 96.375 103.3125 111.3125 113.625 104.8125 76.8125 59.75 50.875 44.875 42.3125 40.3125 41 40.8125 42.1875 41 41.0625 39.5625 40.75 38.6875 36.8125 33.0625 34.25 37 39.625 41.875 43.5 44.375 44.75 44.4375 43.1875 41.25 39.375 37.6875 35.375 33.1875 31 28.6875 26.25 23.9375 21.125 19.125 18.5 19.75 19.375
83.5 78.4375 78.125 84.5625 88.5625 95.4375 99.3125 97.375 94.875 94.0625 94.75 97.9375 85.8125 70.8125 58.375 51.875 51 47.875 46.875 52.3125 66.0625 82.5625 83.125 90.375 96.6875 95.9375 94.1875 100.5625 102 108.125 122.6875 107.1875 94 69.3125 55.625 47.5 41.4375 38.25 37.4375 38.1875 39.25 40 41.375 41.75 40.1875 38.4375 35.875 33.875 36.3125 39.9375 42.5 45 46.8125 48.25 48.5625 48.1875 46.8125 45.9375 44 41.625 38.5 36.0625 33.875 31.1875 28.25 25.5625 23.125 20.3125 18.75 17.6875 17.125
95.8125 90.625 92.6875 98.5625 100.6875 99.6875 91.4375 84.9375 80.6875 80 83.75 90.375 90.6875 85.8125 87.6875 69.6875 91.6875 72.625 47.8125 46.0625 54.4375 60.375 63.5625 68.625 73.125 82.6875 96.125 95.6875 98.375 107.3125 111.625 121.3125 112.5625 79.75 61 53.125 43.75 51.75 59.375 53.3125 44.0625 40.1875 42.375 43.625 43.625 42.0625 39 37.875 40.6875 44.1875 47.375 50.0625 51.75 53.25 53.9375 53.125 51.875 50.3125 48.375 45.9375 43.5 39.9375 37.125 34.3125 31.125 27.9375 25.0625 22.5625 19.6875 18.375 17.6875
90.6875 87.375 92.4375 91.75 91.375 88.5625 84.375 79.5 81.25 81.75 86.1875 83.75 79.25 75.75 67.8125 64.75 69.75 72.9375 56.25 47.25 45.125 49.25 68.1875 70.75 77.1875 80.875 78.125 85.875 95 104.75 103.9375 110.25 114.125 85.25 63.1875 54.5 51.3125 63.125 74.9375 68.5625 54.125 44.3125 47.3125 50.25 51.0625 47.9375 44.375 43.8125 47.0625 51.0625 54.5 57.1875 58.875 60.0625 60 59.8125 58.3125 56.125 53.4375 50.8125 47.8125 44.5625 41.25 37.5 33.9375 30.625 27.4375 24.375 21.375 19.125 18.1875
99 93.0625 94.625 89.3125 85.3125 82.5 77.4375 78.9375 84.75 90.875 97 95.4375 85.3125 85.875 84.4375 78.875 70.625 59.5625 57.875 53.5 44.875 45.4375 52.5625 55.875 62.25 74.5625 77.625 80.5625 89.5 97.1875 89.125 96 96.625 77 59.3125 54.0625 52.0625 58.625 62.8125 62.3125 58.1875 57.375 60.3125 63.4375 64.3125 60.9375 52.875 52.125 55.8125 59.25 62.5 65.375 67 67.4375 66.9375 66 64.5 62.75 60.3125 56.6875 53.25 49.5625 45.6875 42 38.1875 33.875 30.25 26.8125 23.5625 20.8125 19.25
110.3125 101.0625 98.75 93.5 86.5 83.75 81.75 77.875 80 92.125 92.5 90.1875 92.5625 82 79.75 76.3125 73.0625 70.1875 60.6875 49.3125 45.5625 42.8125 42.6875 46.375 53 61.9375 78.5 82.375 85.6875 89.9375 84.5 76.0625 72.3125 63.5625 64.8125 63.5 60.8125 63.9375 66.9375 68.875 71.9375 75.5625 80.9375 87.625 86.625 79.8125 68.875 67.5 69.5 72.1875 73.25 74.6875 76 76.375 75.375 73.9375 72.1875 69.5 66.25 63.1875 59.8125 55 50.625 47 42.5625 37.5 33.3125 29.75 26.3125 23.375 21.5
110.9375 110.9375 107.0625 99.75 94.1875 90.3125 83.9375 82.375 81.4375 83.4375 75.5 74.375 75.3125 71.5625 68.375 70.75 77.3125 68.4375 67.5625 64.5 52.1875 46.1875 44.75 44.75 47.4375 51.875 63.1875 85.875 75.5625 82 77.875 72.4375 74.3125 78.75 76.0625 70.5 64.5 70.6875 71.0625 76.125 85.75 96.3125 104.5 113.875 114.0625 105.25 96.9375 92.8125 89 88.1875 87.5625 85.9375 85.625 84.9375 83.75 82.625 80.25 77 74 70.1875 66 62.0625 57.0625 52.1875 47.3125 42.6875 37.375 32.875 29.125 26 24.1875
113.8125 120 116.375 112.25 107.875 103.1875 98.5625 97 86.1875 74.5625 68.875 64.9375 67.625 70.5 72.375 69.6875 71.4375 69.375 69.1875 64.1875 54.75 49.0625 49.3125 48.625 43.75 45.625 50.0625 58.5625 61.3125 67.0625 71.875 75.8125 80 81.5625 83.5625 75.25 70.5625 74.6875 74.625 77.5 82 101.0625 123.875 145.75 147.8125 138.375 125.8125 115.8125 109.75 105.6875 102.25 100.0625 97.5 95.4375 93.9375 92 89.8125 86.6875 82.5 78.5 73.875 68.75 63.625 58.125 52.625 47.125 42.375 36.8125 32.125 29.0625 26.25
118.0625 116.1875 120.375 123.9375 114.875 104.375 92.3125 83.5625 74.875 68.5 67.375 69.6875 71.0625 70.625 67.5625 65.625 68.75 73.125 68.9375 64.5625 59.625 51.5625 45.9375 46.9375 50.125 55.4375 58.4375 53.9375 55.0625 61.5625 69.6875 74.5 79.125 75.875 77.6875 69.4375 67.75 70.75 66.75 69.4375 72.6875 69.625 112.4375 170.75 181.1875 163.4375 148.75 137.75 128.9375 122.4375 118.375 115.6875 112.4375 108.0625 104.9375 102.875 99.5 95.3125 91.5 86.9375 81.5625 76.5 70.6875 64.875 59.1875 53 47.0625 41.75 36.625 32.0625 28.3125
144 133.9375 131.25 131.8125 126.75 109.25 95.3125 85.75 77.4375 70.75 65.8125 68.625 71.125 68.8125 66.6875 66.8125 68.5 71.0625 71.125 64.1875 56.25 49.8125 46.25 47.125 47.5625 47.75 58.4375 64.6875 54.9375 58 61.375 65.5625 67.75 69.4375 69.8125 66.125 63.3125 63.6875 61.625 61.3125 62.25 64.9375 78.8125 158 183.1875 174.625 162.375 152.625 146.375 138.5 133.625 129.9375 127.25 123.625 119.4375 115.875 111.375 107.5 102.1875 95.75 90.25 84.375 78.5625 72.125 65.25 59.25 52.3125 46.125 41 35.9375 31
148.3125 139.875 146 145.75 136.125 122.8125 113 101.8125 87.0625 73.9375 69.875 74.125 76.5 74.4375 70 72.0625 72.625 70.3125 69 64.875 57.125 53.9375 55.625 50.8125 50.625 49.5 48 50.9375 56.75 61.875 60.9375 60.75 60.0625 61.75 64.1875 62.25 63.8125 68.5 71.6875 65.25 59.375 56.875 68.25 146.625 169.125 170.875 167.125 162.8125 158.125 153.125 148.875 146.375 141.5 136.9375 132.5 130.5625 125.625 120.1875 113.75 106.9375 100.3125 93.25 87.3125 79.5625 72.625 65.125 58.4375 51.5 45.0625 39.8125 34.1875
126.9375 132 140.375 145.8125 141.875 130.75 122.75 114.5625 104.1875 95.25 86.8125 82.125 83 72.75 74.375 82.0625 71.6875 76.625 72.5625 70.25 60.5625 54.5 50.5625 49.3125 54.3125 53.9375 45.5625 44.8125 44.75 49.125 50.875 53.8125 54.3125 61.4375 69.25 73.4375 76.875 85.375 83.5 66 57.8125 54.125 53.5625 98.9375 153.9375 161 166.1875 167.0625 166.5625 164.125 162.1875 159.375 155.6875 151.625 146.6875 143.875 138.625 133.4375 126.75 119 112.625 104.0625 95.8125 88.25 80.5625 72.8125 64.625 57.0625 49.625 43.5 37.75
