input_data/future_climate/CanESM5_126/_band15_a.asc
ncols  331
nrows  193
xllcorner  17.833372883333
yllcorner  37.9999896166667
cellsize 0.1666667
NODATA_value  -9999
[rows 120 to 139 of 193, columns 92 to 137 of 331]
21.3885402679443 22.0637130737305 21.7590084075928 21.2583866119385 21.5251693725586 22.137451171875 21.8768634796143 21.214111328125 20.8216648101807 20.4909801483154 20.0619449615479 19.6357154846191 19.6061668395996 19.9306888580322 20.3836441040039 20.5226764678955 20.3464775085449 20.4593257904053 20.8947143554688 20.5581932067871 20.6701793670654 19.9541835784912 19.9751510620117 19.7173843383789 19.6515922546387 19.7911396026611 19.9465980529785 20.0317916870117 20.1756210327148 19.9928073883057 20.628324508667 20.8600921630859 20.8421382904053 21.2224922180176 21.5099258422852 21.6960411071777 21.4772529602051 21.5861377716064 21.7734680175781 21.8464851379395 21.884729385376 22.4600563049316 22.8210964202881 23.0894660949707 23.2595977783203 23.3726406097412
21.2689418792725 21.6725749969482 21.502405166626 21.2362575531006 21.1037197113037 20.6010971069336 20.4123954772949 20.3199729919434 19.9477233886719 19.7559509277344 19.4872264862061 19.5510921478271 19.7123260498047 20.2362327575684 20.6217041015625 20.8004989624023 21.0334644317627 21.661283493042 21.7674026489258 20.978199005127 20.8537864685059 20.3750171661377 19.9277248382568 19.5776634216309 19.6584148406982 19.4418544769287 19.2147560119629 19.6671733856201 19.6055698394775 19.7862358093262 19.9513339996338 20.1936302185059 20.2976589202881 20.8886280059814 21.4327602386475 21.5210609436035 21.7697315216064 21.9418849945068 21.9650268554688 21.4699287414551 21.7730007171631 22.0591278076172 22.4317245483398 22.8701648712158 23.053409576416 22.7778625488281
22.5999088287354 22.7259063720703 21.8430309295654 21.2900390625 20.9916591644287 20.1878833770752 19.2324352264404 18.6547050476074 18.5142517089844 18.5352954864502 19.03076171875 19.2317295074463 19.6193790435791 20.2087936401367 20.6532249450684 20.7907772064209 21.4959449768066 21.7520923614502 21.6042175292969 21.0833835601807 21.1230449676514 20.9455947875977 20.4579811096191 19.7880668640137 19.2382545471191 19.3083591461182 19.7245941162109 20.0159683227539 19.3855457305908 19.0102481842041 19.2452087402344 19.3547248840332 20.2412738800049 20.9221363067627 21.1210289001465 21.3127384185791 21.4542655944824 21.9467926025391 21.919116973877 21.2561798095703 21.2443809509277 21.5567760467529 21.809720993042 22.2442302703857 22.8325023651123 22.6691017150879
24.5091972351074 23.5668907165527 22.2366542816162 21.3502101898193 20.1584606170654 19.1600875854492 18.3418445587158 17.741527557373 17.7034759521484 17.6259212493896 17.9753665924072 18.8543548583984 19.4907093048096 20.2269897460938 20.3526802062988 20.5351696014404 20.9304046630859 21.234655380249 21.1726760864258 21.3825759887695 20.862512588501 21.2295894622803 20.9868812561035 19.5201396942139 18.872802734375 18.6055011749268 19.1774063110352 19.7959671020508 19.5402431488037 18.7863845825195 18.8986358642578 19.4861183166504 20.185396194458 20.3826351165771 20.8688125610352 21.4091472625732 21.4196224212646 21.4949359893799 21.4046249389648 21.271800994873 21.3712139129639 21.5889644622803 21.8215675354004 22.0144920349121 22.2786445617676 22.4332332611084
24.3437557220459 23.7113819122314 22.6137409210205 20.9636154174805 19.6336288452148 18.1739120483398 17.4291877746582 16.9838371276855 17.0728340148926 17.3277721405029 18.0236721038818 18.6585559844971 19.7453784942627 20.3618354797363 21.0933647155762 20.8452205657959 20.825532913208 21.1718120574951 21.2113780975342 20.8591232299805 20.8920822143555 20.9656143188477 20.6117343902588 18.7884216308594 18.5167541503906 18.3214778900146 18.4600238800049 19.7540645599365 19.6723213195801 19.1185035705566 19.3637943267822 19.6700286865234 19.9071960449219 20.5267734527588 21.0944747924805 21.6153011322021 21.7324085235596 21.3539581298828 21.2505264282227 21.0733070373535 21.2906074523926 21.2403450012207 21.5045318603516 22.4636821746826 22.6438655853271 22.3970508575439
24.2486572265625 23.7230606079102 22.4409065246582 21.0624294281006 19.5870723724365 17.9884757995605 17.2525386810303 16.9027519226074 17.061393737793 17.5056190490723 18.0952548980713 18.5682544708252 19.4707336425781 19.9725780487061 21.0458602905273 21.2615280151367 21.2767353057861 20.9182949066162 20.6582698822021 20.4499912261963 20.6127223968506 20.4641456604004 19.8624668121338 19.2853775024414 18.2556667327881 18.2127838134766 18.1195850372314 19.1345481872559 19.2477970123291 19.1833934783936 19.1638050079346 19.5739974975586 20.1875190734863 20.1851043701172 20.9852771759033 21.3261642456055 21.2339401245117 21.4825325012207 21.5079574584961 21.230167388916 21.1087913513184 21.4785537719727 22.0270957946777 22.6734390258789 22.9569988250732 22.831392288208
24.1932830810547 23.6831665039063 22.5646057128906 21.5448608398438 20.0246047973633 18.8467197418213 17.802713394165 17.4487495422363 17.180233001709 17.7096748352051 18.1555442810059 18.9332370758057 19.6737670898438 20.5241966247559 21.452751159668 21.4275493621826 21.2765102386475 20.8200263977051 20.5630474090576 20.0268421173096 19.8284816741943 19.4768810272217 19.2884616851807 19.0672187805176 18.6530952453613 18.638578414917 19.3317356109619 19.0929336547852 18.420581817627 19.3404769897461 19.9719886779785 20.1735782623291 20.1241817474365 20.4056949615479 20.4858474731445 20.772928237915 21.132568359375 20.9725456237793 20.6103973388672 21.1036930084229 21.2314147949219 22.1763439178467 22.7306938171387 23.662878036499 23.27587890625 23.180700302124
24.3540019989014 23.4906921386719 22.8163585662842 21.8860378265381 20.7224102020264 19.4335498809814 18.5993900299072 18.3868732452393 17.7373332977295 17.8129863739014 18.4888343811035 19.3930931091309 20.441650390625 21.1722049713135 21.1804046630859 21.4379024505615 21.3962421417236 20.9777717590332 21.3213062286377 20.9574108123779 20.6795387268066 19.7906970977783 19.5386505126953 19.3060398101807 19.1148166656494 18.8159790039063 19.1843376159668 19.2161178588867 19.1307811737061 18.9350700378418 19.2590847015381 19.3527221679688 20.2845325469971 20.777660369873 20.6872062683105 20.890344619751 21.2977180480957 20.9324188232422 21.3215980529785 21.2664337158203 21.0466156005859 22.062894821167 23.2740249633789 24.1042766571045 23.9995384216309 23.5936737060547
24.3386459350586 23.5068130493164 22.8374080657959 22.684513092041 21.5338268280029 20.4167098999023 19.5459270477295 18.8834800720215 18.2814350128174 18.5628395080566 18.6486949920654 19.1889495849609 20.304666519165 21.454216003418 21.7312355041504 22.0576457977295 21.8046817779541 21.5352935791016 21.5074768066406 21.1236057281494 20.84934425354 20.7096519470215 20.4152793884277 20.0975437164307 19.8838062286377 19.7283191680908 19.3700847625732 19.0438213348389 18.845006942749 18.4848670959473 19.0947093963623 19.0049667358398 19.7172622680664 20.5796680450439 20.9963989257813 21.7567024230957 21.9062061309814 22.0984230041504 21.8370590209961 21.5660762786865 22.1535720825195 22.8544979095459 23.961597442627 24.2519283294678 23.8619976043701 23.0746631622314
24.4411792755127 23.9729156494141 23.4703140258789 22.9808177947998 22.0325527191162 21.3957653045654 20.6091461181641 18.9393138885498 18.5369739532471 18.0193710327148 18.1085186004639 18.6449108123779 19.4620704650879 21.9978885650635 22.8364219665527 22.9116439819336 22.6918544769287 22.1565093994141 21.1029644012451 21.0454540252686 20.8006324768066 21.1402244567871 21.0572414398193 20.9034385681152 20.8721504211426 20.5026054382324 20.2395114898682 19.4679470062256 19.1519870758057 18.8093566894531 18.9245204925537 19.2700290679932 19.8200206756592 20.4163417816162 21.1356182098389 22.1794586181641 22.6608104705811 22.1294059753418 21.701587677002 21.9729423522949 22.4018001556396 23.2901916503906 24.3418273925781 24.6013774871826 23.6815223693848 22.7852668762207
25.0553588867188 24.6051635742188 23.9467716217041 23.640941619873 23.0185432434082 22.2747554779053 21.1813201904297 20.0597248077393 18.6482753753662 17.8323993682861 17.435977935791 17.6657447814941 20.172981262207 23.1213474273682 24.2077922821045 23.6305751800537 22.8348541259766 22.1602897644043 21.5106887817383 21.0700092315674 21.3412857055664 21.5671939849854 21.7796936035156 21.6231994628906 21.5867328643799 21.4201488494873 20.7252655029297 20.2402896881104 19.9082126617432 19.3548583984375 19.4757995605469 19.9955711364746 20.5522975921631 21.289155960083 21.9074897766113 22.4879570007324 22.7228679656982 22.517147064209 22.6843452453613 22.7188854217529 23.1778755187988 23.4104061126709 24.1600608825684 24.1688213348389 23.0729351043701 22.7847118377686
25.5273399353027 25.076717376709 24.3777198791504 24.5019149780273 23.8583812713623 22.7211856842041 21.2559108734131 20.7062683105469 19.3965682983398 18.5150451660156 17.8621940612793 18.0908908843994 19.8133430480957 22.4765548706055 23.6311340332031 23.3817291259766 23.0151195526123 22.2268142700195 21.6710033416748 22.2326221466064 22.117546081543 22.5206813812256 22.5543918609619 22.8921546936035 22.5241527557373 22.0437793731689 21.6726684570313 21.0264301300049 20.2731475830078 19.9794502258301 20.0085544586182 20.5603981018066 21.0202789306641 21.6573829650879 22.1943607330322 22.7231693267822 22.8537769317627 22.9496040344238 23.0455150604248 22.9906997680664 23.2864894866943 24.1634502410889 23.95827293396 23.3064613342285 22.4970512390137 21.9815158843994
25.7231369018555 25.5720710754395 24.8999767303467 24.387939453125 23.5264091491699 22.7040824890137 21.8543949127197 20.7159271240234 20.086389541626 19.4415168762207 19.2320461273193 19.3652820587158 20.5330867767334 22.5251445770264 23.4767761230469 23.2726879119873 23.1621551513672 22.6730823516846 22.3932666778564 22.6503944396973 22.3710060119629 22.6598358154297 22.4898986816406 22.8275966644287 22.7460079193115 22.3344306945801 22.1240997314453 21.7269344329834 21.3256301879883 21.19313621521 21.1388721466064 21.297908782959 21.4688987731934 22.0687351226807 22.5189304351807 22.9639930725098 22.9741115570068 23.4427146911621 23.7596759796143 23.9904270172119 23.8947887420654 23.6023540496826 23.6208038330078 22.9493408203125 22.4228706359863 21.7187995910645
25.5691337585449 25.8643169403076 25.1678905487061 24.1219463348389 23.4352493286133 22.3541412353516 21.7119178771973 21.1198768615723 20.9730587005615 20.6785526275635 21.2100715637207 21.7949028015137 21.8358097076416 22.5925388336182 23.594482421875 23.8845291137695 23.4522266387939 23.0671825408936 22.9790515899658 23.0611972808838 22.9703826904297 22.9681854248047 23.0899639129639 22.756628036499 22.7015972137451 22.4567565917969 22.0309734344482 21.8406791687012 21.6238193511963 21.5744743347168 21.8511238098145 21.7894191741943 22.2235221862793 22.9207210540771 22.9379615783691 23.3771419525146 23.319637298584 23.2986545562744 23.4965057373047 23.6281185150146 23.6773815155029 23.2892265319824 22.9715881347656 22.9960289001465 22.7247104644775 21.9952983856201
25.4985504150391 25.33274269104 24.639066696167 23.8955268859863 22.925220489502 22.3185348510742 21.681583404541 21.1638622283936 21.0122776031494 21.3372211456299 22.0046653747559 22.0509853363037 22.0969676971436 22.7032318115234 23.1602954864502 23.7925910949707 23.4478511810303 23.6718902587891 24.0053157806396 23.87428855896 23.957311630249 23.5592670440674 23.4221267700195 23.2170886993408 23.2687015533447 23.127872467041 22.622501373291 21.92698097229 21.6499843597412 21.4161243438721 21.7418632507324 22.0496139526367 22.4025268554688 23.0062656402588 23.4689292907715 23.6435356140137 23.6312141418457 23.4033298492432 23.3911952972412 23.5017356872559 23.4870281219482 22.9022922515869 22.4802436828613 22.706750869751 22.5480537414551 22.07594871521
25.1521301269531 24.8657665252686 24.1432266235352 23.249490737915 21.9440860748291 21.3620662689209 21.4698009490967 21.3802394866943 21.1726970672607 21.2647151947021 21.3420658111572 21.7883396148682 22.0180759429932 22.4460430145264 23.157018661499 23.3818225860596 23.4778785705566 24.1026668548584 24.4766139984131 24.8943920135498 24.3994388580322 23.9072456359863 23.5316734313965 23.5633068084717 23.57541847229 23.1407985687256 22.7585563659668 22.4720478057861 22.0002288818359 21.7731018066406 21.428825378418 21.6809997558594 22.0724716186523 22.8730297088623 23.9817390441895 23.8683567047119 23.5625896453857 23.00954246521 23.22194480896 23.0585079193115 22.8428649902344 22.3120059967041 22.2238998413086 21.9882526397705 22.048957824707 20.7973499298096
24.2832660675049 24.1411266326904 23.1984405517578 21.9357414245605 21.252986907959 21.1094703674316 21.1477241516113 21.0390644073486 20.8055572509766 20.8985595703125 20.9953937530518 21.6767139434814 22.0867729187012 22.5935363769531 22.9627513885498 23.5310039520264 23.6317367553711 24.5891380310059 25.0260429382324 25.0646228790283 24.6725025177002 24.0322093963623 23.5235500335693 23.4418430328369 23.2087059020996 22.9109592437744 22.6876373291016 22.2618751525879 21.8882713317871 21.5890789031982 21.5038890838623 21.21120262146 21.9349784851074 22.4232139587402 23.1672458648682 23.4495143890381 23.1343040466309 22.9166297912598 23.1064224243164 22.6826457977295 22.2958755493164 21.9072952270508 21.7782363891602 20.9822063446045 20.2104187011719 20.2545356750488
22.9405612945557 22.9068717956543 22.2032279968262 21.5538921356201 20.8171863555908 21.2456817626953 21.7584323883057 21.7015514373779 21.268196105957 21.4147300720215 21.3653926849365 21.3929996490479 21.8438720703125 22.3672027587891 22.2567844390869 22.7912406921387 23.5784797668457 24.3562927246094 24.7363128662109 24.7092113494873 24.200122833252 23.6819190979004 23.2577705383301 22.9965648651123 22.9179439544678 21.7931385040283 21.2365036010742 21.3943977355957 21.4058952331543 21.0789012908936 21.1457214355469 20.9829216003418 21.313009262085 21.1718311309814 21.3572826385498 22.4141807556152 21.7438545227051 21.8895492553711 22.4908027648926 22.1210021972656 21.6118316650391 21.4771537780762 21.2967777252197 20.4939746856689 20.162088394165 20.3917789459229
21.7140064239502 21.605583190918 21.1412334442139 19.9107055664063 20.5296936035156 21.3978004455566 21.8971462249756 22.3324108123779 21.975435256958 21.4093723297119 20.7653865814209 20.7988910675049 21.3720970153809 20.9261722564697 21.2335872650146 21.9394550323486 22.3751907348633 22.9425430297852 23.5001106262207 23.7192192077637 23.4133834838867 23.1812686920166 22.7139568328857 21.9604816436768 21.6401786804199 21.0628414154053 20.2532577514648 20.4297103881836 20.5924282073975 20.1991767883301 20.2755756378174 20.2395515441895 20.3394012451172 20.1536884307861 -9999 21.154935836792 21.3110275268555 21.8445491790771 21.5305233001709 21.8198566436768 22.0098171234131 21.7031745910645 21.4174785614014 20.8950538635254 20.3498764038086 20.3150482177734
19.3992938995361 19.5598392486572 19.0201835632324 18.8052520751953 19.5279979705811 20.3291244506836 21.3157901763916 22.1187744140625 21.7915172576904 20.9001960754395 20.4628295898438 20.1476745605469 20.0593585968018 20.2597351074219 20.9824619293213 21.8409690856934 22.1966190338135 22.1644515991211 22.2974967956543 22.3505821228027 22.3402233123779 22.1532821655273 21.6404705047607 20.9976558685303 19.1588706970215 19.8134384155273 -9999 -9999 -9999 -9999 -9999 19.7526741027832 20.3969383239746 20.4308071136475 20.6493091583252 21.3264236450195 21.6948852539063 21.9740142822266 22.0903167724609 21.8931522369385 21.8179988861084 21.8038558959961 21.3630599975586 21.0184135437012 20.7129402160645 20.8336791992188
