input_data/future_climate/CanESM5_126/_band8_a.asc
ncols  331
nrows  193
xllcorner  17.833372883333
yllcorner  37.9999896166667
cellsize 0.1666667
NODATA_value  -9999
[rows 126 to 146 of 193, columns 92 to 137 of 331]
21.3916664123535 20.8197917938232 20.377082824707 20.3812503814697 20.2906246185303 20.3041667938232 20.4541664123535 20.6062507629395 20.6312503814697 20.7114582061768 20.6802082061768 20.5739593505859 20.4885406494141 20.372917175293 20.2802085876465 20.2468757629395 20.1885414123535 20.2760410308838 20.2406253814697 20.3218746185303 20.4468746185303 20.5104160308838 20.5718746185303 20.4593753814697 20.3864593505859 20.3020839691162 20.2958335876465 20.4312496185303 20.4750003814697 20.4072914123535 20.685417175293 20.5281257629395 20.5093746185303 20.372917175293 20.53125 20.435417175293 20.4947910308838 20.4114570617676 20.658332824707 20.810417175293 20.888542175293 20.7510414123535 20.5562496185303 20.359375 20.3552093505859 20.5635414123535
20.9895820617676 20.4343757629395 20.1958332061768 20.1083335876465 20.1104164123535 20.28125 20.53125 20.7562503814697 20.8270835876465 20.90625 20.8239574432373 20.7302074432373 20.5427074432373 20.390625 20.4052085876465 20.3250007629395 20.3062496185303 20.2979164123535 20.2177085876465 20.2760410308838 20.2718753814697 20.3093757629395 20.408332824707 20.4854164123535 20.4114589691162 20.3197917938232 20.4739589691162 20.6302089691162 20.5322914123535 20.5687503814697 20.4437503814697 20.8197917938232 20.75 20.294792175293 20.326042175293 20.5625 20.6364593505859 20.6239585876465 20.4958324432373 20.6749992370605 20.8541660308838 20.7979164123535 20.5531253814697 20.2666664123535 20.1906242370605 20.5229167938232
20.5708332061768 20.252082824707 20.0583343505859 20.0322914123535 20.1645832061768 20.1354160308838 20.4729175567627 20.8604164123535 21.1364593505859 21.1989574432373 21.109375 21.0104179382324 20.8635425567627 20.7041664123535 20.484375 20.4916667938232 20.4791660308838 20.4385414123535 20.3447914123535 20.372917175293 20.375 20.4135417938232 20.4468746185303 20.4322910308838 20.4697914123535 20.5302085876465 20.796875 20.3677082061768 20.453125 20.8000011444092 20.497917175293 20.377082824707 20.591667175293 20.5718746185303 20.75 20.6770839691162 20.6770839691162 20.7270832061768 20.5739574432373 20.8197917938232 20.7729167938232 20.6958332061768 20.5281257629395 20.4489574432373 20.2906246185303 20.419792175293
20.6333332061768 20.3031253814697 20.0583324432373 20.0249996185303 19.9500007629395 20.1364574432373 20.4645843505859 20.7437496185303 21.2854156494141 21.482292175293 21.4739589691162 21.4312496185303 21.1302089691162 21.017707824707 20.8020839691162 20.7302074432373 20.7614593505859 20.5479164123535 20.5302085876465 20.4645843505859 20.5614585876465 20.5322914123535 20.4322910308838 20.3791675567627 20.3666667938232 20.5197906494141 20.65625 20.5197925567627 20.5093746185303 20.7270832061768 20.6947917938232 20.6166667938232 20.7666664123535 20.7218761444092 20.6927089691162 20.7927093505859 20.810417175293 20.7135410308838 20.6906242370605 20.7572917938232 20.8395824432373 20.7354164123535 20.669792175293 20.6531257629395 20.6989593505859 20.5354175567627
20.6822929382324 20.4958343505859 20.2552089691162 20.1375007629395 20.1666660308838 20.2885417938232 20.5281257629395 20.8802070617676 21.0874996185303 21.2979164123535 21.3739585876465 21.4406242370605 21.0354156494141 20.8604164123535 20.6145839691162 20.6729164123535 20.767707824707 20.6375007629395 20.6302089691162 20.6375007629395 20.6197910308838 20.5739593505859 20.5520839691162 20.4906253814697 20.4135417938232 20.515625 20.4500007629395 20.6531257629395 20.4906253814697 20.5395832061768 20.6749992370605 20.4322910308838 20.279167175293 20.4895839691162 20.5218753814697 20.5739593505859 20.6875 20.5854167938232 20.6437492370605 20.7197914123535 20.9468746185303 20.8447914123535 20.9583339691162 20.8864593505859 20.9635410308838 20.8218746185303
20.7552070617676 20.7250003814697 20.5385417938232 20.4885406494141 20.3656253814697 20.5427074432373 20.8291664123535 20.9781246185303 21.2718753814697 21.4572925567627 21.2958335876465 21.171875 21.1041679382324 20.9187507629395 20.6687507629395 20.6520824432373 20.7260417938232 20.6322917938232 20.6291656494141 20.611457824707 20.4927082061768 20.4447917938232 20.517707824707 20.4791660308838 20.4520835876465 20.4187507629395 20.326042175293 20.4260425567627 20.5791664123535 20.5718746185303 20.6656246185303 20.4343757629395 20.294792175293 20.2906246185303 20.0979175567627 20.0520820617676 20.247917175293 20.4645824432373 20.7041664123535 20.8187503814697 21.0083332061768 20.8447914123535 20.8312492370605 20.9479160308838 21.0812492370605 21.140625
20.9562511444092 20.9260425567627 20.9145832061768 20.71875 20.6833324432373 20.9145832061768 21.142707824707 21.0979156494141 21.3500003814697 21.3843746185303 21.294792175293 21.2374992370605 21.1302089691162 20.9416675567627 20.6333332061768 20.5520839691162 20.6656246185303 20.763542175293 20.5437507629395 20.439582824707 20.5979156494141 20.6635417938232 20.6812496185303 20.622917175293 20.6062507629395 20.607292175293 20.546875 20.5072917938232 20.591667175293 20.6343746185303 20.9291667938232 20.7864589691162 20.6000003814697 20.6458339691162 20.810417175293 20.7260417938232 20.4270839691162 20.361457824707 20.404167175293 20.3468742370605 20.6375007629395 20.5833339691162 20.6416664123535 20.8916664123535 21.0364589691162 21.2562503814697
21.0822925567627 21.2822914123535 20.9562492370605 21.0635414123535 21.1124992370605 21.3031253814697 21.4750003814697 21.4739589691162 21.4156246185303 21.5385417938232 21.4802074432373 21.4520835876465 21.3020839691162 20.9874992370605 20.810417175293 20.6458339691162 20.6729164123535 20.5427093505859 20.6354160308838 20.5791664123535 20.6052093505859 20.7552089691162 20.8291664123535 20.8125 20.8374996185303 20.8125 20.669792175293 20.6770839691162 20.8552093505859 20.9416656494141 20.9906253814697 21.044792175293 21.1749992370605 21.013542175293 21.3500003814697 21.2666664123535 21.2333335876465 21.0437507629395 20.8395824432373 20.7739582061768 20.9281253814697 21.0072917938232 21.0572910308838 21.2374992370605 21.3541660308838 21.4895839691162
21.1729164123535 21.0114593505859 20.9927082061768 21.2531242370605 21.3989582061768 21.6312503814697 21.7822914123535 21.7395839691162 21.7385425567627 21.7218761444092 21.3989582061768 21.4802074432373 21.3218746185303 21.107292175293 21.0510425567627 20.8604164123535 20.578125 20.3843746185303 20.4739589691162 20.5635414123535 20.6604156494141 20.7541656494141 20.8781242370605 20.8531246185303 20.8624992370605 20.7593746185303 20.8187503814697 20.9833335876465 21.1281242370605 21.2739582061768 21.1468753814697 21.2416667938232 21.3947906494141 21.5895824432373 21.7447910308838 21.5864582061768 21.6302089691162 21.5791664123535 21.4989585876465 21.5249996185303 21.4760417938232 21.4270839691162 21.4427089691162 21.4093742370605 21.455207824707 21.564582824707
21.1677074432373 21.1239585876465 21.1083335876465 21.1604175567627 21.4364585876465 21.5562496185303 21.8270835876465 21.9718742370605 21.734375 21.5874996185303 21.3697929382324 21.216667175293 21.0229167938232 21.0625 20.9031257629395 20.9187507629395 20.7958335876465 20.5833339691162 20.3718757629395 20.4739589691162 20.6666679382324 20.7979164123535 20.9052085876465 20.9916667938232 20.935417175293 20.6916675567627 20.7666664123535 21.0437507629395 21.3895835876465 21.3937492370605 21.5437507629395 21.595832824707 21.6812496185303 21.8708324432373 22.1197910308838 21.908332824707 21.9020824432373 21.9187507629395 21.8531246185303 22.0208339691162 22.017707824707 21.953125 21.7708339691162 21.8239574432373 21.7687492370605 21.951042175293
21.1281242370605 21.252082824707 21.2177085876465 21.252082824707 21.345832824707 21.3062496185303 21.5906257629395 21.8447914123535 21.8010425567627 21.6604175567627 21.3322925567627 21.2104167938232 21.0812492370605 21.0354175567627 20.8541660308838 20.7666664123535 20.6937503814697 20.5187492370605 20.5281257629395 20.4572906494141 20.4906253814697 20.7197914123535 20.767707824707 20.8666667938232 21.1458339691162 21.2291660308838 21.283332824707 21.4031257629395 21.6135406494141 21.6375007629395 21.8687496185303 21.9020843505859 21.9770832061768 22.1062507629395 22.3395843505859 22.2822914123535 22.2156257629395 22.1364593505859 22.1791667938232 22.1458339691162 22.158332824707 22.220832824707 22.1687507629395 22.0666656494141 22.0979175567627 22.189582824707
21.2552089691162 21.252082824707 21.330207824707 21.3635425567627 21.1510410308838 21.3687496185303 21.5635414123535 21.6145839691162 21.4947910308838 21.421875 21.3562507629395 21.2229175567627 21.0572910308838 20.9677085876465 20.96875 21.0218753814697 20.8666667938232 20.6635417938232 20.4906253814697 20.341667175293 20.6145839691162 21.0354175567627 21.2437496185303 21.2562503814697 21.2739582061768 21.5208339691162 21.6364593505859 21.7864589691162 21.7958335876465 22.0302085876465 22.0406246185303 22.236457824707 22.310417175293 22.4760417938232 22.6892852783203 22.5354175567627 22.2035713195801 22.3635425567627 22.5812492370605 22.6218757629395 22.3875007629395 22.3166656494141 22.314582824707 22.3604164123535 22.3677082061768 22.4104175567627
21.3010406494141 21.3385410308838 21.4385414123535 21.1447925567627 21.2302074432373 21.3291664123535 21.3166675567627 21.3187503814697 21.3166675567627 21.3135414123535 21.3427085876465 21.345832824707 21.1937503814697 21.095832824707 21.2156257629395 21.1218757629395 21.0114593505859 20.8468742370605 20.7104167938232 21.0197925567627 21.3645839691162 21.533332824707 21.7739582061768 21.7666664123535 21.6770839691162 21.6947917938232 22.1083335876465 21.9388885498047 22.03125 22.1916656494141 22.2904758453369 22.4291667938232 22.5300006866455 22.6333332061768 -9999 22.7708320617676 22.3361110687256 22.5281257629395 22.6364593505859 22.7197914123535 22.5552082061768 22.4468746185303 22.3895835876465 22.421875 22.46875 22.3447914123535
21.4874992370605 21.419792175293 21.294792175293 21.392707824707 21.4020843505859 21.2937507629395 21.234375 21.1645832061768 21.3135414123535 21.4125003814697 21.4427089691162 21.4791660308838 21.4958343505859 21.4927082061768 21.3781242370605 21.2687492370605 21.1416664123535 21.1875 21.3552093505859 21.5968742370605 21.9572906494141 22.1614589691162 22.1875 22.1166667938232 21.986665725708 21.8611106872559 -9999 -9999 -9999 -9999 -9999 22.6499996185303 22.6916675567627 22.8047618865967 22.8633327484131 22.845832824707 22.7604160308838 22.673957824707 22.6458320617676 22.7395839691162 22.6479167938232 22.5531253814697 22.544792175293 22.4343757629395 22.3354167938232 22.2468757629395
21.6489582061768 21.6156253814697 21.4833335876465 21.53125 21.544792175293 21.486457824707 21.408332824707 21.3656253814697 21.544792175293 21.6625003814697 21.7354164123535 21.7708339691162 21.752082824707 21.7041664123535 21.5791664123535 21.3802089691162 21.3802089691162 21.5083332061768 21.7229175567627 21.9217948913574 22.1666660308838 22.4183330535889 3.63055539131165 -9999 -9999 -9999 -9999 22.1499996185303 -9999 22.5583324432373 22.8111114501953 22.6333332061768 22.7392845153809 22.783332824707 22.798957824707 22.7468757629395 22.7406253814697 22.6437492370605 22.5718746185303 22.7093734741211 22.6510410308838 22.5791664123535 22.53125 22.4385414123535 22.4302082061768 22.3802089691162
21.7260417938232 21.6843757629395 21.7041664123535 21.6791667938232 21.671875 21.6437492370605 21.622917175293 21.5885410308838 21.7447910308838 21.8656253814697 21.951042175293 22.0166664123535 21.859375 21.6531257629395 21.658332824707 21.4249992370605 21.3055553436279 21.5 21.466667175293 -9999 -9999 1.96666669845581 -9999 -9999 -9999 -9999 -9999 22.408332824707 22.6312503814697 22.75 22.8895835876465 22.9104156494141 22.845832824707 22.7541656494141 22.734375 22.7854156494141 22.732292175293 22.7177085876465 22.732292175293 22.6489582061768 22.6354160308838 22.6343746185303 22.622917175293 22.5499992370605 22.53125 22.40625
21.9125003814697 21.8979167938232 21.9489593505859 21.8833332061768 21.8395824432373 21.7760429382324 21.875 21.8958320617676 22.0385417938232 22.236457824707 22.3218746185303 22.189582824707 22.0133323669434 21.6318187713623 21.7222213745117 -9999 -9999 21.2333335876465 -9999 -9999 -9999 -9999 -9999 -9999 -9999 -9999 -9999 -9999 22.8430557250977 23.0011901855469 23.0750007629395 22.9874992370605 22.861457824707 22.7489585876465 22.6843757629395 22.622917175293 22.6625003814697 22.6145839691162 22.5739593505859 22.703125 22.673957824707 22.6322917938232 22.6375007629395 22.6604156494141 22.6749992370605 22.6458320617676
21.8343753814697 21.8968753814697 21.953125 21.9739589691162 21.9052085876465 22.0260429382324 21.8114585876465 22.0583343505859 22.2781257629395 22.5666656494141 22.5439395904541 22.2999992370605 21.783332824707 -9999 -9999 -9999 -9999 -9999 -9999 -9999 -9999 -9999 -9999 -9999 -9999 -9999 -9999 -9999 -9999 -9999 23.1574077606201 23.1354160308838 22.9135417938232 22.7447910308838 22.701042175293 22.5833339691162 22.502082824707 22.5145835876465 22.5208339691162 22.5031261444092 22.5572910308838 22.6104164123535 22.6458339691162 22.7177085876465 22.671875 22.6177082061768
21.6777782440186 21.728889465332 21.7690467834473 22.0072917938232 22.0437507629395 22.0791664123535 21.9427070617676 21.877082824707 22.2864589691162 22.2895832061768 22.1749992370605 22.2749996185303 22.216667175293 -9999 -9999 -9999 -9999 -9999 -9999 -9999 -9999 -9999 -9999 -9999 -9999 -9999 -9999 -9999 25.8583335876465 26.1145839691162 26.2999992370605 23.2984848022461 22.9255561828613 22.7708339691162 22.6958332061768 22.5395832061768 22.4958324432373 22.4947910308838 22.5229167938232 22.580207824707 22.5552082061768 22.5083332061768 22.4927082061768 22.6333332061768 22.6312503814697 22.622917175293
-9999 21.6000003814697 21.7216663360596 21.8374996185303 21.9770832061768 22.0979156494141 22.064582824707 22.0166664123535 21.9718742370605 21.8468742370605 21.9750003814697 -9999 -9999 -9999 -9999 -9999 -9999 -9999 -9999 -9999 -9999 -9999 -9999 -9999 -9999 -9999 -9999 -9999 25.6166667938232 25.7250003814697 23.21875 23.091667175293 22.8322906494141 22.5354156494141 22.4291667938232 22.392707824707 22.3937511444092 22.423957824707 22.4656257629395 22.4947910308838 22.5499992370605 22.6083335876465 22.53125 22.5302085876465 22.546875 22.5666656494141
24.5692310333252 24.6399993896484 22.0104160308838 22.0864582061768 22.1124992370605 22.0885410308838 21.9427089691162 21.8999996185303 21.767707824707 21.6083335876465 17 21.4750003814697 -9999 -9999 -9999 -9999 -9999 -9999 -9999 -9999 -9999 -9999 -9999 -9999 -9999 -9999 5 4.84722232818604 4.66249990463257 4.50937509536743 22.6979160308838 22.7281246185303 22.609375 22.408332824707 22.1989593505859 22.2760410308838 22.3500003814697 22.3697910308838 22.4458332061768 22.4614582061768 22.4447917938232 22.4781246185303 22.4500007629395 22.4302082061768 22.4020843505859 22.4916667938232
