input_data/future_climate/CanESM5_126/_band15_a.asc
ncols  331
nrows  193
xllcorner  17.833372883333
yllcorner  37.9999896166667
cellsize 0.1666667
NODATA_value  -9999
[rows 80 to 99 of 193, columns 0 to 45 of 331]
-9999 -9999 -9999 -9999 -9999 -9999 -9999 -9999 -9999 -9999 -9999 -9999 -9999 -9999 -9999 -9999 -9999 -9999 -9999 30.3269233703613 31.3040084838867 31.7113819122314 32.0250091552734 31.4936141967773 31.1649513244629 30.791971206665 29.4604835510254 28.3049354553223 27.997278213501 28.6424236297607 29.2162303924561 30.2930679321289 31.2283248901367 31.587776184082 31.0185413360596 30.875862121582 30.4802856445313 30.3203830718994 29.8325443267822 29.6863803863525 29.5103378295898 29.0000782012939 28.6226768493652 28.2616786956787 28.5320167541504 28.2765293121338
-9999 -9999 -9999 -9999 -9999 -9999 -9999 -9999 -9999 -9999 -9999 -9999 -9999 -9999 -9999 -9999 -9999 -9999 28.4533271789551 29.6246643066406 31.2778701782227 31.8799514770508 32.152400970459 31.4181880950928 30.8036785125732 30.2555637359619 29.1864356994629 28.0299530029297 27.5695724487305 28.20046043396 29.0084781646729 30.5369701385498 31.8192501068115 31.9839267730713 31.3474597930908 30.4920635223389 29.8872718811035 29.5224018096924 29.0656414031982 28.5898189544678 28.1127490997314 28.1601104736328 28.331111907959 27.9073314666748 27.7287120819092 27.3614635467529
-9999 -9999 -9999 -9999 -9999 -9999 -9999 -9999 -9999 -9999 -9999 -9999 -9999 -9999 -9999 -9999 -9999 -9999 30.7320537567139 31.615026473999 33.242374420166 33.1466445922852 32.4472923278809 31.5686740875244 30.9034061431885 30.5588665008545 29.7335338592529 29.0055751800537 28.3382778167725 28.3949661254883 29.2968215942383 30.6968479156494 31.7462463378906 31.7277565002441 31.1415348052979 30.451696395874 30.037878036499 29.4688549041748 28.9884738922119 28.3194828033447 28.1057567596436 27.2372570037842 27.1640720367432 27.4121952056885 27.9062232971191 27.3237400054932
-9999 -9999 -9999 -9999 -9999 -9999 -9999 -9999 -9999 -9999 -9999 -9999 -9999 -9999 -9999 -9999 -9999 -9999 33.2120552062988 34.1146049499512 35.2017250061035 34.4031448364258 33.4022331237793 32.2514266967773 31.1639003753662 30.5123882293701 29.8767719268799 29.1193180084229 28.8220291137695 28.9152412414551 29.5970516204834 30.1998348236084 30.601053237915 30.8357677459717 30.6938037872314 30.2729454040527 29.6039943695068 29.2899513244629 29.0792331695557 28.3185729980469 27.6271305084229 26.5097961425781 26.5937328338623 26.8064193725586 26.7918891906738 26.4294834136963
-9999 -9999 -9999 -9999 -9999 -9999 -9999 -9999 -9999 -9999 -9999 -9999 -9999 -9999 -9999 -9999 -9999 -9999 -9999 35.0795974731445 35.5086135864258 34.6893196105957 33.38671875 31.9497089385986 31.0002822875977 30.2371711730957 29.7314300537109 29.0633144378662 28.6054744720459 28.4434413909912 28.9805488586426 29.5467147827148 29.8240642547607 30.0578804016113 30.0328750610352 29.9081993103027 29.4510154724121 29.2696475982666 29.0930347442627 28.4631805419922 27.9829406738281 27.4244441986084 26.9382514953613 26.5239582061768 26.6959781646729 26.7645969390869
-9999 -9999 -9999 -9999 -9999 -9999 -9999 -9999 -9999 -9999 -9999 -9999 -9999 -9999 -9999 -9999 -9999 -9999 -9999 34.3845405578613 34.1689605712891 33.7508239746094 33.1960258483887 31.8100452423096 30.861255645752 30.228931427002 29.3287334442139 28.6980667114258 28.2207527160645 28.107349395752 28.1552562713623 28.7283039093018 29.1147613525391 29.3138751983643 29.4219646453857 29.3324089050293 29.3147487640381 29.1029205322266 29.148946762085 29.1647415161133 28.5110988616943 27.7526168823242 27.6721515655518 27.1646575927734 27.2474250793457 27.1759929656982
-9999 -9999 -9999 -9999 -9999 -9999 -9999 -9999 -9999 -9999 -9999 -9999 -9999 -9999 -9999 -9999 -9999 -9999 -9999 33.5611686706543 33.2850723266602 33.1294479370117 32.1091957092285 31.0430698394775 30.292085647583 29.5159702301025 28.4638805389404 27.8943405151367 27.7352733612061 27.8897819519043 27.9452857971191 28.1721515655518 28.7113914489746 28.7323265075684 28.9540061950684 29.1599235534668 29.0438785552979 29.343620300293 29.5617370605469 29.4422073364258 29.1486721038818 28.7435455322266 28.1866493225098 28.1473007202148 28.064022064209 27.408597946167
-9999 -9999 -9999 -9999 -9999 -9999 -9999 -9999 -9999 -9999 -9999 -9999 -9999 -9999 -9999 -9999 -9999 -9999 -9999 32.9991645812988 32.9672241210938 33.2032699584961 32.2161445617676 30.5119667053223 29.4542083740234 28.4084510803223 27.7309913635254 27.5944919586182 27.6807079315186 27.7672939300537 27.8311519622803 28.111909866333 28.210765838623 28.278434753418 28.5030269622803 28.5285835266113 28.5526714324951 29.3104515075684 29.4213905334473 29.4590721130371 29.4633884429932 29.2441997528076 28.6036987304688 28.6744327545166 28.2084522247314 27.431526184082
-9999 -9999 -9999 -9999 -9999 -9999 -9999 -9999 -9999 -9999 -9999 -9999 -9999 -9999 -9999 -9999 -9999 -9999 -9999 32.2365188598633 32.730224609375 33.6462898254395 32.4670524597168 29.7857151031494 28.2507915496826 27.5642242431641 27.7557792663574 27.7559204101563 27.7941818237305 28.0426959991455 28.0749282836914 28.0198192596436 28.3034725189209 28.3396053314209 28.309419631958 28.2233715057373 28.349666595459 28.7127113342285 29.0941524505615 29.5048427581787 29.7731342315674 29.5656490325928 29.2025489807129 28.6362400054932 27.547700881958 27.2495937347412
-9999 -9999 -9999 -9999 -9999 -9999 -9999 -9999 -9999 -9999 -9999 -9999 -9999 -9999 -9999 -9999 -9999 30.3996715545654 29.9683151245117 31.5128726959229 31.1792335510254 31.8253421783447 30.7869720458984 28.3529281616211 26.6888065338135 26.5435581207275 27.3723468780518 28.0642490386963 28.4969692230225 28.6503810882568 28.8808307647705 28.9290771484375 28.6975517272949 28.6572170257568 28.5330123901367 28.4172286987305 28.3441009521484 28.3730735778809 29.1619110107422 29.4992618560791 29.8201904296875 29.9236850738525 29.1889839172363 28.4037494659424 27.6185150146484 26.9202785491943
-9999 -9999 -9999 -9999 -9999 -9999 -9999 -9999 -9999 -9999 -9999 -9999 -9999 -9999 -9999 -9999 29.0489044189453 29.3297500610352 29.7914752960205 -9999 29.3926944732666 28.9929180145264 28.2745227813721 26.4297485351563 25.606954574585 26.2223033905029 27.5162200927734 28.3505153656006 28.9989948272705 29.5637168884277 29.7302551269531 29.8878707885742 29.479305267334 29.4680080413818 29.0225830078125 28.8703498840332 28.6291046142578 28.7577457427979 28.9400844573975 29.5329723358154 29.9004344940186 29.3881874084473 29.1418285369873 28.1284694671631 27.2454624176025 26.6562347412109
-9999 -9999 -9999 -9999 -9999 -9999 -9999 -9999 -9999 -9999 -9999 -9999 24.827672958374 24.796537399292 25.6106872558594 26.507698059082 27.2662162780762 27.1662139892578 27.0065841674805 26.8886795043945 27.735164642334 27.6727428436279 27.0499229431152 26.2962970733643 25.9648914337158 26.6199913024902 27.5262145996094 28.8564529418945 29.8444938659668 30.6873378753662 31.3129730224609 30.9346218109131 30.5965614318848 30.7857475280762 30.225793838501 29.3051719665527 28.6139945983887 28.3703422546387 28.3293228149414 28.7965888977051 29.1756458282471 29.2193813323975 28.3007621765137 27.3762874603271 26.8433303833008 26.4571342468262
26.6737289428711 26.2621726989746 26.3404426574707 26.563159942627 27.2675189971924 26.8929805755615 -9999 -9999 -9999 -9999 -9999 -9999 24.3399410247803 24.4767971038818 24.8477878570557 25.5677928924561 26.3672294616699 26.2231483459473 26.308464050293 26.1304340362549 26.4295997619629 26.7781887054443 27.0982933044434 26.8070125579834 27.043098449707 27.7021827697754 28.3589782714844 29.592414855957 30.6471881866455 31.9196758270264 32.5357971191406 32.0170211791992 31.621265411377 31.1915245056152 30.5136165618896 29.6140689849854 28.8607063293457 28.7064247131348 28.4113445281982 28.4588737487793 28.2195491790771 27.6889896392822 27.6751079559326 27.2189693450928 26.9741516113281 26.7648220062256
25.9959716796875 26.087760925293 26.348991394043 26.4632148742676 26.9418354034424 27.3951187133789 -9999 -9999 -9999 -9999 -9999 24.4449024200439 23.7142772674561 24.3436260223389 24.8251037597656 25.075345993042 25.2446517944336 25.605562210083 25.8067989349365 26.0418510437012 26.5942668914795 27.4681587219238 27.7931270599365 28.0738830566406 28.5786323547363 29.2383193969727 29.7939109802246 31.0330066680908 32.3565979003906 33.3761405944824 33.5510864257813 33.0376930236816 32.7698669433594 32.174934387207 31.1770725250244 30.1234016418457 30.0137958526611 29.2961559295654 28.5424995422363 27.9261569976807 27.7645950317383 27.5984382629395 27.5577774047852 27.1651496887207 26.8177165985107 26.0428886413574
25.5903244018555 25.6204109191895 25.5918407440186 26.3514308929443 27.5981788635254 28.8323402404785 28.9944324493408 29.615650177002 29.580940246582 28.8788452148438 27.0616912841797 25.8146686553955 24.8646125793457 24.6955585479736 24.7604389190674 24.8570690155029 25.2591991424561 25.3926391601563 25.9773616790771 26.6588840484619 27.7343597412109 28.4839992523193 28.9804420471191 29.6337280273438 29.9253406524658 30.6242866516113 31.0213947296143 32.1508445739746 33.2244453430176 32.982837677002 32.8548622131348 33.4146461486816 33.3158988952637 32.6170387268066 31.8929061889648 30.4570503234863 30.0050830841064 29.4764633178711 28.7451515197754 28.4512882232666 28.0639057159424 28.0555477142334 27.824254989624 27.3840751647949 27.090648651123 26.689847946167
25.5081024169922 25.6341342926025 25.7988624572754 26.8090496063232 28.3414611816406 29.5066051483154 29.788703918457 30.1055068969727 30.25022315979 30.2415351867676 28.2333145141602 27.5727005004883 26.4681797027588 25.9533729553223 25.4916458129883 25.5938129425049 26.0207633972168 26.7178230285645 27.5058898925781 28.7760696411133 29.7786293029785 30.802131652832 31.0849590301514 31.3368949890137 31.8810482025146 32.2383499145508 32.2144927978516 32.3587951660156 33.1293106079102 33.2540473937988 33.7516250610352 33.8883514404297 33.754638671875 32.7277717590332 32.2026252746582 31.4671688079834 30.8784961700439 30.177698135376 29.1001110076904 28.7153873443604 28.8317031860352 28.166919708252 27.3947734832764 26.9532871246338 26.8346748352051 26.7655353546143
26.6400356292725 26.6168155670166 27.1375999450684 28.1035633087158 29.5476531982422 30.6246242523193 31.4777164459229 31.7055568695068 32.3240623474121 32.2854614257813 30.7052688598633 29.1177864074707 27.9359722137451 27.5269184112549 27.3402080535889 27.7531261444092 27.3721389770508 27.6752471923828 28.5174770355225 29.8834953308105 31.6000747680664 33.0587196350098 32.8747520446777 32.7839508056641 32.9717216491699 32.9917488098145 33.3873672485352 33.7742309570313 34.3082160949707 34.3192100524902 34.5193328857422 34.585018157959 34.0496864318848 33.4714736938477 32.9583320617676 31.9882907867432 31.2133274078369 30.6214542388916 30.0193252563477 29.4067058563232 28.7305164337158 27.7617664337158 26.6662120819092 26.4902381896973 26.9173812866211 26.6379318237305
27.9656467437744 28.4295654296875 29.0101985931396 29.8358345031738 30.8603782653809 31.7773742675781 32.5794715881348 32.2812385559082 32.3751487731934 32.4904937744141 31.1065654754639 29.8906593322754 29.1537342071533 28.7567882537842 28.6642227172852 29.1044273376465 28.8974552154541 29.4914646148682 29.982458114624 31.1393337249756 32.4435157775879 33.7271308898926 34.1130256652832 34.1918601989746 34.214427947998 34.3226890563965 34.4569091796875 34.9380760192871 35.2816429138184 35.0927925109863 35.4126815795898 35.3369331359863 34.94970703125 34.8298797607422 34.2431297302246 32.8233337402344 31.7615032196045 30.9336433410645 30.016580581665 29.4292697906494 28.1603240966797 27.2965316772461 26.7789058685303 26.4550914764404 27.0430583953857 26.7983989715576
29.793155670166 30.0266304016113 31.1449146270752 31.7375545501709 32.1371421813965 33.0502395629883 33.3725738525391 32.8463897705078 32.6761589050293 32.3821182250977 32.0693359375 31.3997364044189 30.9682121276855 30.7885761260986 30.9218673706055 31.2098369598389 31.1346416473389 31.6266632080078 32.055290222168 32.7369270324707 33.9880332946777 35.1339569091797 35.677791595459 35.5251808166504 35.5330772399902 35.8892135620117 35.6515846252441 36.070140838623 35.9836044311523 35.5174865722656 35.3550224304199 35.1334037780762 34.5174140930176 33.8767623901367 33.1286468505859 32.1700210571289 31.287281036377 30.4900817871094 29.8945636749268 29.4281635284424 28.3436622619629 27.3084239959717 27.4805450439453 26.9266757965088 27.0230388641357 26.701602935791
31.5802764892578 32.2242431640625 32.9165077209473 33.5604400634766 34.0962867736816 34.7264709472656 33.9311408996582 33.5039138793945 33.2513694763184 33.2497596740723 32.9062614440918 32.5920753479004 31.3043575286865 31.6392402648926 31.9320278167725 32.4879989624023 33.053409576416 33.2561912536621 33.5787811279297 34.3136749267578 35.5113754272461 36.5727043151855 37.0802001953125 37.386360168457 36.8117561340332 36.4020500183105 36.2946357727051 36.2375984191895 36.2139739990234 35.3121910095215 35.0967864990234 35.1363067626953 33.9937362670898 33.5915336608887 32.5903282165527 32.1159362792969 31.294132232666 30.3984813690186 30.0215263366699 29.5824108123779 28.3675594329834 27.6600570678711 27.3804111480713 27.2803325653076 26.9674663543701 26.781379699707
