input_data/future_climate/CanESM5_126/_band13_a.asc
ncols  331
nrows  193
xllcorner  17.833372883333
yllcorner  37.9999896166667
cellsize 0.1666667
NODATA_value  -9999
[rows 0 to 31 of 193, columns 0 to 70 of 331]
-9999 -9999 -9999 -9999 137.66667175293 138.5 136.399993896484 136.066665649414 133.16667175293 130 133.25 118.916664123535 110.375 99.4000015258789 -9999 85.6666641235352 80.2666702270508 75.6666641235352 69.1818161010742 62.5 64 67.5454559326172 68.6923065185547 70.9375 69.75 71.9375 67.3125 65.0625 70.25 68.5 60.9375 55.8571434020996 60.2857131958008 63.1875 64.25 67.75 69.6875 66.25 65.875 69.625 72.375 68.5 63 61 67.2666702270508 75.125 74 71.625 74.875 73.25 80.375 76.6875 71.0625 69 68.1875 67.625 66.25 64.625 64 63.6875 63.3125 63.125 63.875 63.4375 62.8125 61.875 63.1538467407227 64.0833358764648 64.8461532592773 66.0909118652344 67.5
-9999 -9999 -9999 136.25 137 140.071426391602 139.5625 135.0625 133 132.1875 127 119 108.400001525879 91.8571395874023 87.2857131958008 80.1999969482422 70.8181838989258 70.0666656494141 65.7333297729492 61.1111106872559 67.1333312988281 70.875 67.75 59.5833320617676 61.0625 66.875 71.9375 78.375 80.375 75.9375 72.375 62.125 58.6666679382324 59.8125 65.1875 68.4375 70.0625 69.5 69.6875 77.4375 83.375 82.25 67.9375 66.875 72.5625 75.625 73 76 79.5625 75.9375 72.75 68.125 69.4375 67.9375 67.5 67.8125 67.6875 68.0625 68.8125 68.1875 65.1875 64.9375 67.0625 67.25 67.0625 67.75 68.125 69.625 69.125 68.625 69
-9999 132.25 136 136.533340454102 137.125 137.3125 140.1875 136.800003051758 130.3125 122.357139587402 115.375 110.75 100.266670227051 92.75 85.1999969482422 71.8000030517578 79.5625 75.75 80.0625 68.25 73.375 88.3125 89.5 75.6875 70.5625 67.625 72.125 76.8125 79.375 74.875 73.9375 71.8125 70 71.375 71.875 71.25 72.3125 71.6875 70.6875 73.5625 77.25 76.3125 73.3125 71.9375 71.9375 72.25 71.875 71.0625 69 69.3125 69.8125 71 70.875 70.4375 68.3125 69 70.5 69.9375 70.0625 70.9375 68.8125 68.1875 67.75 67.25 68.3125 66.8125 66.8125 68.125 68.3125 68.75 69.4375
135.399993896484 131.428573608398 132.125 131.3125 129.4375 131 132.33332824707 123.25 120.125 111.4375 108 98.8000030517578 91.25 90.625 73.4285736083984 72.8461532592773 79.2666702270508 91.625 96.25 90.25 78.6875 84.25 94.3125 87.8125 94.6875 91.1875 85.625 79.6875 79.8125 80.1875 80.375 80.3125 76.9375 75 75.8125 74.625 75.5 73.8125 73.625 74.875 77.375 79.5625 78.9375 77.125 76.25 76 74.5625 71.25 70.375 72.6875 73.8125 75.4375 73.125 72.25 71.375 69.75 70.125 71.0625 71.125 70.5 69.75 68.875 67.3125 66.375 65.5625 66.875 68.1875 69.875 70.875 71.8125 73.375
132.875 127.285713195801 124.875 119.214286804199 119.533332824707 118.875 118.333335876465 116.6875 110.125 100.8125 96.0625 91.75 97.75 83.5625 71.3076934814453 94.0625 92.0625 103.9375 91.4375 93.5 88.875 84.5625 81.25 80.8125 84.25 85.625 85.9375 81.3125 78.75 80.125 83.0625 78.5625 77.5 77.1875 76.0625 76.8125 78.1875 77 76.1875 77.8125 80.0625 81.5 81.5 80.4375 80.5625 79.6875 78.25 74.9375 74.6875 75.1875 75.0625 75.6875 74.0625 73.9375 73.625 73 72.3125 71.875 70.6875 69.75 69.125 68.875 67.75 67.5625 68.1875 69.375 72.0625 73.25 74.375 74.25 73.6875
128.4375 129.733337402344 121.4375 111.5 104.125 105.5 104.9375 104.25 102.0625 92 82.25 86.125 78.0625 92.5 100.125 91.4375 92 98.5 104.6875 100.5625 100 96.1875 90.3125 87.4375 83.25 82.3125 82.5 81.25 79.625 78.875 81.9375 81.375 80 78.3125 76.625 77.75 79.6875 82.125 82.1875 83.0625 85.0625 85.3125 86.875 87.6875 87.1875 85 81.9375 79.6875 80.125 80.4375 78.5 76.75 76.125 74.75 73.6875 73.1875 73.1875 72.6875 71.8125 70.6875 69.5625 68.5 68.375 68.625 70.625 72.9375 73.8125 73.9375 73.9375 76.125 76.125
131.75 125.5625 118 105.9375 91.25 92.6875 91.375 87.1875 88 80.0625 86.5 91.25 99.25 96.1875 93.875 94.375 97.4375 88.875 94.5625 99.3125 98.1875 91.0625 87.875 87 86.0625 84 82.75 82.25 82.0625 80.875 80.1875 79.375 78.0625 78.9375 79.8125 80.125 83.375 84.875 86.6875 89.3125 91.9375 93.8125 95.8125 94.0625 91.3125 88.25 85.4375 82.6875 82.6875 82.9375 81.3125 80.375 78.5 77.125 74.75 73.125 72.9375 71.9375 70.5625 69.5625 69.0625 69.125 69.375 70.375 73.0625 75.75 75.875 75.6875 76.625 78.6875 79.9375
129.1875 126.5625 119.375 106.75 95.1875 87.625 81.75 86.4375 88.6875 85.3125 75.375 82.5 94.25 99.75 95.125 93.1875 93 92.875 90.25 92.375 93.875 93.5625 92 89.1875 86.3125 84.75 82.875 83.125 83.125 82.375 81.1875 80.5 80.4375 80.3125 82.25 84.4375 85.875 89.4375 93 97.3125 101.625 103.8125 102.5625 100.4375 96.25 92.375 89.0625 86.6875 85.0625 83.75 81.375 79.375 77.3125 76.1875 76.3125 75.3125 73.75 72.1875 71.1875 70.75 70.9375 70.875 71.75 73.625 75.5625 77.625 78 78.8125 79.8125 81.0625 81.625
124.1875 122.4375 113.375 100.8125 86.6875 86.875 90.625 95.875 100.8125 94 93.8125 84.9375 93.25 96.625 100.125 95.375 95.8125 97.75 98.25 95.1875 91.1875 89.8125 91.5625 91.875 88.8125 87 84.1875 84.625 85.3125 85.1875 83.9375 82.8125 80.9375 80.4375 81.1875 85.3125 89.5 95.0625 100.25 106.5 111.875 113.6875 110.6875 105.5 100.9375 97 93.625 93.9375 90.0625 87.5 83.875 81.75 81.875 80.625 79.4375 77.875 76.75 75 73.4375 73.625 73.9375 75 75.875 77.375 78.25 80 80.75 81.0625 81.0625 81.6875 82.125
116.125 113.0625 109.8125 99.5625 92.1875 97.1875 91.6875 87.25 89.375 92.9375 96.1875 90 91.25 95.8125 96.8125 97.9375 97.5625 98.0625 97.75 96.8125 96.125 95.3125 92.375 88.125 87.0625 87.0625 83.625 83.5625 84.6875 84.8125 83.75 83.25 81.375 80.25 82.3125 88.1875 91.375 96.375 104.0625 110.5 118.25 122.25 117.0625 109.625 103.875 100.125 96.0625 93.8125 92.4375 89.625 87.125 85.625 84.8125 83.5625 81.5 80.0625 77.0625 76.5 76.1875 77.125 76.125 76.5 78.25 79.25 78.25 79.9375 81.25 82.3125 81.9375 82.25 82.5
106.75 105.875 98.625 94.3125 84.5625 69.75 73.75 81.75 91.4375 101.25 95.8125 90.4375 92.5 93.625 95.5 97.9375 100.0625 99.75 98.5 97.0625 96.6875 94 91.5625 90.75 88.5625 86.375 85.5625 84.75 84.875 84.75 84.125 83 81.8125 81.6875 82.8125 86.25 90.5625 96.375 102.875 110.75 118.6875 122.9375 117.9375 111.1875 105.25 99.5 96 92.8125 89.8125 87.8125 87.1875 85 83.5 82.5625 81.625 81.3125 80.125 80.5 80.5 78.5625 78.0625 78.25 78.5625 80.25 82.625 82.625 83.625 84.4375 84.3125 84.5 84.4375
106.0625 105.5 100.0625 96.1875 92.8125 103.125 101.1875 97.25 95.125 93.8125 92.0625 92.3125 88.4375 89 93.75 97.8125 99.5625 100.0625 101.4375 100.5625 98.1875 94 91.9375 90.3125 88.625 88.6875 88.8125 89.3125 88.1875 86.75 84.75 82.875 83.0625 83.75 84.9375 91.3125 94 96.5 103.0625 109.5625 113.5625 115.3125 112.125 108.75 103.625 98.6875 95.5 92.25 90.375 88.125 86.375 84.8125 83.1875 81.8125 81.0625 80.125 79.9375 80.3125 80.75 80.125 81.125 84.125 84.4375 86.3125 86.125 85.5625 87 86.4375 85 85.375 85.4375
106.0625 111.4375 115 114 116.6875 115.4375 109.8125 102.0625 102.3125 103.4375 100 93.0625 90.5 92.3125 93.4375 95.125 98.375 99.875 101.1875 101.5 100.6875 96.5625 92.125 89.3125 90.4375 91.5 91.4375 90.4375 90.3125 87.9375 85.375 83.625 82.875 82.4375 81.9375 85.3125 90.875 98.25 98.4375 102.6875 104.375 104.875 103.5625 100.4375 96.0625 94.75 92.6875 91.4375 88.8125 86.3125 84.4375 83.125 81.4375 80.25 79.5625 79.5 78.4375 78.125 77.4375 76.6875 77.75 79.25 81.0625 83.0625 84.0625 84.25 84.75 85.5625 85.625 85.625 85.125
99.1875 109 106.5625 121.9375 122.875 105.5625 99.8125 102.375 100.75 103 101.875 98.9375 97.1875 98.25 98.5 97.25 99.5625 99.1875 101.9375 102.125 100.1875 98.25 96.1875 94.625 93.3125 92.125 91.3125 90.9375 89.8125 87.9375 85.75 84 82.125 80 80.375 84.625 89.0625 93.1875 97.6875 99.4375 99.5 98.125 96.5 93.875 90.5625 88.875 88.75 90 89.125 87.1875 85.9375 84.0625 80.875 79.1875 79.0625 79.0625 78.3125 76.9375 75.875 76.25 77.875 79.875 81.6875 83.5 84.1875 84.5625 84.5 85.3125 86.1875 86.5625 85.8125
110.875 103.6875 105.75 109 105.5 107.0625 107.375 105.75 104.3125 104.3125 105.75 105.75 104.125 103.75 102.8125 103.625 103.3125 102.5 101.375 102.125 99 96.9375 96.375 94.75 93.4375 92.875 91.875 90.5625 87.875 84.3125 83.1875 82.8125 82.1875 80.8125 82 85.375 89.5 91.6875 94.875 95.25 94.625 94.4375 93.125 91.5625 89.0625 88.375 88 88 86.9375 85.4375 83.6875 80.9375 79.25 77.875 77.4375 77.375 77 77.125 76.625 77.3125 79.375 81.75 81.375 81.875 82.6875 82.6875 84.5625 85.9375 86.5 87.625 89.1875
98.0625 101.25 114.8125 111.375 109.5 103.8125 104 106.6875 108.25 106.75 106.3125 107.8125 107.375 108.625 106.875 104.6875 105.3125 104.3125 103.4375 103.25 100.625 96.9375 95.125 94.25 92.375 91.25 90.4375 90 87.875 84.875 84.375 85.3125 83.875 82.875 84 87.875 88.0625 89.3125 92.4375 90.625 91.0625 90.625 89 89 89.75 88.75 87.4375 87.8125 85.5625 83.6875 81.5 79.0625 77.5625 76.8125 76.3125 76.0625 76.5 76.125 76.25 77.875 79.1875 80.6875 81.6875 81.9375 82.3125 83.375 84.875 86 87.1875 89.5 91
116.75 110.6875 109.8125 105.875 103.3125 102.8125 105.0625 105.5625 105.875 105.875 108.4375 108.4375 109.8125 110.4375 110.25 108.375 105.3125 103.4375 104.6875 104.1875 97.25 90.8125 88.25 90.625 92 90.375 87.9375 87.0625 85.9375 84.875 83.5625 83.5 83.0625 84.0625 87.3125 89.5625 87.875 86.0625 86.3125 87.6875 87.6875 87.25 88.0625 90 91.1875 91.1875 89.375 87.875 85.75 82.75 81.0625 78.9375 76.75 75.875 76.125 77 77.625 76.75 76.8125 77.6875 78.8125 79.125 80.25 82.875 84.1875 86.375 87.125 87.6875 88.875 89 90.625
121.6875 122.6875 115.1875 111.125 114.375 115.4375 110.8125 104.1875 104 103.75 106.375 107.4375 108.1875 109.0625 107.875 105.75 102.5 101.125 101.375 99.1875 92.5625 84.375 81.125 89.125 92.5625 89.625 86.375 85 84.75 83.5 82.3125 82.4375 83.6875 85.4375 87.5625 90.6875 87.25 84.3125 84.9375 85.75 85.3125 85.4375 87.1875 91.8125 93.3125 93.25 91.1875 88.375 85.6875 83.75 82.25 79.375 76.75 75.375 75.6875 77.1875 76.375 75.625 76 77.9375 78.375 79.4375 81 82 83.6875 85.4375 87.5625 89 88.5625 89.4375 89.375
112.3125 114.0625 111.3125 107.9375 107.1875 111 112.8125 108.3125 103.125 100.875 102.875 104.625 106.9375 108.75 105.4375 104 103.5625 96.75 93.125 88.25 84.3125 81.375 81.0625 89.625 91.75 88.9375 83.75 84.4375 83.4375 82.75 81.5625 81.75 82.9375 84.25 85.1875 85.125 83.1875 83 83.4375 84.0625 85.1875 86.9375 89.625 93.9375 97.1875 97.4375 92.6875 88.5625 86.0625 84.375 80.9375 78.375 77.1875 77.1875 78.125 77.75 76.6875 76.3125 76.5 77.0625 78.125 79.75 82.5 82.3125 82.875 84 86 87 87.9375 88.375 90.6875
113.9375 114.6875 111.1875 107.125 101.875 103.3125 102.625 98.4375 95.6875 99.875 104.25 104.4375 108.1875 105 103.9375 102.8125 97.25 92.8125 88.6875 85 81.75 81.3125 81.8125 87.6875 89.875 87.3125 85 84.625 82.875 80.125 78.125 77.625 81.125 82.5 82 78.875 77.3125 80.125 81 80.9375 84.4375 88.4375 90.875 96.75 100.625 95.8125 91.3125 88.75 87 83.5 80.4375 79.5625 79.25 78.625 78.375 78.6875 77.75 76.875 77.3125 77.375 77.5 77.6875 78.5 80.1875 81.9375 84.5625 85.875 88 88.1875 88.5 89
114.1875 114.75 113.3125 113.1875 110.1875 106 102 96.125 91.8125 94.5 99.1875 101.1875 101.1875 98.4375 97.8125 98.5 95.8125 88.6875 81.875 81.875 84.0625 84.3125 85.4375 88.125 89.25 86.5 85.1875 85.1875 83.8125 80.3125 78.5 77.375 79.875 84.875 82.8125 79.1875 75.4375 79.0625 78.8125 79.4375 82.75 86.5 92.3125 96.9375 97.1875 92.625 89.625 86.25 83.875 81.8125 80 80.0625 79.8125 79.4375 80.0625 79.875 78.625 76.5 77.4375 77.9375 77.375 76.3125 78.625 80.9375 82.75 84.4375 85.9375 86.3125 88.5 89.625 90.1875
113 117.5625 117 116.8125 114.375 110.9375 105.625 101.125 96.75 96.0625 97.1875 98.375 98.75 98.5625 97.1875 91.625 92.4375 88.75 83.625 83.875 85.8125 87.8125 89.0625 89.25 90.3125 88.5625 84.9375 83.0625 82 79.1875 78.25 78.875 79.9375 83.1875 82.8125 78.875 76 77.9375 78 77.8125 81.75 85.25 90.4375 93 92.5 89.8125 86.0625 82.5 80.5625 79.25 79.0625 79.3125 78.875 79.1875 79.25 78.6875 77.8125 77.25 77.875 77.375 77 77.1875 79.0625 81.3125 82.4375 83.875 84.1875 83.9375 85.5 87.4375 88.9375
108.75 111.3125 113.5 113.4375 111.6875 111.625 108.875 104.3125 102.875 102.4375 101.125 101.9375 103.75 102 98.875 93.75 88.0625 86.6875 85.75 86.125 86.375 86.8125 88.75 86.625 91.75 93.625 88.6875 82.3125 78.1875 75.25 74.5625 77.9375 80.5 81.6875 78.1875 76.3125 76.6875 76.1875 76.6875 78.1875 82.375 86.1875 88.4375 88.8125 87.9375 85.8125 84.75 82.875 80.3125 79.125 78.9375 79.25 79.25 79.8125 79.6875 79.875 79.125 79.9375 81.75 81.0625 79.6875 79.625 79.9375 81 82.875 83.125 82.4375 83 84.375 85.6875 86.9375
107.375 109.4375 112.3125 110.5 107.125 105.6875 105.875 104.8125 105.3125 104.3125 103.875 103.4375 104.1875 105.5625 103.875 97.625 93.5 87.6875 85.4375 86.25 85.875 82.5625 81.25 78.875 84.125 89.375 90.8125 83.9375 79.5 75.3125 74.5625 78.625 80.6875 79 75.625 74.375 73.75 74.375 75.5 77.375 79.875 83.5 84.375 84.875 83.4375 83.25 82.9375 81.75 81.0625 81.0625 81.0625 81.0625 82.0625 81.625 80.125 80.375 80.875 81.8125 83.5 82.9375 81.4375 80.5625 81.25 82.6875 83 81.8125 81.875 83.3125 84.625 84.9375 84.9375
102.75 105.4375 109 108.9375 106.125 101.0625 99.1875 97.1875 97.1875 97.5 97.75 97.0625 95.8125 99.0625 102.5 101.0625 97.125 89.9375 84.375 84.625 82.9375 77.875 73.625 73.5625 76.9375 79.5 81.0625 78.3125 74.4375 72.5625 72.8125 75 76.375 74.625 72.625 70.6875 70.125 70.875 72 72.375 74.6875 77.1875 79.1875 79.875 80.625 80.875 81.25 81.1875 80.9375 81.125 81.5625 82 82.5625 82.6875 81.5 81.375 81.25 83.0625 83.25 83.875 83.125 81.6875 82.0625 81.625 81.3125 82.125 83.125 84.3125 85.3125 85.625 84.75
102 103.5 105.6875 104.3125 102.375 97.3125 95.9375 94.875 94.875 93 93.9375 92 90.3125 86.3125 89.875 94.1875 96.25 94.875 89.6875 86.125 77.75 73.75 69.875 69.8125 72.375 71.6875 71.25 68.5625 67 65.5 65.1875 65.6875 67.3125 68.125 68.6875 67.8125 68.875 70.25 71.0625 71.375 71.3125 72 74.75 77 77.9375 78.375 78.8125 79.8125 80.625 81.25 81.5 81.9375 82.3125 82 82.6875 81.25 81.625 82 82.625 83.8125 83.75 82.6875 82.125 82.75 83.8125 84 84.125 84.625 84.3125 83.875 83.25
104 97.75 97.375 100.75 102.875 100.125 96.5 98.4375 97.9375 95.3125 93.75 93.625 91.5625 92.8125 92.625 94.5625 90.0625 92.125 85.4375 82.5625 82 82.1875 72.8125 68.0625 68.3125 67.75 64.375 62.6923065185547 61.9000015258789 64.25 61.4285697937012 63.6428565979004 61 62.625 63.5 64.3333358764648 68.4444427490234 75.0833358764648 72.4444427490234 69 69.75 69.8125 70.9375 72.375 74 75.9375 77.3125 78.875 80.75 81.375 82 82.375 82.1875 82.75 83.125 82.3125 82.125 82.4375 84.9375 85.0625 85.6875 85.75 85.3125 84.0625 83.6875 83.8125 83.75 83.6875 83.0625 83.625 83.6875
106 100 99.4375 104.5625 104.9375 101.9375 99.9375 99.5 96.1875 95.375 94.25 92.5625 94.75 98.6875 99.8125 100.1875 99.0625 96.5 91.875 84.9375 83.1875 85.0625 75.625 68.6875 66.1875 64.25 58.5625 57.1818199157715 57.5714302062988 59.0999984741211 73 75.6666641235352 -9999 -9999 71 65.4000015258789 67 80 78 -9999 72 69.8000030517578 70.4285736083984 69.5999984741211 70.3333358764648 72.75 74.875 77.0625 78.375 79.6875 80.3125 81.0625 81.25 82 82 82.0625 82.125 82.875 84.125 85.6875 85.5 86.4375 85.5625 84.6875 83.75 83.3125 82.1875 81.8125 82.3125 82.0625 81.3125
109.5 111.1875 113.1875 108.75 105.6875 102.625 101.125 99.6875 96.875 93.5 91.6875 91.6875 93.4375 96.5625 99.5 103.9375 105.5625 105.9375 100.5 88.1875 81.0625 79.25 71.625 65 62.8461532592773 61.2000007629395 54 49.9000015258789 60.8333320617676 55 -9999 -9999 -9999 -9999 -9999 -9999 -9999 -9999 -9999 -9999 -9999 69 77.3333358764648 84 68.8571395874023 70.625 73.3125 74.875 76.5 78.8125 79.9375 80.9375 81.25 81.4375 81.9375 82.9375 83.5 84.0625 85.375 85.625 86.0625 87.5625 87.4375 85.5 83.5 82.8125 82.625 82.1875 81.75 80.75 80.1875
110.625 112.5 113.4375 109.625 105.0625 102.0625 99.1875 95.375 92.875 93 90.6875 91.5625 92.5 94.625 97.5 101.9375 105 105.875 102.375 89.25 77.3125 72.1875 67.2857131958008 61.461540222168 59.7999992370605 -9999 -9999 -9999 -9999 -9999 -9999 -9999 -9999 -9999 -9999 -9999 -9999 -9999 -9999 -9999 -9999 -9999 -9999 -9999 71 70.4375 72.5625 74.375 76.125 78.625 80.5625 81.25 81.4375 82.375 83.1875 83.8125 84.0625 85 85.4375 86.75 87.25 87.4375 87.625 86.125 85.5 85.0625 83.3125 81.625 80.4375 79.6875 79.375
111.6875 112.1875 108.875 108.25 106.125 104 100.25 96.4375 91 88.75 88.6875 89.375 92.0625 95.125 98.125 100.3125 103.1875 101.375 92.5625 78.0625 66.1875 63.9375 63.2222213745117 63.5 -9999 -9999 -9999 -9999 -9999 -9999 -9999 -9999 -9999 -9999 -9999 -9999 -9999 -9999 -9999 -9999 66.8000030517578 66.3000030517578 67.3000030517578 69.7142868041992 68.4285736083984 70.1333312988281 72.4375 74.375 76.75 78.4375 80.3125 81.375 81.9375 82.5625 83 83.375 84.1875 85.5625 87 87.9375 90.4375 87.9375 87.375 86.25 85.75 85.1875 84 81.8125 80.8125 79.4375 79.5625
109.3125 107.875 105.75 105.375 102.125 99.75 98.1875 94.8125 92.4375 90.625 90.3125 89.1875 88.75 92.4375 95.9375 97.8125 96.4375 95.375 86 71.25 62.0769233703613 62 -9999 -9999 -9999 -9999 -9999 -9999 -9999 -9999 -9999 -9999 -9999 -9999 -9999 -9999 -9999 -9999 -9999 -9999 68 68.2727279663086 69.6666641235352 70.5 69.7692337036133 70.375 72.625 74.6875 77.5 78.6875 79.75 81.1875 82.25 82.75 83.375 83.625 84.625 85.75 86.6875 89.4375 93.1875 92.4375 89.5625 87.3125 85.125 83.625 82.6875 82.375 81.75 80.8125 79.5625
