input_data/future_climate/CanESM5_126/_band19_a.asc
ncols  331
nrows  193
xllcorner  17.833372883333
yllcorner  37.9999896166667
cellsize 0.1666667
NODATA_value  -9999
[rows 120 to 149 of 193, columns 138 to 206 of 331]
139.3125 139.1875 138.5 135.9375 132.6875 129.9375 127.75 126.625 125.3125 125.5625 126.1875 126.625 127.125 128.375 130.25 131.6875 133.75 134.875 134.375 132.625 130.375 125.4375 121 117 113.875 110.1875 105.25 100.6875 98.5625 97.9375 96.8125 95.4375 95.1875 94.5625 92.9375 92.625 92.1875 87.5625 83.8125 81.375 79.6875 79 80.5625 83.4375 86.125 88.0625 88.75 87.0625 85.0625 83.625 79.875 78.25 77 75.8125 75.4375 74.75 74 72.875 72.25 71.25 70.625 69.3125 68.625 67.75 67.5 67.25 66.9375 66.375 66
144.0625 144.25 145 140.5625 136.25 132.9375 129.75 126.9375 124.75 122.5 120.6875 120 120.5625 121.9375 125.3125 129.75 133.1875 134.25 134 132.4375 129.6875 125.125 122.0625 118.625 115.375 111.8125 106.4375 101 99.6875 97.625 96.5625 95.1875 94.5625 92.3125 90.8125 89.8125 88.5625 85.4375 82.4375 79.375 77.375 77.4375 78.5625 81.625 83.5 85 85.0625 83.5 81.75 79.3125 77.125 75.3125 74.625 73.8125 73.6875 72.4375 71.8125 70.75 70.5 69.25 68 67.9375 66.9375 66.4375 66 64.9375 65.5 65.1875 64.5
149 148.5625 147.1875 142.9375 137.625 134 130.5 126.5 124.0625 119.1875 114.5625 112.8125 112.375 115.625 118.5 124 130.75 132.875 132.25 130.5625 128.6875 125.625 123.4375 120.125 117.125 112.9375 106.6875 102.9375 100.125 97.5 96 93.9375 91.25 88.9375 87.3125 86.0625 84.1875 82.375 79.1875 77.6875 77.1875 77.375 77.6875 78.5 79.125 79.8125 80.25 80.1875 78 75.375 74.5625 73.125 72.4375 71.375 71.1875 70.25 69.375 68.25 67.8125 68.0625 66.5 65.4375 64.3125 64.75 64.25 63.8125 63.75 63.4375 63.125
148.8125 147.9375 145.9375 142.4375 139.125 134.5625 131.0625 127.1875 122.375 116.3125 110.9375 107.3125 106.625 109 113.1875 118.125 124.1875 127.875 129.3125 128.8125 127.25 126.4375 124.4375 122.0625 118.25 113.8125 107.125 103.5 100.3125 97.4375 95 92.1875 88.1875 86.0625 84.25 82.5 80.375 78.5625 77.25 75.875 74.0625 74.625 75.25 75.875 75.875 76.125 76.0625 75.9375 75.1875 74.0625 72.5 70.9375 70.0625 69.3125 68.3125 68.0625 67 66.625 65.4375 64.875 64.0625 63.5625 62.9375 62.6875 62.6875 62.75 62.6875 62.375 61.5625
147.1875 146.125 145.9375 143 140.25 137.3125 132.5 127.5625 121.9375 115.6875 110 105.5625 102.9375 102.5 107.625 114.5 119.4375 123.5625 125.875 126.8125 127 126.9375 125.6875 123.3125 120 114.6875 109.0625 103.75 100.1875 97.1875 93.875 89.8125 86.4375 84.0625 81.4375 78.375 76.25 74.875 74.5625 73.0625 72.625 72.6875 72.625 72.5625 73.4375 74.0625 73.5 72.75 72.3125 71.125 69.8125 68.375 67.875 67.3125 65.875 65.25 64.625 64 63.1875 63 62.5625 61.75 61.5625 61.25 61.0625 61 60.1875 59 59.1875
144.0625 143.75 142.6875 141.4375 139.25 137.375 132.6875 126.125 121.4375 115.6875 110.125 106.1875 102.5 100.75 105.5625 111.8125 117 120.5625 123.4375 125.3125 126.5625 126.875 126.3125 125.0625 121.375 115.75 109.3125 104.125 100.6875 96.625 92.25 88.3125 85.1875 81.6875 77.4375 74.125 71.6875 71.8125 71.5625 71.4375 71.375 71.25 71.4375 71.125 70.9375 71 69.1875 69.75 68.625 68.0625 67.1875 65.9375 65.3125 64.1875 63.9375 63.125 62.8125 62.75 61.3125 60.875 60.3125 60.0625 59.25 58.8125 58.3125 58 58.5 57.5625 57.5625
141.3125 140.375 139.75 138.6875 137.3125 135.125 130.1875 125.4375 121.25 116 110.875 107.6875 104.8125 104.75 107.5 111.4375 115.8125 119.3125 121.375 123.8125 125.625 126.1875 126.25 125.5 121.4375 115.0625 108.3125 103.4375 99.6875 95 90.375 87 83.875 79.75 74.75 70.125 68.1875 68.875 68.75 69.6875 70.1875 68.8125 68.5 67.8125 66.75 67.1875 67.25 66.9375 66.3125 65.0625 64.375 63.4375 63.3125 62.625 62.0625 61.625 60.625 59.75 59.5 58.8125 58.375 57.875 57.625 57.3125 56.6875 56.4375 56.4375 56.125 56
136.25 136.8125 136 134.9375 133.5625 130.9375 128.1875 124.6875 121.1875 117.1875 113.5625 110.4375 108.75 107.25 108.625 111.0625 113.9375 116.875 119.125 121.75 123.6875 124.6875 124.1875 122.375 119.5625 112.9375 106.0625 102 98.3125 93.4375 89.3125 86.25 83.1875 78.375 74.875 71.25 68.4375 68 67.75 67.3125 67.4375 67 67.125 67 66.3125 65.9375 65.75 65.0625 64.4375 63.5 63.0625 62.125 61.5 60.6875 60.4375 59.875 59.0625 58.75 57.3125 56.1875 56 56.375 55.5625 55.6875 55.6875 55.5625 54.6875 54.5625 53.625
132.3125 133.0625 132.8125 132.1875 130.4375 128.5625 126.5 123.625 120.75 117.5625 115.125 113.3125 111.625 111.125 110.5 112 111.8125 113.8125 116.75 118.8125 120.5 121.4375 120 118 114.3125 108.25 103.875 99.875 96.0625 91.4375 87.9375 85.5 82.3125 78.0625 75 71 69.4375 67.6875 66.1875 66.3125 66.5 66.1875 65.625 64.8125 64.375 64.0625 63.5 63.1875 62.5 62 61.625 60.375 60 59.4375 59 58.6875 57.125 55.4375 55 55 54.4375 54.6875 53.5 53.125 53.875 54.125 52.5625 51.8125 50.6875
130.625 130.375 130.8125 130.5 128.3125 126.8125 124.25 122 119.6875 118.9375 116.875 115.875 115.25 115.0625 113.4375 112.5625 111.75 111.5625 112.75 113.9375 115.1875 115.5 113.1875 110.6875 107.75 104.75 101.8125 98.5625 94.125 90.0625 86.8125 84.5 82.125 78.8125 76.1875 72.9375 70.0625 67.8125 65.25 64.25 65.4375 64.75 64.125 63.8125 63.1875 62.75 62 61.5625 60.8125 60 59.375 58.5 58.1875 57.6875 57.0625 56.625 54.875 53.8125 53.4375 53.25 53.0625 52.4375 51.625 51.0625 50.9375 50.9375 50.4375 49.75 49.6875
128.8125 129.875 129.625 127.8125 126.625 124.8125 122.25 121.3125 120.5625 119.25 118.4375 117.875 117.25 117.0625 113.75 111.4375 109.625 108.1875 108.125 108.8125 107.9375 107 105.5625 103.375 101.125 98.5625 95.75 92.1875 89.6875 88.1875 86.3125 84.25 81.4375 78.4375 76.25 73.375 70.375 67.8125 66.6875 63.875 61.9375 61.875 62.75 62.125 61.4375 60.5 60.0625 59.6875 58.6875 58.625 58.1875 57.875 56.3125 55.25 53.9375 53.25 52.625 51.875 51.125 50 49.5625 49.5 49.4375 48.5625 48.4375 47.875 47 47.3125 47.125
128.5 129.125 128.1875 128 126.125 124.8125 122.8125 122 121.625 120.25 119.0625 118.0625 115.75 114.5625 112 109.4375 106.875 105.75 104.625 103.625 102.375 100.25 98.1875 96.25 93.625 91.5625 89.125 87.5625 86.125 85.375 84.375 82.625 81.3125 77.875 75.375 72.375 68.5625 67.4375 65.9375 63.625 62.8125 61.6875 61.4375 60.125 59.375 58.9375 58.3125 58 57.6875 57 54.8125 53.9375 53.5 53.375 52.4375 52.1875 51.6875 50.5625 48.9375 48.25 47.625 47.0625 46.25 46.0625 46.25 46 45.75 45.25 45.125
129.8125 129.5 129.125 128.75 127.6875 126.125 124.9375 123.5 122.5 120.75 118.3125 115.5625 113 110.9375 108.875 106.25 104.4375 102.6875 100.875 99.0625 97 93.5625 89.6875 86.3125 85.5625 84.8125 84.75 83.8125 82.875 81.9375 81.3125 80.625 78.75 76.4375 72.375 70.9375 68 66.8125 64.75 63.0625 62.3125 61.25 59.9375 59.0625 58.1875 57.5625 56.75 55.5 55.625 54.6875 53.1875 52.1875 51.625 50.875 50.4375 49.9375 49.0625 47.9375 46.625 45.875 45.625 45.1875 45 45 44.4375 43.5625 43.25 43.0625 43.125
132 131.625 130.875 129.3125 128.875 127.625 126.75 125.625 124 121.25 117.875 114.4375 109.875 107.625 105.0625 103 101.0625 99.1875 97.25 94.4375 90.8125 86.625 82 79.625 79.375 79.5 79.3125 79.375 78.3125 77.8125 77.75 76.6875 74.0625 72.25 70.9375 69.125 66.9375 65.1875 63.4375 62.5 61.125 59.5 58.625 57.4375 56.75 55.5 54.9375 54.6875 53.625 52.375 52 50.5625 48.75 48.1875 47.875 47.3125 46.625 45.75 45.125 44.875 44 42.8125 42.6875 42.8125 42.875 42.4375 42.3125 42.5625 42.1875
133.75 133.3125 132 130.875 129.4375 128 127.9375 126.6875 124.9375 119.75 114.4375 110.1875 107.25 104.4375 101.75 99.4375 97.8125 95.625 92.1875 88.8125 85 81.5625 78.1875 76 75.8125 75.5625 76.125 75.5625 74.5 74.0625 72.75 71.3125 70.8125 69.5 68.375 66.875 64.625 63.125 61.9375 60.875 59.5625 58.75 57.0625 56 55.1875 54.5 53.6875 52.9375 52.1875 50.4375 49.25 48.25 47.625 46 44.6875 44.75 44.3125 44.4375 43.5 42.6875 42.25 41.9375 41.5 41.5 41.375 40.6875 40.6875 40.75 40.875
137.1875 135.5625 133.5625 131.625 130.625 128.1875 127.0625 124.9375 121.4375 116.8125 111.125 107.5625 104.6875 101.6875 99.125 97 94.3125 91.4375 88.125 84.125 81.625 78.8125 76 73.625 72.75 71.875 71.0625 70.375 69.75 69.0625 68.9375 67.75 66.9375 66.25 65.4375 64.4375 63.0625 61.125 59.9375 58.75 57.375 56.8125 55.8125 55.1875 54.0625 52.8125 51.625 50.1875 49.3125 49 47.5 46.25 45.5 44.0625 43.625 42.6875 42.3125 42 42 41.8125 40.875 40.375 40.125 40 40 39.9375 39.625 39.8125 39.625
140 137.375 135.1875 133 130.5 127.5625 124.5 121.9375 117.5625 111.875 107.75 104.9375 102.25 99.9375 97.1875 94.3125 91.75 87.625 84.3125 81.5 79.3125 76.9375 73.875 71.25 70.1875 68.625 67.25 66.5 66 65.8125 65.4375 64.625 64.1875 63.3125 62.4375 61.625 60.8125 59.625 58.4375 56.5 55.6875 55.25 54.5625 52.8125 51.0625 50 49.25 48.875 48.125 45.875 45 44.625 43.6875 42.5 42 41.75 41.3125 40.9375 40.25 39.8125 39.5625 39.8125 39 38.8125 38 38.5 38.125 37.5625 37.25
142.5 139.4375 136.5625 133.5 129.6875 126.625 122.8125 118.75 112.375 107.1875 103.75 102 100.125 98.125 94.6875 93.25 88.875 85.375 81.875 79.75 77.375 74.6875 71.8125 69.5625 67.125 65.875 64.375 63.875 63.375 62.9375 62.3125 61.625 61.375 60.5625 60.0625 59.25 58.125 57.6875 57.125 55.4375 54.8125 53.625 51.5 51.0625 49.9375 49.125 48.25 47.25 45.875 44.1875 43.625 42.5 42 41.6875 41.0625 40.25 39 39 38.75 38.25 38.3125 38 37.3125 37.125 36.6875 36.6875 36.5625 36.5 36.75
145.0625 142.125 138.5 134.5 129.4375 125.375 121.0625 115.75 109.9375 105.1875 101.625 99.375 97.4375 96.4375 93.3125 91.25 88 84.375 81.0625 78.5625 76 72.625 70 67.0625 65 63.25 62.625 61.4375 60.8125 60 58.8125 58.75 58.5 57.875 57.6875 57.125 56.6875 56.375 55.6875 54.5 53.75 52 50.5 50 48 47.25 46.75 44.8125 43.5 42.8125 42.0625 41.4375 40.8125 39.625 39.0625 38.9375 38.625 38.125 37.4375 37.0625 36.875 36.5 36.4375 36 36.3125 36.1875 36.25 36 36
147.6875 143.6875 139.25 134.3125 129.5625 125 119.125 112.9375 108.1875 103 100.0625 97.5625 95.625 93.875 92.75 90.6875 87.9375 85.25 81.875 78.4375 74.625 71.5625 68.8125 65.1875 63.25 61.1875 59.6875 58.6875 57.6875 57.375 57.25 56.4375 56 55.6875 55.125 54.5625 54 53.6875 53.25 53 52.375 50.4375 49.8125 47.8125 46.5625 45.875 44.1875 43.0625 42.6875 41.4375 41 40.3125 39.375 39.0625 38.4375 37.5625 36.9375 36.8125 36.5625 35.875 35 35.375 34.6875 34.5625 35.1875 36.0625 36 36.1875 36.6875
149.375 145.4375 139.75 133.5625 128.8125 123.6875 116.9375 110.75 105.6875 101.75 98.875 96.125 93.3125 92.125 91 89.625 88.3125 86.1875 82.3125 78.4375 74.125 70.6875 67.3125 64.0625 61.625 59.125 57.5 56.75 55.625 55.3125 54.375 54.25 54.1875 54 53.75 53.375 53.25 53 52.3125 51.3125 50.1875 50 48.5 47 46.3125 44.1875 43 42.75 41.5625 40.5625 39.625 39.125 38.5625 38 37.3125 37.6875 36.3125 35.25 34.6875 34.125 34 34 34 33.5625 33 33.0625 33.0625 32.9375 33.25
150.375 146.375 138.125 131.375 126.125 119.625 114.0625 108.6875 104.75 101 98.5 96.25 92.5 90.9375 90 89.5 89.3125 87.0625 82.0625 76.875 73.375 69.1875 65.375 62.5 60 57.5625 55.5 53.625 52.375 52.1875 52.3125 52.1875 52.1875 52.1875 52.5 51.9375 52.5 51.875 50.1875 49.875 48.75 47.625 46.9375 45.625 44.9375 43.25 42.75 41.5 40.4375 40.5 39.875 39.125 38.75 37.5625 36.8125 35.75 34.25 33.5625 33.625 33.3125 33 32.375 31.625 31.5 31.4375 31.4375 31.5625 31.9375 32
148.375 143.1875 135.8125 128.875 121.375 115.3125 109.875 105.8125 102.3125 99.375 95.375 93.0625 91.4375 90.375 89.4375 88.125 87.0625 84.8125 80.25 76.25 72.625 68.5625 64.1875 60.9375 58.3125 55.375 52.8125 50.75 50.5 50.3125 50 50.125 48.75 49.75 49 50.375 50.9375 49.75 48.875 47.75 47 47.5625 45.75 45 43.5 42.875 42.0625 40.4375 40.25 40 38.875 38.75 38.875 37.5 35.375 33.625 33.1875 32.875 32.25 31.5625 31 31 31 31 31 31 31 31 31.1875
144.5 138.625 132 125 118.25 111.75 106 102.6875 99.9375 95.5625 93.3125 91.5625 89.75 89 87.6875 86.9375 85.125 82.5 78.6875 74.8125 71.5 67.375 63.375 60.1875 57.125 53.375 50.125 47.5625 47.0625 47 47.125 47.625 48.875 47.5625 47.25 47.125 47.375 47.5 47.25 47.25 47.4375 47.25 45.375 43.9375 42.3125 42.1875 41.0625 40.375 39.4375 38.5 37.9375 36.5625 36.125 35.8125 33.875 32.8125 32.25 31.3125 31 31 31 31 31 31 31 30.8125 30.875 30.8125 31
140.9375 135.5 128.6875 121.5625 114.6875 108.25 103.125 99.875 97.4375 93.5625 91.375 89.5625 88 86.625 85.4375 84.375 83.0625 80.625 76.5625 73.5625 69.9375 66.0625 62.75 59.4375 55.9375 52.4375 49.375 46.6875 46.5625 46.375 46 47.25 46.375 46.6875 46 45.75 45.5 46.375 47.25 47.75 48.3125 46.375 46 43.4375 42.125 41.375 41 40.5 38.8125 37.875 36.875 35.8125 34.875 33.4375 32.5 32.0625 31.3125 31 31 30.6875 30.375 30.1875 30.0625 29.9375 29.9375 29.1875 29.4375 29.3125 30
138.625 131.5625 124.8125 118.6875 112.0625 106.625 101.0625 97.9375 96 92.9375 89.875 87.125 85.6875 84.3125 82.6875 82.4375 80.6875 77.9375 75.4375 72.5 69 65.3125 62.0625 59.1875 56.125 52.6875 50.25 48.25 46.3125 46.375 46.0625 45.8125 45.4375 45.3125 45.0625 44.9375 44.5625 44.625 45.5625 47.625 49.0625 46.375 45.75 43.3125 41.9375 41.0625 40.75 39.4375 37.9375 37 36.0625 34.9375 34.0625 32.5 32 31.5625 30.875 30.5 30.0625 30 29.875 29.3125 28.3125 28.125 28.0625 28.25 28.5 28.75 29
137.6875 129.5625 122.125 116.4375 110.125 105 100.875 96.9375 93.6875 90.5625 87.5625 85.625 84.3125 82.5 81.3125 79.3125 78.1875 76.125 74.125 71.9375 67.875 64.5625 61.75 59.25 56.5625 53.5 50.8125 49.6875 47.75 47.5 46.4375 46 44.5 44.75 44.5 43.3125 43.25 43.4375 44.0625 45.9375 49.3125 46.9375 44.75 43.5625 41.75 41 40.3125 38.5625 37 36.1875 35.125 34 32.5625 32 31.625 30.4375 30 29.75 29.6875 29 28.6875 27.9375 28 28 28 27.875 27.875 28 28.0625
135.9375 127.4375 119.75 113.3125 107.875 103.625 100.0625 96.25 91.875 89.375 86.5625 83.9375 82.125 79.375 78.5625 77.5625 76.3125 73.625 71.3125 70.25 67.75 65.1875 62.6875 59.875 57.6875 55.0625 53.125 50.1875 48.375 48 47.4375 46.5 44.5 42.375 42.1875 42 42 41.3125 41.625 43.0625 45.125 44.75 43.5 42.25 41 40.6875 38.5625 37.625 36.5625 35.4375 34 33.0625 32 31.625 30.25 30 29.375 28.8125 27.375 27.125 27 27 27 27 27.0625 26.1875 26.25 26.5 27.125
137.0625 125.0625 117.5625 110.6875 105.9375 101.9375 98.9375 94.5625 89.9375 87.1875 83.625 82.375 79.8125 78.125 76.75 74.875 72.3125 71.4375 70 68.8125 67.25 65.75 64 61.8125 59.375 56.75 54.25 52 50.25 48 47.5625 46.75 44 42.25 42 42 41.875 41.625 40.125 40.4375 41.9375 42.25 42.25 41.1875 40.875 39.375 37.875 37.0625 36.6875 34.5625 33.875 32.75 32 30.75 30 29.25 28.5 27.1875 27 27 27 27 27 26.75 26.125 26.75 26.8125 26.875 26.875
136.125 123.375 114.5625 107.0625 103.125 98.8125 96.0625 92.5 89.6875 86 82.625 82.3125 76.1875 73.3125 72.4375 71.5625 71.75 70 70 69 67.75 66.125 64.5 62.8125 60.9375 57.9375 55.6875 53.5 52 49.5 47.8125 46.8125 44.8125 42.625 42 42 42 41.25 39.5 39.375 39.9375 41.6875 41.5625 41 40.25 39.375 37.75 37 36.125 34.5625 33.5625 32.875 31.375 30 30 28.6875 27.6875 27 27 27 27 26.9375 26.4375 26.0625 27.0625 26.1875 28.25 27.4375 26.8125
