input_data/future_climate/CanESM5_126/_band1_a.asc
ncols  331
nrows  193
xllcorner  17.833372883333
yllcorner  37.9999896166667
cellsize 0.1666667
NODATA_value  -9999
[rows 126 to 146 of 193, columns 92 to 137 of 331]
12.0846357345581 11.5942707061768 11.2614583969116 11.1768226623535 11.0625 11.0510416030884 11.1927080154419 11.265625 11.2789058685303 11.3093748092651 11.2567710876465 11.1763019561768 11.1385412216187 11.0247392654419 10.9252605438232 10.8802089691162 10.8096351623535 10.8627605438232 10.796875 10.8588542938232 10.9473962783813 10.9822912216187 11.0033855438232 10.88671875 10.8247394561768 10.8036460876465 10.7776041030884 10.841667175293 10.8601560592651 10.7585935592651 10.9497394561768 10.7804689407349 10.8182287216187 10.6760416030884 10.8520832061768 10.6916666030884 10.7562503814697 10.623176574707 10.8692712783813 10.9549474716187 11.0114583969116 10.8450517654419 10.6721353530884 10.5364580154419 10.5718746185303 10.7052087783813
11.6067705154419 11.1973962783813 11.0799474716187 11.0804681777954 11.091667175293 11.1630210876465 11.3117189407349 11.4236974716187 11.4502601623535 11.4382810592651 11.3802080154419 11.2994794845581 11.1356773376465 11.0390625 11.0888023376465 11.0007810592651 10.9643230438232 10.9252605438232 10.7953128814697 10.8296871185303 10.8010416030884 10.8507814407349 10.9273433685303 10.9619789123535 10.9252605438232 10.83984375 11.0026044845581 11.1013021469116 10.984375 11.0070314407349 10.8489580154419 11.1192712783813 11.0276041030884 10.6755208969116 10.6994791030884 10.9130210876465 10.9518232345581 10.921875 10.7789058685303 10.9791669845581 11.1205730438232 11.0179691314697 10.8174476623535 10.578125 10.5197916030884 10.7486982345581
11.2916669845581 11.0492191314697 10.9221353530884 10.8973960876465 11.0632810592651 11.119010925293 11.3666667938232 11.5382814407349 11.6781253814697 11.6669273376465 11.5921878814697 11.5223960876465 11.4330730438232 11.3492183685303 11.1473960876465 11.1328125 11.12109375 11.0708332061768 10.9653644561768 10.9552087783813 10.9434900283813 10.97265625 10.9971351623535 10.9757814407349 11.0257816314697 11.0807294845581 11.2703123092651 10.8380212783813 10.8861980438232 11.1533851623535 10.8601560592651 10.7364587783813 10.9955730438232 11.0153646469116 11.1197919845581 11.0833330154419 11.1265621185303 11.1104164123535 10.9481773376465 11.1838541030884 11.0981769561768 11.0184898376465 10.8500003814697 10.8291664123535 10.6221351623535 10.7390623092651
11.3773441314697 11.0888023376465 10.8960933685303 10.9106769561768 10.8664064407349 11.001823425293 11.2265625 11.5057287216187 11.9002599716187 11.9783849716187 11.9369792938232 11.9015626907349 11.7307291030884 11.6028642654419 11.4481773376465 11.4174480438232 11.4320316314697 11.1958332061768 11.173698425293 11.0822916030884 11.1794271469116 11.1101560592651 11.0338544845581 10.9632816314697 10.9677085876465 11.1161460876465 11.1812496185303 11.0010414123535 10.9377603530884 11.0927085876465 11.0296878814697 10.9591150283813 11.1299476623535 11.1723957061768 11.1898441314697 11.2757816314697 11.2544269561768 11.2302083969116 11.2416667938232 11.2494792938232 11.2820310592651 11.1385412216187 11.0736980438232 11.0111980438232 11.0174474716187 10.8364582061768
11.4190101623535 11.2507810592651 11.0611982345581 10.9971351623535 11.0419273376465 11.0947914123535 11.2489585876465 11.502082824707 11.6166667938232 11.7721357345581 11.8033857345581 11.9138021469116 11.5481767654419 11.4190101623535 11.2161455154419 11.3101558685303 11.4429683685303 11.3148441314697 11.2734375 11.3005208969116 11.2684898376465 11.2273435592651 11.19140625 11.0906248092651 11.0257806777954 11.1015625 11.0281248092651 11.1976566314697 10.97265625 10.9643230438232 11.0752601623535 10.7760419845581 10.7648439407349 11.0236978530884 11.12109375 11.2033853530884 11.2940101623535 11.1898431777954 11.2414064407349 11.2872400283813 11.4645833969116 11.3234376907349 11.3729162216187 11.232292175293 11.2927083969116 11.1156253814697
11.4424476623535 11.4244794845581 11.2888021469116 11.2953128814697 11.2067708969116 11.3429689407349 11.5502605438232 11.6158857345581 11.8330726623535 11.9523439407349 11.7466144561768 11.6536455154419 11.6656246185303 11.466667175293 11.2903642654419 11.3200521469116 11.3994789123535 11.2867193222046 11.2723960876465 11.2619791030884 11.1752605438232 11.1497392654419 11.23046875 11.1588544845581 11.0960941314697 11.0406246185303 10.9348955154419 11.0239582061768 11.1546878814697 11.0747394561768 11.1213541030884 10.9184894561768 10.8729162216187 10.9278650283813 10.8059892654419 10.8101558685303 11.0260419845581 11.2463541030884 11.4156246185303 11.4567708969116 11.5302085876465 11.34375 11.2908849716187 11.3489580154419 11.4216146469116 11.4184894561768
11.61328125 11.6119794845581 11.6528644561768 11.5127601623535 11.5088539123535 11.7036457061768 11.8713541030884 11.7809896469116 11.9658851623535 11.9289064407349 11.7861976623535 11.814323425293 11.6869792938232 11.5085935592651 11.2791662216187 11.2765626907349 11.4320316314697 11.5153646469116 11.2869787216187 11.2104167938232 11.3804683685303 11.4291667938232 11.4052085876465 11.3171873092651 11.306510925293 11.2604169845581 11.2122392654419 11.1528644561768 11.2109375 11.2429685592651 11.5614585876465 11.4721355438232 11.3351564407349 11.4013023376465 11.564582824707 11.4809894561768 11.2453126907349 11.213020324707 11.2046871185303 11.0593748092651 11.2080726623535 11.0973958969116 11.1195316314697 11.3041667938232 11.3781251907349 11.5393228530884
11.8216142654419 11.9447917938232 11.7208337783813 11.8361978530884 11.8919267654419 12.0744791030884 12.2223958969116 12.1830730438232 12.0669269561768 12.0864582061768 11.9690103530884 12.025520324707 11.7804689407349 11.5614585876465 11.4828128814697 11.4424476623535 11.5374994277954 11.4731769561768 11.6190099716187 11.5299482345581 11.4838542938232 11.5343751907349 11.5476560592651 11.5229167938232 11.5341148376465 11.4841146469116 11.3622398376465 11.3559894561768 11.5583333969116 11.6653642654419 11.7640628814697 11.9645833969116 12.1192712783813 11.8822917938232 12.0942707061768 11.9505205154419 11.896614074707 11.7354164123535 11.5317707061768 11.3877601623535 11.4473962783813 11.4796876907349 11.4838542938232 11.5843753814697 11.6565103530884 11.7434892654419
11.9250001907349 11.7690105438232 11.8002605438232 12.0184898376465 12.1513023376465 12.4013023376465 12.546875 12.5067710876465 12.4304685592651 12.3145837783813 11.9510412216187 12.0744791030884 11.9054689407349 11.7395830154419 11.7585935592651 11.681770324707 11.5622396469116 11.5276041030884 11.6864585876465 11.6549482345581 11.5768232345581 11.5739583969116 11.6351566314697 11.5752601623535 11.5523433685303 11.4526042938232 11.474479675293 11.6268224716187 11.802604675293 12.0382814407349 11.9867181777954 12.1984376907349 12.3596353530884 12.4354162216187 12.4580726623535 12.2476558685303 12.24609375 12.1536455154419 12.0463542938232 12.0096349716187 11.9117183685303 11.8445310592651 11.8369789123535 11.765625 11.7721357345581 11.8421878814697
11.98828125 11.9369792938232 11.9382810592651 12.0002603530884 12.2721357345581 12.5518226623535 12.7377605438232 12.8708333969116 12.6882810592651 12.3661460876465 12.1171875 12.1526041030884 11.9484376907349 11.7791662216187 11.6950521469116 11.8268232345581 11.8210935592651 11.7466144561768 11.6244792938232 11.578125 11.5713539123535 11.5835933685303 11.6169271469116 11.681510925293 11.6330728530884 11.4096355438232 11.443229675293 11.6846351623535 12.0296878814697 12.1127605438232 12.3382806777954 12.4614582061768 12.5330724716187 12.607551574707 12.7328128814697 12.4812498092651 12.4268226623535 12.4395837783813 12.2867183685303 12.3901042938232 12.3473958969116 12.3177080154419 12.140625 12.1479167938232 12.1023435592651 12.3072919845581
12.0257816314697 12.1036462783813 12.0635414123535 12.1138019561768 12.3052082061768 12.4236974716187 12.5651044845581 12.665885925293 12.5627603530884 12.3986978530884 12.1822919845581 11.9893226623535 11.8812503814697 11.8385419845581 11.7348957061768 11.6903648376465 11.7130212783813 11.6044273376465 11.5500001907349 11.3851566314697 11.3401041030884 11.4539060592651 11.4388017654419 11.5257816314697 11.7458333969116 11.83203125 11.875 12.00390625 12.2601556777954 12.3278646469116 12.5677080154419 12.6398439407349 12.6656246185303 12.7020835876465 12.8023443222046 12.7093753814697 12.6393232345581 12.5401039123535 12.5229167938232 12.4630212783813 12.4679689407349 12.5690107345581 12.5242185592651 12.4609375 12.4643230438232 12.5226564407349
12.1515626907349 12.1223955154419 12.16796875 12.2364587783813 12.2760419845581 12.2239580154419 12.3239583969116 12.3263025283813 12.2572917938232 12.1317710876465 12.0263023376465 11.9322919845581 11.8578128814697 11.8255205154419 11.9054689407349 11.9598960876465 11.8486976623535 11.6520833969116 11.3929691314697 11.1518230438232 11.3583335876465 11.6882810592651 11.8635416030884 11.8640623092651 11.8367185592651 12.0489587783813 12.1791667938232 12.353385925293 12.3973960876465 12.6164064407349 12.6625003814697 12.8468751907349 12.8705730438232 12.9268226623535 12.9636907577515 12.865104675293 12.7008934020996 12.8106775283813 12.8643226623535 12.8502607345581 12.708854675293 12.6989583969116 12.6783857345581 12.6763019561768 12.6554689407349 12.6710939407349
12.1903648376465 12.2255210876465 12.3039064407349 12.2739582061768 12.1432294845581 12.1401042938232 12.0924482345581 12.0544271469116 12.04296875 12.0153646469116 11.9963541030884 11.9791669845581 11.9104166030884 11.9111976623535 12.115364074707 12.0804691314697 12.0145835876465 11.8463544845581 11.6372394561768 11.8184900283813 12.0192708969116 12.1169271469116 12.2994794845581 12.2807292938232 12.1989583969116 12.2005205154419 12.5583333969116 12.4624996185303 12.5979166030884 12.8275003433228 12.8625001907349 12.9739580154419 12.9949998855591 13.0062494277954 -9999 13.0583333969116 12.8288192749023 12.9700517654419 12.9833335876465 12.9562501907349 12.8197917938232 12.7239580154419 12.6708335876465 12.6869792938232 12.7322912216187 12.670051574707
12.3822917938232 12.3588542938232 12.3695316314697 12.2924480438232 12.2278642654419 12.1182289123535 12.0221357345581 11.9117183685303 11.9958333969116 12.0505208969116 12.0744791030884 12.079948425293 12.088020324707 12.1559896469116 12.2195310592651 12.26953125 12.2104167938232 12.2143230438232 12.2763023376465 12.3835935592651 12.5669269561768 12.6807289123535 12.6820316314697 12.6330127716064 12.5200004577637 12.4243059158325 -9999 -9999 -9999 -9999 -9999 13.1750001907349 13.201042175293 13.2196426391602 13.2105550765991 13.1437501907349 13.068489074707 12.9984378814697 12.9744787216187 13.0364580154419 12.9549474716187 12.8716144561768 12.8515625 12.7510414123535 12.6442708969116 12.5575523376465
12.630729675293 12.6205730438232 12.4541664123535 12.4226560592651 12.3684892654419 12.2690105438232 12.1471357345581 12.0643224716187 12.1640625 12.2416667938232 12.3067712783813 12.3244791030884 12.3236980438232 12.3507814407349 12.4223957061768 12.4921875 12.595832824707 12.6166667938232 12.6872396469116 12.7544870376587 12.8000001907349 12.9237499237061 12.9229164123535 -9999 -9999 -9999 -9999 13.127082824707 -9999 13.1604166030884 13.3479166030884 13.1812496185303 13.2339286804199 13.2486982345581 13.2239580154419 13.1682291030884 13.1247396469116 13.0562496185303 12.9614582061768 13.0979166030884 13.0419273376465 12.9697914123535 12.9117183685303 12.8171873092651 12.7888021469116 12.7020835876465
12.7570314407349 12.6908855438232 12.6604166030884 12.6065101623535 12.5268230438232 12.4416666030884 12.3744792938232 12.3096351623535 12.3763017654419 12.453125 12.5059900283813 12.5835933685303 12.5322914123535 12.4596357345581 12.6184892654419 12.6158332824707 12.6416664123535 12.6937503814697 12.6476192474365 -9999 -9999 12.9312496185303 -9999 -9999 -9999 -9999 -9999 13.0402774810791 13.2708330154419 13.3606767654419 13.4354162216187 13.4312496185303 13.38671875 13.3122396469116 13.2804689407349 13.2940101623535 13.2276039123535 13.1984376907349 13.1940097808838 13.1390619277954 13.1268224716187 13.0888023376465 13.02734375 12.9388017654419 12.8877601623535 12.7760419845581
12.9533853530884 12.9106769561768 12.9036455154419 12.8143224716187 12.6848955154419 12.5864582061768 12.5942707061768 12.5854167938232 12.6640625 12.767448425293 12.8322916030884 12.8093748092651 12.7469444274902 12.5753784179688 12.6819448471069 -9999 -9999 12.6041669845581 -9999 -9999 -9999 -9999 -9999 -9999 -9999 -9999 -9999 -9999 13.4541664123535 13.5744047164917 13.6221351623535 13.5710935592651 13.4770832061768 13.3768224716187 13.2986974716187 13.2359371185303 13.2776041030884 13.2158851623535 13.158073425293 13.25 13.2395839691162 13.1750001907349 13.1343746185303 13.1127605438232 13.0713539123535 13.0651044845581
13.1067705154419 13.1114587783813 13.0901041030884 13.0229167938232 12.8661460876465 12.8861980438232 12.6942710876465 12.7835941314697 12.9020833969116 13.0856771469116 13.0734844207764 12.97678565979 12.9423608779907 -9999 -9999 -9999 -9999 -9999 -9999 -9999 -9999 -9999 -9999 -9999 -9999 -9999 -9999 -9999 -9999 -9999 13.7282409667969 13.6880207061768 13.5734376907349 13.4408855438232 13.4114580154419 13.3309898376465 13.2622394561768 13.2783851623535 13.2848958969116 13.2565107345581 13.2835941314697 13.3247394561768 13.3276042938232 13.3080730438232 13.2184896469116 13.1734380722046
13.0962963104248 13.15944480896 13.1130952835083 13.2486982345581 13.1614580154419 13.056510925293 12.888801574707 12.7867183685303 13.0554685592651 13.0677080154419 13.0208330154419 13.078125 13.0500001907349 -9999 -9999 -9999 -9999 -9999 -9999 -9999 -9999 -9999 -9999 -9999 -9999 -9999 -9999 -9999 13.9333333969116 14.1057291030884 14.1010417938232 13.9401512145996 13.6361112594604 13.5630207061768 13.4984378814697 13.4000005722046 13.3828125 13.3856773376465 13.3817710876465 13.4195308685303 13.4007816314697 13.3588542938232 13.3174476623535 13.4044275283813 13.3302087783813 13.3184900283813
-9999 13.3937501907349 13.375 13.4156246185303 13.3929691314697 13.2898435592651 13.1098957061768 13.0703125 13.046875 13.0346355438232 13.1713542938232 -9999 -9999 -9999 -9999 -9999 -9999 -9999 -9999 -9999 -9999 -9999 -9999 -9999 -9999 -9999 -9999 -9999 13.913257598877 14.009895324707 13.9958333969116 13.9364585876465 13.7210941314697 13.509895324707 13.4255208969116 13.4057292938232 13.4111986160278 13.4388017654419 13.4499998092651 13.4601564407349 13.4953126907349 13.5203123092651 13.4354162216187 13.4346351623535 13.3940105438232 13.423957824707
13.6237182617188 13.6591663360596 13.7466144561768 13.8309898376465 13.7947912216187 13.5749998092651 13.2778644561768 13.2960939407349 13.2789058685303 13.2351560592651 13.1311111450195 13.1833333969116 -9999 -9999 -9999 -9999 -9999 -9999 -9999 -9999 -9999 -9999 -9999 -9999 -9999 -9999 13.8041667938232 13.8076391220093 13.8132810592651 13.8567705154419 13.76171875 13.7768230438232 13.669792175293 13.5257816314697 13.3843746185303 13.4411458969116 13.4997396469116 13.5161457061768 13.5643224716187 13.5739583969116 13.5427083969116 13.5632810592651 13.5283851623535 13.4921875 13.421875 13.5023441314697
