input_data/future_climate/CNMR_585/_bio19_a.asc
ncols  331
nrows  193
xllcorner  17.833372883333
yllcorner  37.9999896166667
cellsize 0.1666667
NODATA_value  -9999
[rows 90 to 119 of 193, columns 0 to 68 of 331]
-9999 -9999 -9999 -9999 -9999 -9999 -9999 -9999 -9999 -9999 -9999 -9999 -9999 -9999 -9999 -9999 189.666656494141 187.5 185 -9999 168.857147216797 165.0625 161.25 161.0625 161.625 160.4375 156.5 152 144.3125 137.4375 133.0625 129.625 126.125 122.625 121.9375 120 119.25 118.125 117 115.3125 115.0625 117.0625 119.25 124.125 128.375 132 132.6875 133.8125 135.125 140.4375 145.4375 143.375 139.6875 134.25 129.375 126.0625 122.9375 121.125 121.0625 121.5625 123.125 125.75 129.0625 133.1875 135.3125 137.625 136.5625 135 132.1875
-9999 -9999 -9999 -9999 -9999 -9999 -9999 -9999 -9999 -9999 -9999 -9999 179.16667175293 185 188.846160888672 191.384613037109 192.533340454102 187.91667175293 179.666656494141 172.125 165.399993896484 159.1875 155.625 154.75 153.875 151.125 146.75 141.125 135.125 129.8125 125.5625 123.9375 122.3125 120.9375 121.4375 122.75 122.875 120.5625 119.4375 119.0625 119.1875 120 123.25 127.5 131.125 132.625 132.8125 133.625 136.3125 137.6875 140.625 141.5 139 135.75 129.75 125.9375 123.1875 121.5625 121.625 121.875 123.1875 126 129 132.5625 136.625 137.75 136.25 134.3125 131.625
139.375 138.1875 138.0625 136.230773925781 134.800003051758 135 -9999 -9999 -9999 -9999 -9999 -9999 172.714294433594 177.466674804688 183.0625 188.75 192.9375 186.4375 176.4375 168.75 160.8125 154.6875 149.4375 145.875 142.9375 139.9375 136.9375 132.0625 125.625 119.625 117 118.5 119.125 119.4375 120.875 123.375 124.0625 122.5 122.3125 123.0625 123.375 125.625 127 130.875 133.5 133.5 132.9375 134 133.5625 134.5 134.75 136.0625 135.25 132.0625 127.125 123.625 120.875 119.625 120.3125 121.3125 123.3125 126 128.9375 132.0625 134.25 135.9375 136.5625 134.1875 130.9375
141.6875 139.625 140.625 135.875 132.166656494141 134.600006103516 -9999 -9999 -9999 -9999 -9999 157.800003051758 163.625 167.75 173.214279174805 177.75 181.75 176.4375 167.25 159.6875 153.4375 146.375 139.25 134.75 131.875 128.875 125.8125 121.625 118.125 115.25 113.25 114.375 116.1875 117.5625 119.9375 122.1875 122.0625 122.5625 123.6875 126.5625 127.5 128.75 130.1875 132.8125 135.6875 136.375 134 131.8125 130.375 130.3125 130.8125 131.375 131.3125 127.3125 124.3125 121.4375 118.4375 118 119.375 120.8125 123.8125 126.375 128.375 130.8125 133.25 134.25 134.25 131.875 130.1875
143.125 142.9375 144.375 140.4375 131.538467407227 125.5 127 129.25 132.75 136.833343505859 143.777770996094 148.714279174805 156.4375 165.875 170.125 172.4375 168.4375 163.375 155 147.5 142.375 134.625 127.3125 124.6875 123.625 120.8125 120 118.625 117 117.5 117.1875 114.75 114.5 115.75 116.8125 119.75 120.875 123.9375 127.25 127.125 129.3125 129.4375 131 132.6875 134 134.8125 132.8125 129.125 126.1875 127.6875 130.3125 129.6875 127.125 123.625 120.5625 117.3125 114.4375 115.8125 119 121.625 124.625 126.0625 128.1875 130.4375 131.6875 132.8125 132.5 131.1875 128.375
138.3125 139.25 140.3125 137.1875 126.9375 122.1875 123.4375 125.0625 127 135 145.5 142.875 147.875 154.625 157.5 159.25 153.9375 147.1875 138.0625 128.875 121.875 114.625 113.25 114.1875 113.75 114.6875 116.875 116.4375 115 115 112.6875 113.4375 113.3125 114.4375 116 117.25 119.375 121.375 125.3125 127.6875 128.875 131.125 132.875 133.75 134.5 134.5625 132.5625 129.4375 127.4375 128.875 129.3125 129.5625 127.625 124.375 119.875 116.3125 111.8125 115.6875 121.625 123 123.5625 124.0625 125.5625 128.5625 130.0625 130.6875 129.3125 127.125 125.625
125.25 127.6875 128.375 127.9375 122.625 119 118.25 119.875 120.9375 123.75 130.5625 136.0625 140.4375 140.375 141.9375 140.75 138.8125 134.5625 125.875 114.8125 102.375 94.875 98.8125 102.5 105.625 108.125 107.8125 109.9375 108.5625 108.6875 108.125 107.3125 110.0625 111.625 113.0625 115.1875 117.3125 118.875 121.6875 124.875 127.875 130.625 132.625 133.4375 134.0625 134.5 134.0625 131.25 129.875 128.75 127.5625 126.75 126.5625 124.5625 120.6875 119.5 116.875 120.0625 124 124.5 122.6875 122.1875 123.3125 124.8125 126.5 127.5 127.5625 126.4375 123.5625
116.9375 118 118.8125 118.5625 116.75 114.25 114 117.875 120.375 122.25 128.125 132.0625 134.0625 133.6875 133.8125 130.9375 129.125 122.5 116.125 107 96.25 91.4375 91.625 94.4375 97.9375 100.6875 101.5625 102.6875 103.375 104.75 104.1875 105 107.1875 108.625 110.75 112.4375 114.9375 117.125 119.5625 122.4375 125.125 128.6875 130.75 132.5 133.8125 134.3125 133.75 133.1875 133 129.9375 127.625 124.9375 122.1875 121.625 121.4375 121.125 122.1875 125.3125 127.25 124 120.4375 119.0625 120.1875 121.8125 124.1875 126.625 127 123.6875 121.5
109.3125 111.25 111.4375 111.875 111.5625 109.5625 109.0625 115.0625 117.5625 119.625 120.75 122.6875 123.5 123.25 122.9375 120.5625 116.8125 111.875 106.9375 99.375 92.875 89.1875 87.8125 89.6875 92.125 94.25 97.875 98.8125 99.9375 101.25 102.1875 103.5625 105.375 108.375 111.75 113.4375 114.4375 115.875 117.1875 119.125 122.5625 126.875 128.8125 131.1875 133.4375 134.0625 135.0625 137.9375 137.6875 132.9375 128.625 123.9375 121.75 120.875 121 121.5 123.1875 125.9375 125.6875 121.125 117.875 115.1875 115.1875 118.0625 121.375 124.3125 123.875 121.5625 119.125
105.0625 107.0625 106.9375 106.375 105.4375 102.875 107.5 110 112 113.3125 114.6875 116.5625 121.875 118.625 117.0625 112.875 108.75 103.3125 98.9375 94.5625 90 87.25 86.5625 87.4375 89.25 92.6875 94.8125 96.9375 97.375 99.75 101.0625 103.1875 107.0625 108.875 111.375 112.5 113.8125 114 115.125 116.625 119.8125 123.1875 127.4375 130.0625 132.75 134.375 136.875 143.125 142.1875 134.625 127.75 123.0625 119.6875 118.625 118.5 118.9375 119.6875 121.4375 120.4375 117.875 113.625 109.6875 110.125 113.625 117.0625 119.375 119.5 118.8125 116.625
102 103.75 103.4375 100 99.5625 100.375 104.6875 105.375 106.1875 108.1875 109.875 111.9375 114.375 112.9375 111 106.75 102.3125 97.25 93.125 89.75 87.1875 85.0625 84.0625 84.75 87.3125 90.375 93.125 93.375 95.625 99.625 101.5 103.3125 106.0625 108.0625 111 112.6875 111.5 112.1875 113.125 113.3125 115.625 119.125 123.0625 128.4375 133.125 136.625 136.6875 138.1875 136.5625 130.5625 125.6875 122.125 120.1875 117.625 116.8125 117.5 118.625 118.8125 117.4375 114.8125 110.875 108.5625 109.9375 112.25 114.875 116.25 116.5 115.6875 114
100.625 100.9375 98.1875 98.125 99.1875 100.125 101.25 102.375 103.0625 104.3125 105 106.9375 105.9375 104.75 102.3125 100.375 96.1875 93.5625 89.3125 85.9375 83.4375 82.5625 81.875 82.875 84.5 88.0625 91.375 91.9375 94.375 97.625 99.6875 102.625 104.0625 106 108.5625 110.4375 111.4375 112.5625 112.4375 112.4375 115.3125 118.6875 123.375 127.9375 132.4375 135.5 134.4375 132.6875 129.3125 125 122.5 120.6875 118.6875 118.4375 118.625 118 118.4375 117.75 115.625 113.9375 111.9375 111.5 111.5 112.6875 114.6875 115.1875 115.4375 114.125 113.5625
95.875 96.3125 94.4375 93.1875 93.6875 95.25 97.125 98.625 100.8125 101.6875 102.5 101.9375 101.125 98.5625 95.25 94.0625 91.875 90.125 85.9375 83.0625 81.6875 80.8125 81 82.375 84.1875 86.8125 88.0625 91.625 95.0625 97.75 99.4375 102 104.75 107.3125 108.25 109.5 110.5 112.5625 112.1875 112.125 115.5625 118.625 121.6875 128.5625 132.375 132.1875 130.25 126.5 121.5625 118.375 118.75 119 118.4375 118.375 118.1875 118.0625 117.4375 117.3125 116.25 115 114.375 113.375 113.75 114.5625 115.125 115.25 115.75 114.625 112.875
95.5 94.5 93 91.1875 90.5 90.1875 92.875 96 98.4375 99 98.6875 97.9375 96.1875 94.3125 91.5625 89.3125 87.75 85.9375 83.3125 81.125 80 79.875 80.75 82.1875 83.5625 85.4375 88.1875 91.9375 95.1875 98.375 100.625 103 105.5625 107.625 109.125 109.125 110.3125 111.0625 111.8125 113.125 114.3125 116.875 119.875 124.6875 127.8125 128.125 124.9375 121.4375 118.3125 115.875 114.875 115.5 115.25 115.5625 116.4375 116.9375 118.6875 118.1875 117.625 117.25 116.8125 116.4375 116.1875 115.875 116 116 115.625 114.1875 113.6875
94.75 93.1875 91.0625 90.5 90.0625 91.3125 90.5 92.25 95 95.5 95.625 95.75 93.875 90.8125 88.3125 86.0625 84.4375 83.1875 81.0625 78.6875 78.3125 78.375 80.125 81.25 82.1875 83.9375 86.5625 90.9375 94.5 98.0625 102.1875 105.5 108 110.875 111.0625 110.75 111.1875 110.9375 111 111.75 113.875 115.25 117.9375 121 122.5625 122.625 120.625 119 116.5 114.875 113.625 113.5 113.5 113.9375 114.6875 116.4375 118.375 119.375 119.75 120.625 120.625 120.1875 119.25 118.4375 117.625 116.4375 115.6875 114.75 113.4375
92.125 91 90.6875 89.75 90 90 89.375 89.5 89.625 91.1875 91.5 92.8125 92.6875 90.625 88 86.3125 83 81.4375 79.1875 77.125 77.875 78.875 79.3125 79.875 81.625 83.8125 86.25 89.1875 94.5 99.625 103.625 106.875 110.5 112.375 112.0625 111.4375 111 110.25 110.9375 111.625 113.375 114.5625 116.5 118 118.9375 118.875 118.125 116.4375 114.3125 113.1875 112.1875 111.25 111.875 113.125 115.375 117.3125 120.1875 121.625 122.6875 123.875 124.0625 123.1875 122 120.0625 118.8125 117.1875 115.9375 114.75 114.1875
91.3125 91 90.25 89.625 90.25 90 91.375 92 91.75 91.125 90.75 89.5 86.9375 86.9375 86.25 85.3125 83.3125 81.25 78.375 77.4375 79.125 79.75 80.75 81.6875 82.75 84.4375 87.3125 90.375 93.1875 99.1875 103 108 110.875 113.8125 112.5 110.9375 109.3125 109.1875 110.0625 110.0625 111.25 113.3125 114.75 115.8125 116.4375 116.6875 115.9375 113.75 112.25 110.8125 110.0625 110.5625 111.125 112.3125 115.3125 118.4375 121.6875 123.5625 125.75 128.4375 129.125 127.4375 123.9375 121.375 120.3125 118.75 117.0625 115 114.625
89.125 89.3125 89.125 88.75 90.0625 90.375 91 91.75 91.3125 90.3125 89.0625 88.1875 87.5625 86.1875 86.0625 85.875 85.5 85.375 86.25 83.5 82.3125 81.625 83.125 84.75 83.3125 84.1875 85.8125 89.875 95.125 99 103.6875 105.9375 107.4375 107.25 107.1875 108.125 107.25 106.9375 108.375 109.5625 110.5 112.375 113.3125 114 114.125 114 112.875 111.875 110.3125 109.375 109.0625 109.9375 111.0625 112.625 115.9375 119.0625 122.625 125.625 128.0625 131.3125 133.0625 129 124.9375 122.5 120.4375 119.75 117.5 115.1875 115.125
88.3125 88.5625 90.0625 91.3125 90.25 89.625 89.6875 89.75 88.9375 88.25 88.3125 87.625 86.6875 86.25 87.125 88 89.125 90.125 90.4375 87.5 83.75 83.375 83 83.625 83 84.0625 86.1875 90.25 94.125 98.25 102 105.0625 102.875 99.125 96.625 101.625 102.75 103.375 104.8125 106.9375 108.75 111.125 113 113.1875 113.25 112.75 112 110.875 110.3125 109.1875 109.5 110.625 111.9375 114.5625 117.375 120.75 124.3125 126.75 129.5625 132.3125 132.75 129 124.9375 122.5625 120.625 120 118.5625 117.25 116.1875
88.8125 89.5 91.0625 93.5625 91.9375 91.375 91.6875 91.25 91.8125 92.4375 91.8125 90.3125 91.5625 89.875 89.8125 92.75 94.6875 94 91.4375 88.8125 85 83.3125 83.1875 83.875 84.75 85.4375 87.0625 89.75 92.375 95.375 99 101 98.1875 94.125 92.25 95.3125 98.4375 100.875 103.625 105.5 107.6875 109 110.8125 112.0625 112.375 111.75 111.5 111.8125 111.8125 111.1875 110.8125 111.5625 113.5 115.875 118.6875 121.5625 124.375 126.4375 129.0625 130.25 129.625 126.25 122.3125 120.5625 120.25 120.3125 119.5625 117.6875 116.9375
91.75 90.875 92.375 94.875 95.375 93.625 94.3125 93.9375 94.1875 94.75 95.8125 94.3125 92.5625 91.3125 91.375 92.6875 94.3125 93.3125 92.125 89.5 86.75 83.375 83.5 85.25 85.6875 86.25 87 88.25 90.3125 93.1875 95.3125 95.9375 93.6875 90.4375 89.3125 92.3125 96.5 99.5 102.375 105.1875 107.125 109.25 111.125 112.6875 113.375 112.8125 112.9375 112.75 111.9375 111.75 112.0625 113.1875 114.875 117.125 118.75 121.3125 125.0625 127.5625 129.4375 130.4375 128.875 125.4375 121.0625 119.375 120.875 121 119.625 119.0625 117
95.25 94.375 95.75 100.25 99.9375 96.9375 97 95.8125 94.625 94.6875 94.25 91.125 89.5625 90.4375 92.5625 92.9375 93.9375 94.4375 93.0625 91.0625 88.9375 86.1875 83.3125 82.875 83.625 84.3125 85.1875 86.4375 88.8125 90.6875 91.5 91.0625 89.8125 87.3125 86.5 90.875 95.25 98.625 101.6875 104.5625 107.375 109.4375 111.8125 113.8125 115.0625 115.8125 116.125 114.6875 113.375 111.875 112.5 114.3125 116.5 117.5 119.8125 123 125.375 127.875 130.125 130.25 128.375 125.25 122.1875 121.625 121.6875 121.3125 119.5625 118.75 117.4375
102.6875 100.25 100.9375 103.4375 104 101.25 96.875 95.1875 94.9375 94.5 93 89.75 88.4375 93.375 95.9375 98.875 99.5 96.875 96 94 91 88.625 86.3125 84.25 83.0625 84.1875 85.1875 86.3125 87.8125 89.0625 89.625 90 88.9375 87.75 87.8125 91.5625 95.8125 99.8125 104.125 106.25 107.9375 110.0625 112.125 114.9375 117 119.375 119.4375 116.8125 114.625 113.75 113.6875 113.625 116.5625 118.1875 120.875 123.3125 125.9375 128.125 130.1875 130.1875 127.75 125.9375 124.5625 123 122.75 122.75 121.4375 120.375 118.5
104.3125 104.75 105.875 107.3125 107.25 102.9375 99.4375 96.6875 94.8125 94.9375 93.6875 91.875 91.6875 95.25 100.3125 104.75 109.5625 105.9375 100.0625 96.25 91.875 88.0625 85.3125 82 81.9375 85.0625 87 88.125 88.0625 89.1875 89.4375 89.5 90.1875 90.4375 91.375 94.1875 98.5625 103.1875 106.125 108.5625 109.1875 110.8125 112.875 115.5 117.8125 120.375 120.4375 116.875 114.375 113.1875 112.6875 113.0625 115.6875 118.5625 121.25 124 127.0625 129.0625 129.9375 129.75 127.875 125.875 123.8125 121.875 121.1875 121.375 121.375 120 118.625
105.8125 107.1875 109.125 109.75 109.5625 105.5625 101.375 98.3125 96.5625 96.3125 97.6875 96.8125 96.8125 101.1875 105.375 110.0625 113.9375 113.8125 107.3125 99.6875 93.75 89.3125 85.125 81.5625 82.4375 84.4375 86.75 87.375 89 90.25 90.25 90.1875 91.6875 93.8125 94.375 97.3125 100.5625 104.9375 108.8125 110.375 111.75 112.6875 113.875 115.5625 116.3125 117.1875 116.625 114.625 112.375 111 111.3125 112.6875 115.0625 117.5 120.875 124.0625 127.375 129.125 129.375 129.1875 127.625 125 122.375 119.4375 117.3125 117.1875 117.875 118.625 120.25
106.125 108.375 110.3125 112.125 110.1875 107.125 103.6875 99.125 98.4375 97.125 98.4375 98.125 101 105.0625 109.3125 113.625 117 119.1875 115.375 105.875 97.3125 89.4375 84.0625 81.5625 82.5 84.8125 87.625 89.375 90.25 91.9375 92.3125 92.3125 94.5 97.8125 100.9375 102.1875 104.875 108.25 112.0625 113.9375 114.875 115.375 115.6875 116.1875 114.75 113.625 112.75 111.625 110.3125 109.0625 109.625 111.9375 115.25 117.875 120.8125 124.875 127.4375 129.9375 130.75 129 126.875 123.625 120.375 117.375 114.5625 114.125 116.4375 118.9375 121
107.125 109.125 110.0625 111.25 110.625 108.6875 107 102.9375 103.9375 104.4375 102.875 103.625 106.5 108.6875 110.9375 113 115.8125 116.25 113.875 109.6875 102.5 92.8125 85.125 80.875 79.875 83.6875 86.5625 89.8125 92.3125 92.9375 92.5 94.375 97.375 100.4375 102.6875 105 107.875 112.4375 115.75 116.9375 118.25 118.4375 118.5625 117.0625 114.5625 111.5 110 109.375 108.0625 106.0625 108.125 111.0625 114.8125 118.375 121.375 125.25 128 130.1875 130.9375 129.25 126 122.375 119.0625 115.3125 112.3125 111.625 113.625 117 120.375
105.375 107.625 108.0625 107.9375 108.375 108.75 109.625 110.5 110.6875 115.0625 114.375 111 111.5 113.9375 114.0625 112.4375 114.1875 114.0625 108.5 102.875 97.0625 91.0625 84.5 81.875 82.4375 83.5625 85.625 87.3125 89.75 91.4375 94.625 98.5 101.4375 104.5625 106.1875 108.6875 111.9375 115.0625 116.9375 118.6875 120.3125 120.9375 120.5625 119.1875 116.0625 112.375 110.75 110.375 108.0625 105.9375 107.25 112.125 115.125 119.9375 123.25 126.25 129.0625 130.6875 131.5625 128.9375 124.875 120.5625 117.125 113.375 110.5625 110.75 113.3125 116.8125 120.5
101.1875 103.125 106.8125 107.0625 108 111.125 113.375 114.25 113.9375 117.25 124.4375 124.375 120.5 121.25 120.375 118.4375 112.5 110.75 106.3125 99.9375 94.875 90.25 88 87.8125 88.75 89 88.25 89.5625 90.3125 92.125 94 97.375 103.8125 107.875 110.4375 111.625 114.3125 117.375 118.3125 120.375 122.3125 122.0625 122.125 121.25 119.5625 117.3125 114.8125 112.375 111.5625 110 110.0625 113.25 116.25 121 123.125 125.8125 127.9375 129.375 129.5 126.75 122.875 118.9375 115 111.125 106.5 107.75 111.6875 115.6875 118.8125
100.375 100.3125 98.75 103.375 108.625 111.8125 115.9375 115.625 114.875 118.9375 128.625 134.0625 125.6875 120.8125 120.4375 117.0625 112.8125 105.25 102.1875 99.625 96.5625 94.5 94.1875 95.3125 96.3125 96.4375 94.375 92.625 91.8125 93.1875 96.125 98.4375 103.4375 110.375 112.75 113.9375 115.9375 117.6875 120.0625 121.1875 123.875 123.8125 124 124.25 123.3125 120.625 117.625 114.4375 113.4375 112.9375 112.5 114.0625 116.625 120.25 123.25 125.9375 127.25 127.625 127.4375 124.9375 121.8125 117.875 113.375 108.8125 103.625 105.1875 110.5625 115.125 120.125
