input_data/future_climate/CNMR_585/_bio13_a.asc
ncols  331
nrows  193
xllcorner  17.833372883333
yllcorner  37.9999896166667
cellsize 0.1666667
NODATA_value  -9999
[rows 64 to 95 of 193, columns 71 to 141 of 331]
82.625 83.25 82.875 81.6875 80.0625 78.875 77.0625 75.5625 75.625 75.125 74.5625 74.25 74.0625 73.625 74.6875 75.8125 76.625 77.5625 78.6875 79.625 79.3125 79.8125 80.5625 80.875 80.5625 80.8125 81.3125 81.1875 80.8125 80.125 79.375 79.6875 79.0625 79 78.3125 77.875 77 76.5 76.25 76.3125 76.125 76.375 75.5625 75.3125 74.9375 75.5 75.6875 75.625 75.1875 74.25 73.875 73.625 73.0625 73.3125 73.4375 73.4375 72.875 72.125 71.875 71.75 71.375 71.375 72.0625 72 71.8125 71.6875 71.375 71.3125 71.4375 71.5625 71.125
82.0625 82.3125 82.0625 81.125 79.25 77.625 75.75 74.1875 73.3125 73 72.9375 72.625 72.8125 72.8125 74.625 75.9375 77.5625 78.9375 79.3125 79.4375 79.8125 80.25 80.5 81.4375 81.4375 81.1875 81.375 81.1875 81 80.4375 80.125 79.75 79.625 78.75 78.0625 77.4375 76.3125 75.6875 75.8125 75.6875 76 75.8125 75.875 75.6875 75.375 75.0625 75.0625 75.0625 74.4375 74.0625 73.3125 73.1875 72.5625 72.5625 73.6875 73.5 73.625 73.5625 72.9375 72.375 72.375 72.1875 71.5 71.8125 71.625 71.625 72.0625 72.25 71.5625 71.125 71.5
81.5 81.875 80.9375 79.5625 78.25 76.875 75.25 73.8125 72.875 71.6875 71.6875 71.75 72.0625 73.3125 75.125 76.5 77.9375 78.6875 79.625 80.5625 81.125 81.125 80.8125 82.0625 82.6875 82.375 82.5 82.25 81.5 81.25 80.125 79.375 78.875 78.1875 77.5 76.6875 76.1875 76.3125 75.9375 75.875 75.5625 75.25 75.25 75.125 74.75 75.1875 74.875 74.5625 73.625 73.4375 72.375 71.875 72.4375 73.5 74.1875 74.5625 74.1875 73.8125 73.1875 72.8125 73.1875 72.6875 71.9375 71.25 71.5625 71.125 71 71 70.6875 70.25 70.5
79.9375 80.0625 79.1875 77.875 76.75 75.0625 73.4375 71.9375 70.6875 70 70 70.0625 70.875 72.875 74.4375 75.9375 78.25 80.1875 81.25 80.8125 80.75 80.8125 81.3125 82.1875 82.1875 81.5 81.25 81.5 81.75 81.375 80.5 79.3125 79.0625 78.375 77.75 76.875 76.4375 76.375 75.9375 75.75 75.625 75.4375 75.25 74.75 74.625 74.5 74.4375 73.875 73.5 72.3125 71.75 72.6875 74.375 74.6875 74.625 74.1875 73.5625 72.9375 72.8125 73.875 73.4375 72.6875 72.8125 73.0625 72.75 72.0625 71.1875 71 70.25 70.0625 69.9375
80.125 78.9375 77.9375 76.6875 76.125 74.625 72.8125 70.6875 69.1875 68.3125 68.4375 69.0625 70.5625 72.5 74.5 76.5 78.375 80.25 81.5 81.5625 80.625 78.875 78.4375 79.875 79.8125 79.6875 80.125 80.625 80.75 80.5625 80 79.875 79.0625 78.4375 77.375 76.875 76.625 76.0625 75.5 75.1875 75.1875 75.0625 74.8125 75.125 75.125 74.375 74.5 74.4375 73.875 73.8125 72.25 71.375 72.5625 73.625 74.25 74.1875 73.75 72.875 72.5625 72.8125 72.75 72.5625 72.875 72.5625 72 71.75 71.1875 70.5 70 69.375 68.8125
79.75 77.3125 76 75.3125 74.4375 72.5625 71.25 69.5 67.4375 66.8125 66.25 68.25 70.125 71.75 73.5625 75.5 77 79.6875 82.6875 82.625 81.125 78.75 77.4375 77.375 77.9375 78.875 79.375 79.9375 80.5 80.125 79.9375 79 78.375 78.5625 78 77.25 76.75 75.9375 75.5625 76 75.75 75.3125 75.5625 75.5 75.875 75.1875 74.3125 74.125 73.6875 73.5 72.75 71.9375 71.4375 71.6875 72.9375 73.9375 73.5 73 72.375 72.6875 72.625 72.0625 72.4375 72.4375 71.75 71 70.8125 70.625 69.75 68.625 68.0625
77.625 76.6875 75.5 74.1875 73.625 72.5625 70.9375 68.375 66.375 64.875 64.4375 66.5 69.125 71.6875 73.9375 77 79.0625 79.6875 80.25 80.625 79.1875 78.3125 77.1875 76.8125 76.5625 77.125 78.5 79.4375 79.1875 79.1875 80 79.625 78.625 78.6875 78.25 77.5 76.3125 76.25 75.6875 75.0625 74.875 75.3125 75.1875 75.25 75.625 75.375 74.4375 73.9375 72.75 71.75 71.4375 71.625 71.625 71.875 71.6875 71.875 72.9375 73 73.3125 73.125 73 72.625 72.25 71.6875 70.9375 69.9375 69.0625 69.1875 68.6875 67.875 67.625
76.3125 75.375 74.5 73.3125 72.3125 71.1875 70.25 68.3125 66.375 65.3125 65.625 66.9375 69.5 72.25 74.0625 76.75 79.8125 81.1875 80 79.6875 79.875 78.625 78.5625 78.75 78.375 77.8125 78.0625 79.25 79.5625 79.5625 79.9375 79.875 79.5625 79.3125 78.25 77.125 76.125 75.8125 75.125 74.6875 74.625 74.9375 74.9375 75.25 75.8125 76.125 75.6875 74.6875 74.0625 73.0625 72.5625 72.625 72.375 72.375 71.9375 73.25 73.875 73.75 72.9375 72.625 72.0625 72 71.5625 71 69.9375 69 67.5625 67.1875 66.9375 66.875 67.4375
75.3125 74.8125 74.125 73.625 72.8125 72.125 71.6875 70.25 68.5 67.8125 68 68.875 70.875 73.25 75.3125 75.9375 77.875 78.5625 78.8125 79 80 79.875 79.125 78.875 78.25 78 79.0625 79.8125 80.1875 80.4375 80.25 80.25 79.9375 79.1875 78.3125 77 76.5 75.875 75.75 75.375 74.75 74.1875 74.8125 74.0625 74.1875 74.25 74.125 74.25 74.6875 74.625 74.4375 73.375 72.8125 73.375 73.9375 73.5 73.8125 73.8125 73.8125 73.75 73.0625 72.4375 71.9375 70.5625 69.1875 67.75 66.8125 66.25 66.4375 66.375 66.625
74.5625 74.5 74.375 73.875 73.6875 72.9375 72.5625 72.125 71 70.75 71.5 72.5 73.5625 74.6875 76.5 77 77.0625 77.0625 79.0625 79.375 80.0625 79.5625 78.5 78.5625 79 79.4375 79.75 79.5 80.0625 79.8125 80.3125 80.5 79.6875 79.5625 78.375 77.4375 76.6875 76.625 76 75.4375 74.25 73.8125 73.9375 74.5 74.6875 73.9375 72.875 72.9375 73.5 74.0625 74.1875 74.75 74.9375 75.125 75.125 74.6875 74.75 73.75 73.0625 72.5 72.3125 71.125 70.75 69.5 67.9375 66.625 65.5625 65.5 66.0625 66 66.0625
74.8125 75.0625 74.6875 74.75 74.5625 74.25 73.875 73.4375 72.6875 72.625 73.0625 73.8125 74.125 75.6875 77 77.5625 78.375 78.75 80.5625 81.125 79.75 79.1875 79.1875 79.3125 79.375 79.75 79.9375 80.1875 80.125 80.375 80.0625 80.5 80 79.5 78.9375 78.25 77.4375 77.1875 76.8125 76 75.3125 74.625 74.375 74.25 74.5625 74.0625 72.4375 72 72.8125 73.25 74.5 74.875 74.625 75.6875 75.375 75.125 74.5 74.1875 73.625 72.6875 71.8125 70.9375 70.75 69.375 68.25 67.1875 65.9375 65.375 65.6875 65.75 65.625
74.875 74.625 74.4375 74.6875 74.5 74.625 74.875 74.875 75.5625 75.625 75.75 76.5 77.1875 77.875 78.9375 79.4375 80 81.4375 81.5625 81.5 80.625 80 79.9375 79.9375 80.0625 80.1875 81 81.5625 80.6875 81.0625 81.0625 81.125 80.8125 80.5 79.5625 78.6875 78.125 77.75 77.1875 76.5625 76.1875 76.1875 75.125 75.4375 75.125 73.9375 72.25 71.3125 71.875 73.375 74.1875 74.9375 75.8125 75.875 75.75 75.625 75.4375 74.625 73.5 71.9375 71.5 70.875 70 69.5 68.5625 67.9375 66.8125 65.9375 65.1875 65.125 65.875
76.3125 75.1875 75.875 75.25 75.4375 75.625 75.25 75.8125 76.25 77 77.125 78.5 79.625 80.4375 80.875 80.875 82.25 83.5 83.5 82.3125 80.75 81.4375 80.75 81.0625 80.6875 80.4375 80.9375 81.6875 81.3125 80.875 80.8125 80.0625 80.625 80.4375 79.875 78.625 78.3125 77.9375 77.75 77.1875 77.125 77.0625 76.9375 76.3125 75.75 74.0625 72.875 71.625 72.3125 73.125 73.875 75.25 76.125 76.75 76.8125 75.5625 75.375 74.6875 74 73.375 72.4375 71.625 70.875 70.1875 69.0625 67.75 66.375 66.5 65.4375 64.75 65
76.1875 76.3125 75.875 75.9375 75.5 76 76.1875 77 77.9375 78.625 79.125 79.8125 80.375 81.5 83.625 84.625 84.4375 84 83.625 82.5625 81.6875 81.625 81.6875 81.4375 81.25 82.5625 82 82.0625 82.125 81.0625 80.5625 80.875 81.0625 81.4375 80.3125 79.625 78.75 78.25 77.9375 77.625 77.125 77.3125 77.4375 77.375 76.5625 75.8125 74.4375 73.125 72.5 73.125 74.5625 75.375 76.4375 76.3125 75.4375 75.8125 75.3125 73.75 72.8125 72.25 72.375 71.625 70.6875 69.375 68.6875 68.125 66.5625 65.875 66.0625 65.0625 65.1875
76.0625 76.25 76.25 76.8125 77.125 77.1875 77.25 77.125 77.75 78.9375 80.125 81.125 82 84.0625 85.625 85.75 85.6875 84.75 83.75 82.625 81.5625 81.625 82.0625 82.0625 81.9375 81.875 82 82.875 82.25 82.125 81.9375 81.5625 81 80.4375 79.75 79.1875 79 78.9375 78.9375 78.5625 78.6875 78.1875 78.375 78 77.375 77.25 76.5 75.25 74.8125 74.5625 74.875 75.25 75.75 76.875 76.0625 75.5 75.6875 74.5 73.25 73.5625 72.75 71.875 71.0625 70.1875 69.3125 68.0625 66.625 65.8125 65.25 64.875 64.75
78.4375 77.4375 77.4375 78.5 78.8125 77.5625 77.75 77.5 78.5625 80.4375 82.8125 84.25 84.75 85.25 85.25 85.8125 85.5625 84.375 83.25 82.875 82.25 81.9375 81.75 81.5 81.3125 81.3125 81.625 81.5 81.625 81.75 82.1875 81.875 81 80.625 79.6875 79.375 79.125 79.25 79 78.75 79.5 79.625 79.1875 78.6875 78.75 78.75 78.6875 77.125 76.0625 75.625 75.375 74.8125 75 74.875 74.625 74.8125 74.6875 74.9375 75 74.25 73.4375 72 70.625 69.8125 68.625 67.875 66.5 65.6875 65.6875 64.875 64.1875
80.3125 79.5625 79.25 77.8125 78.4375 78.6875 78.9375 78.5625 78.625 80.375 82.4375 83.875 84.8125 86.0625 86.125 86 85.4375 85.125 84.1875 84.1875 83.25 82.125 81.4375 80.8125 80.3125 80.75 80.75 81.5 81.875 81.6875 81.125 81.3125 81.3125 80.6875 80 79.3125 79.3125 79.3125 78.9375 78.8125 79.25 80 79.125 78.875 78.625 79 78.375 77.9375 76.875 76.5 75.375 75.125 75 74.5625 73.75 74.0625 75.0625 75.0625 75.25 74.5625 73.625 72.5 70.8125 69.5 68.6875 68.1875 66.875 66.0625 65.25 65 65
80.75 79.3125 77.875 77.25 78.6875 79.3125 79.75 79.5 78.625 80.75 82.5625 83.6875 85.125 86.4375 86.5625 85.9375 85.8125 85.125 84.5 84.125 83.3125 82.3125 81.125 80.9375 80.125 79.9375 80.625 81.5625 81.1875 81.1875 81.5625 81.5625 80.6875 79.6875 79.3125 78.9375 78.375 78.3125 77.5 77.8125 78.5 79.5 80.6875 80 79.0625 79.1875 79.0625 78 76.9375 76.5625 76 76.375 76.0625 75.5625 75.375 76.125 76.1875 75.75 76.375 75.25 74.3125 72.625 71.0625 69.5625 69.0625 68.5625 67.8125 66.75 66 65.125 65.3125
80.625 79.875 79.375 78.625 78.4375 78.125 78.6875 79.9375 80.125 81.5 82.5625 83.375 84.4375 85.6875 86.125 85.875 85.75 85.0625 84.375 83.5625 82.9375 82.375 81.1875 80.6875 79.75 78.875 79.1875 79.875 80.125 80.5 81.25 81.625 80.1875 78.5625 78.0625 77.375 76.75 76.9375 77.1875 78.125 79.375 80.0625 80.875 80.375 79.875 78.875 78.5 77.875 78.125 77.8125 77.8125 77.5625 77 76.1875 76.125 76.9375 76.3125 76.25 76 75.3125 73.9375 73.0625 72.1875 70.625 69.125 68.625 67.8125 67 66.3125 66 66.25
81.0625 80.0625 79.25 79.5625 79.3125 79 79.125 79.625 80.875 80.25 82.25 83.1875 84.125 84.4375 85.625 86 85.3125 84.6875 83.375 83.1875 82.9375 82 81.3125 81.125 80.375 79.125 78.375 77.75 77.8125 79 79.3125 79.6875 79.4375 78.1875 77 76.1875 75.5625 75.125 76.1875 77.1875 78.9375 80.125 81 80.5 79.875 79.4375 78.875 78 78.125 77.375 77.625 77.875 76.9375 77 77.75 77.1875 76.875 77.125 76.125 75.3125 74.4375 72.4375 72 70.8125 69.8125 68.6875 67.6875 66.6875 66 66.6875 67
79.4375 78.625 78.625 79.375 80.125 80.0625 80.75 80.4375 80.8125 80.5625 81.9375 83.25 83.8125 84.125 85.125 85.1875 84.9375 83.75 82.875 82.375 82.1875 82.5 81.375 80.6875 80.25 79 78.0625 77.3125 77.375 77.5 78.0625 78 77.6875 77 76.6875 75.75 74.75 74 75.625 76.9375 78.125 78.625 77.8125 78.1875 79.1875 78.5 77.5625 76.3125 75.8125 76.9375 77.3125 77.1875 77.5 78 77.9375 77.1875 76.9375 76.75 75.9375 74.125 73.8125 72.1875 71 70.4375 70.0625 69.25 67.6875 67.0625 67.5 67.25 67.625
78.9375 78.125 78.125 80 80.5625 80.8125 80.5 79.8125 80.0625 81.0625 81.6875 82.9375 83.8125 84.6875 84.625 84.6875 83.875 83.5 82.8125 82.1875 81.9375 81.6875 81.25 80.6875 79.9375 79 77.625 76.75 76.25 75.9375 76.0625 76 76.125 76.0625 75.5625 75.625 75.0625 75.125 76.0625 76.6875 76.6875 76.3125 75.8125 76.1875 77 76.0625 75.75 75.1875 75.125 75.9375 76.375 76.75 78 78.125 78.5 78.25 76.9375 76 75.3125 73.875 72.75 71.625 71.0625 70.875 70.0625 68.875 67.5 67.1875 68 67.8125 68.3125
78.625 79.5625 79.8125 79.8125 80.0625 79.6875 79.125 79.75 80.4375 81.5 81.75 82.75 83.6875 84.3125 84.3125 84.1875 84.3125 83.5625 83.125 82.625 82.25 82.4375 81.875 80.5 79.375 77.9375 76.8125 76.0625 75.0625 74.1875 73.25 73.625 74.75 75.375 75.6875 75.5625 74.8125 74.5 74.625 75 75.75 75 75.1875 74.75 74.3125 74.25 74.75 77.3125 76.125 75.3125 75.625 76.3125 77.4375 78.0625 78.875 77.6875 76.375 75.375 74.4375 73.125 73.0625 72 71.3125 71 69.9375 68.9375 68.0625 67.5625 67.75 68.5625 69
78.875 79.5625 79.875 79.5625 79.375 79.875 79.1875 79.75 80.1875 81.0625 81.8125 82.8125 84.125 84.1875 84.875 84.875 84.6875 83.875 83.4375 82.5 82.0625 81.5625 80.875 79.375 78.375 77.5625 76.375 75.5625 74.5 73.625 73.125 73 73.8125 74.75 75.0625 75.125 74.5625 74.3125 74.9375 74.5 74.4375 73.3125 73.5 73.8125 73.9375 74.25 74.3125 75 73.8125 73.875 74.375 75.25 76.0625 77.25 77 76.25 75.5625 75.125 74 72.9375 72.5 71.8125 71.5 70.5 69.5625 68.5625 68 68.1875 68.4375 69 69.0625
78.9375 79 79.0625 78.9375 78.75 78.6875 78.5625 79.4375 80.0625 80.9375 81.8125 82.75 84.25 85.1875 85.5 85.5 85.375 83.9375 83.375 81.8125 81.8125 81.1875 80.125 78.6875 77.9375 77.3125 76.6875 75.625 74.8125 74.0625 73.9375 73.1875 73.5625 74.625 75.25 75.625 74.75 74.4375 74.5 74.0625 73.25 72.875 73.4375 73.1875 73.0625 72.5625 72.375 72.5625 72.5 73.0625 73.5625 73.8125 74.3125 75.125 75.75 75.4375 75.125 74 73.75 73.3125 72.6875 71.125 70.75 69.75 69.375 68.9375 68 68.25 68.875 69.375 69.8125
78.125 78.375 78.875 78.625 78.5 78.75 78.9375 79.5625 79.875 80.875 81.6875 83.0625 84.0625 85.375 86 85.8125 84.5 83.6875 82.3125 81.0625 80.8125 79.8125 78.625 77.5 77.25 76.875 77.0625 75.9375 74.9375 75 74.5 74 74.4375 74.9375 74.75 75 74.125 74.375 74.125 72.8125 72.5625 72.4375 72.3125 72.0625 72.25 72.1875 72.5625 72.5 73 72.9375 72.5 72.75 72.9375 73.4375 73.8125 74.375 73.75 73.125 72.8125 72.6875 72.25 71.1875 69.5625 68.875 68.875 68.125 68 68.5625 69.0625 69.6875 70.5
77.8125 77.5625 77.75 77.9375 79.5625 79.625 78.6875 79.3125 80 81.3125 81.625 82.1875 83.6875 84.5 85.1875 85.0625 84.1875 82.5 81.4375 80.375 79.4375 78.4375 77.3125 77.1875 76.9375 75.9375 76.3125 76.375 75.4375 74.75 74.6875 74.6875 74.5 74.25 74.5 74.25 74 73.625 73.5 72 71.8125 71.5625 71.9375 71.8125 71.375 71.6875 72.5 72.9375 72.375 72.0625 71.8125 72.5 72.75 72.75 72.75 72.4375 71.8125 71.25 71.9375 72 71.25 70.5625 69.6875 69 68.75 68 67.5625 67.625 68.625 69.9375 70.1875
76.4375 76.9375 77.25 78.0625 78.8125 77.9375 78.125 79.1875 79.8125 80.625 81.0625 81.625 82.9375 84.25 85.125 84.4375 82.9375 81.3125 80.3125 79.375 78.5625 77.75 77.625 77.375 76.625 76.0625 76 74.9375 74.625 74.25 74.3125 74.75 73.4375 73.25 73.4375 73.4375 72.6875 72.25 72.5 71.9375 71.625 72 71.6875 71.5 72.125 72 72.4375 72.25 71.625 71.375 71.125 71.0625 71.3125 71.625 71.25 71.625 71.5 70.9375 71.0625 70.625 70.3125 69.9375 69.75 69.125 68.75 68.1875 67.8125 67.8125 67.625 69.1875 69.5
76.9375 77.375 77.75 78.1875 77.4375 77.25 77.625 77.875 78 79.25 80.75 81.8125 82.5625 83.75 84.8125 82.9375 81.5625 80.0625 81.25 80.4375 79.875 79 78.625 77.75 78.0625 76.625 75.875 75.0625 74.4375 74.75 75.25 75 74.4375 73.9375 73.875 72.875 72.5 72 71.8125 72.25 72.0625 71.8125 71.875 72.125 72.25 71.5 72.5 72.5625 71.75 70.8125 70.5 70.5625 70.125 70.3125 70.5 70.3125 70.625 70.1875 69.875 69.6875 69 68.9375 68.875 68.1875 67.6875 67.1875 66.625 66.5 66.5625 68.4375 68.75
78.375 77.5625 77.5 77.1875 76.9375 76.5 77.125 77.6875 78.0625 78.5625 79.5 80.0625 80.5 81.8125 81.75 81 80 79.625 80.4375 80.625 79.8125 79.3125 78.1875 77.4375 77.0625 77.25 76.4375 76.125 75.6875 76.1875 75.125 74.375 74.1875 73.5 73.25 72.75 72.375 71.625 71.9375 72.0625 71.875 72 72.0625 72.0625 71.6875 72 72.625 71.8125 71.0625 70.375 70.125 69.6875 69.3125 68.5625 68.4375 69 68.9375 68.8125 69.125 68.9375 69.0625 68.125 68.1875 67.5625 66.5625 65.4375 65.375 64.75 65.75 67.8125 68.125
78.0625 78.0625 77.875 76.5625 76.5625 76.75 76.9375 76.8125 77.0625 77.875 78.3125 78.5 78.8125 79.1875 79 78.875 78.5 78.9375 79.75 80.25 79.9375 79.5 78.6875 78.5625 77.3125 75.875 76.0625 76.1875 75.5625 75.625 75.4375 75.4375 75.25 74.9375 74.1875 73.1875 72.5 71.5 71.125 71.6875 71.625 71.25 71.875 71.9375 71.4375 71.9375 72 71.875 71.0625 70.25 69.3125 68.6875 67.9375 67.25 66.6875 66.9375 66.875 67.375 68.5625 68.625 68.9375 68.375 67.4375 65.875 65.4375 64.6875 64.1875 64 65.25 66.375 67
76.9375 77 76.625 75.875 76.125 76.3125 76.8125 76.4375 76.6875 76.75 76.875 76.875 76.8125 77.1875 78.125 78.25 78.8125 79.1875 79.875 80.8125 80.375 79.4375 79.625 78.9375 77.6875 76.625 75.6875 75.75 75.125 75.6875 75.5625 76.1875 75.9375 75.25 73.75 73.3125 72.375 71.4375 71.25 71.6875 71.75 71.9375 72.5625 72.125 71.1875 71 70.375 70.4375 69.75 68.6875 68.125 67.5625 67.6875 67.375 66.4375 65.9375 65.5625 66.9375 67.8125 68.1875 69.0625 68.1875 67.375 66.125 65.25 64.4375 63.5625 63.625 65.0625 65.75 66.25
