input_data/future_climate/CNMR_585/_bio19_a.asc
ncols  331
nrows  193
xllcorner  17.833372883333
yllcorner  37.9999896166667
cellsize 0.1666667
NODATA_value  -9999
[rows 120 to 149 of 193, columns 207 to 275 of 331]
61.375 61.3125 61.4375 61.75 61.3125 61.625 62.8125 63.5625 64.6875 65.1875 65.875 67.125 68.3125 69.25 70.3125 71.875 73.5 74.625 75.9375 76.9375 77.75 79 79.875 79.75 79.25 80.5 80.0625 79.625 78.0625 76.375 76 75.5625 75.375 74.875 73.5625 71.375 70.3125 68.875 68 66.9375 66 65.6875 64.1875 63.6875 62.5625 60.8125 59 57.875 57.3125 55.6875 53.4375 51.1875 50.625 49.375 49 48 47 46.8125 46.375 46.3125 45.9375 45.4375 45.3125 45 45.375 45.3125 45.375 45.5 45.75
60.8125 60.1875 60.3125 60.6875 61 61 60.75 61.5625 63.25 63.625 64.25 65.1875 66.75 68.1875 69 70.6875 71.6875 73.25 74.25 74.9375 75.6875 77.125 77.625 77.5625 77.625 78.375 78 77.125 76.4375 75.8125 75.3125 74.0625 73.125 72.5 71.0625 70.1875 69.4375 67.9375 67.1875 66.5 65.875 64.375 63.125 62.75 60.875 59.4375 56.875 55.8125 54.6875 52.5625 51 49.875 48.5 48.625 48.0625 46.75 46 45.9375 45.375 45 45 44.875 44.4375 44.1875 44.0625 44.6875 45 45 44.8125
59 58.875 58.75 59.0625 59.3125 59.4375 59.25 59.875 60.9375 61.625 62.9375 63.5 65.25 66.5 67.5 69 70.0625 71.25 71.9375 73.375 73.875 74.5625 75.25 75.5625 76 76.375 76 75.9375 75.5 74.875 73.5625 72.375 71.375 70.875 70 69.375 67.75 67 66.75 65.5 64.5625 63.3125 62.5625 61.0625 59.625 57.0625 55.625 54.125 53 50.75 49.9375 48.4375 47.9375 47.25 46.75 46.125 45.625 44.6875 43.9375 43.4375 43.5625 43.9375 43.8125 43.8125 43.75 43.6875 44.1875 44 43.125
57.3125 57.625 57.375 57.8125 57.9375 58.5 58.5625 58.5625 58.75 60.125 61.875 62.6875 63.75 65.75 66.0625 67.3125 68.75 69.1875 69.9375 71.4375 71.625 72.625 73.3125 73.8125 74.25 75.25 74.875 74.625 73.75 72.5 71.625 70.6875 70.1875 70.0625 69.625 68.0625 67 66.75 65.8125 65.125 64.125 62.5 61.3125 59.3125 57.625 55.5 53.4375 52.1875 50.3125 50 48.4375 47.3125 46.75 46.3125 45.0625 44.625 44.25 43.25 42.75 42.4375 42.375 42.1875 42.375 42.25 42.4375 42.625 42.8125 43.5 43
55.5 55.75 55.75 55.6875 56.375 56 56.1875 56.875 57.625 58.0625 59.75 61.3125 62.6875 63.5 64.8125 65.3125 66.25 67.75 68.1875 68.625 68.9375 69.8125 70.0625 70.25 70.8125 71.625 72.4375 71.8125 71.25 70.75 70.1875 69.75 69.0625 68.5625 67.3125 66.9375 66.3125 65.4375 64 63.3125 61.9375 61 58.875 57.75 54.625 52.9375 50.9375 49.625 49.1875 47.8125 46.4375 45.4375 45.1875 44.125 43.125 43.625 42.75 42.1875 41.4375 41.3125 41.25 42 41.9375 42 42.0625 42 42.375 41.5625 42.75
54 53.625 53.6875 53.8125 53.6875 54.375 54.4375 55 55.25 55.8125 57.5 59.375 60.5 60.9375 62.6875 63.5 63.9375 64.875 65.4375 65.9375 66.8125 67.4375 67.5625 68.3125 68.4375 68.375 69.9375 70.125 69.375 69.1875 68.4375 67.4375 66.6875 66 65.9375 65 63.8125 63.0625 62.375 61.5625 60.5 58.625 57.5625 54.375 53.25 51.25 49.5625 48.875 47.3125 46.125 45.5 44.625 42.8125 42 41.875 41.625 40.0625 40 40 40 39.875 40.25 39.875 41.4375 41.0625 42 42.1875 41.4375 41.9375
52 52 52 52.125 52.1875 52.625 53.5 53.875 54.4375 54.875 55.625 57.25 58.6875 59.25 61.125 61.5625 61.875 62.5625 63.375 64.375 64.625 65.1875 65.6875 65.625 66.125 66.75 67.5625 68.25 68.25 67.1875 66.0625 64.875 64.0625 62.5625 62.4375 62.3125 61.6875 61.625 61.875 60.4375 58.625 57.0625 54.5 53.3125 50.875 49.9375 48.8125 47.0625 46 45.625 43.75 43.0625 42.125 41.5625 40.75 39.625 39.5 39.3125 39.25 38.625 39.1875 39.0625 39.25 39.0625 39.9375 40.4375 40.0625 40.375 41
49.9375 50.1875 50.5 50.4375 51 52.3125 52.125 52.375 52.125 52.625 54.3125 55 55.875 57.3125 58.5 58.75 59.375 60.125 61 61.125 62.25 62.8125 63.25 63.4375 63.75 64.5 64.75 64.1875 64.8125 64.875 63.4375 63.0625 62.125 61.1875 60.8125 60.1875 60 60.4375 60.4375 59.3125 57.3125 54.6875 52.875 51.3125 50.0625 48.5625 47.25 46.125 45.4375 44 42.9375 41.9375 41.4375 40.1875 39.1875 39 39 38.25 37.9375 38.3125 38.625 39.0625 39.0625 39 39 39 38.625 39.5 40.6875
48.5 48.625 49.125 49.375 49.875 50.75 50.9375 51.0625 51.375 51.5625 52.6875 53.625 54.8125 56.125 57.125 57.75 58.0625 58.125 58.75 59.75 60.125 60.375 61.0625 61.875 62.125 62.25 62.375 61.875 62.3125 62.5625 61.625 61.1875 60.1875 59.5 58.9375 59 59.125 59.6875 59.8125 57.875 55.5625 52.4375 51.5 49.5 49 47.25 46.375 45.0625 44.5625 42.75 41.875 41.0625 39.5625 38.4375 38.25 37.4375 36.5625 37.125 37.1875 37.75 38 38 38.5625 38.625 38.9375 39 39.0625 39.6875 40
47.0625 47.25 47.375 47.75 48.25 48.375 49.1875 49.75 50.0625 51 51.25 52.375 53.125 54.25 55.3125 56.25 56.875 57.3125 58 58.0625 58.5 59.25 59.125 59.25 59.8125 60.5625 60.1875 59.75 59.375 59.8125 59.5625 58.875 58.3125 57.75 57.25 57.3125 58.3125 58.9375 57.375 55.3125 52.5625 51.5625 49.875 49 47.875 46.25 45.875 45 43.0625 42 41.0625 40.0625 38.1875 37.6875 36.3125 36.1875 36.625 36.0625 36.1875 36.5625 37.6875 38.3125 38.0625 38.4375 38.75 39 39 40 40.0625
45.0625 45.1875 45.125 45.6875 46.5625 47.25 47.1875 47.8125 48.75 48.9375 49.9375 50.5625 50.9375 51.5 53.125 54.375 54.8125 55.25 56 56.875 56.9375 57.0625 57.6875 58.125 58.5 58.75 58.6875 58.25 57.625 60.5625 57.9375 56.6875 56.1875 55.9375 55.875 55.9375 57.4375 56.8125 54.875 52.6875 51.4375 50.375 48.875 47.9375 46.4375 46 45.625 44.8125 42.3125 41.875 40.9375 39.5625 37.9375 36.375 36.0625 36.3125 36.125 36 36 36.125 36.8125 37.9375 38.0625 38.6875 38.6875 38.4375 38.625 39.0625 39.875
43.6875 43.8125 44.1875 44.5 44.8125 45.375 45.9375 46.3125 46.875 47.4375 48.875 49 49.1875 50.125 51.1875 52.25 52.625 53.9375 54.625 55.375 57.25 55.5 55.875 56.0625 56.125 56 56.125 55.875 55.375 55.8125 56.0625 55 55.0625 54.75 54.25 54.4375 55 53.8125 52.1875 51.1875 50.25 48.875 48.1875 46.875 45.8125 45.3125 44.75 43.9375 42 41.625 39.875 38.0625 37.125 35.5625 35.3125 35.4375 35.9375 36 36 36.125 36 36 36.0625 36.6875 37.875 37.6875 38 38.5625 40.125
41.5 41.875 42.4375 42.5 42.625 43.125 43.75 44.3125 45.25 45.9375 46.4375 47.3125 48.125 48.75 49.125 49.9375 50.5 50.75 51.75 52.3125 53.3125 53.8125 53.8125 54.1875 54.4375 54.375 54.5 54.125 54.5 54.9375 54.625 53.75 53.8125 53.5625 53.3125 52.6875 52.0625 51.6875 50.9375 49.5 48.25 48 47.4375 45.375 45 44.8125 43.75 42.75 41.3125 39.9375 38.8125 37.75 36.1875 35.5 35 35 35.125 35.5 35.9375 36 36 36 35.875 36 36 36.5 37.5625 38.125 39.0625
40.25 40.75 41 41.0625 41.5 41.875 42.3125 43 43.5 44 45.25 45.8125 46 47.125 47.75 48.3125 49.3125 49.5625 50 50.125 51 51.75 52.125 52.25 52.25 51.625 51.8125 51.9375 51.5 51.75 52.75 51.9375 52.1875 51.9375 51.75 51.3125 50.5625 50.0625 48.8125 48 47.6875 46.3125 45.1875 45 45 44.25 42.5 41.1875 41 39.625 38.125 36.4375 35.9375 35 35 35 35 35 34.9375 35.3125 35.375 36.125 36.4375 36.1875 36.125 36.9375 37 37.5 39
37.9375 38.6875 39.1875 39.25 39.625 40.25 41.125 41.875 42.0625 42.375 43.3125 44.0625 44.4375 45 45.75 46.75 47.375 48.25 49 48.9375 49.4375 48.6875 49.4375 49.75 50.1875 50.375 50.6875 50.5625 50.125 50 50.1875 49.875 49.75 50.1875 50.125 49.9375 49.1875 48.1875 47.875 46.9375 45.3125 45.0625 44.75 45 44.1875 42.6875 41.9375 41 40.75 38.8125 37.375 36.0625 35.8125 35.25 35 35 35 35.0625 34.5625 34.5 34.4375 35 35.625 36.0625 36.25 36.8125 37 37.875 38.625
36.9375 37.125 37.4375 38.6875 39 39.125 39.25 39.25 40.3125 41.6875 42 42.4375 42.6875 43.5 44 44.3125 46 47 47 47.375 47.25 47.4375 47.5625 48 48.0625 48 48 48 48 48 48.1875 48.25 48.3125 48.75 48.8125 48.375 47.5625 46.6875 45.625 45 44.75 44.1875 43 43.125 42.0625 41.9375 41.125 40.3125 39.125 38.1875 36.4375 36 36.3125 35.5625 35 35 34.875 34.9375 34.625 34.25 34.25 35 35.1875 35.5625 35.8125 36.375 36.5 37.6875 38.875
35.0625 35.6875 35.5 36.25 37.5 38.5625 38.5 38.875 39 39.6875 40.4375 41.0625 41.8125 42.0625 42.75 43.125 44.625 44.875 44.9375 44.6875 45.125 45.375 45.4375 46 46.5625 46.875 46.75 46.375 46.25 46.75 45.75 46.5 46.6875 47.3125 47 46.5625 46.1875 45.0625 44.4375 43.8125 42.5 43.0625 42.1875 42 41.75 41.375 39.9375 38.875 38 37.9375 37.8125 36.875 36.25 35.5 34.9375 34.75 35.0625 34.3125 34 34.125 34.25 34.625 34.9375 34.6875 35.3125 35.875 36.4375 37 37.5625
33.9375 34 34 34.375 35 35.75 36.8125 37.125 37.8125 38.625 39.125 39.4375 40.0625 40.3125 40.6875 40.9375 41.9375 42.875 43.375 43.4375 43.8125 44.375 44.75 44.8125 44.9375 45.125 44.75 44.75 44.75 44.9375 44.5625 44.5625 44.375 44.875 45.0625 44.9375 44.4375 43.4375 42.875 42.0625 41.8125 41.8125 41.5 41.25 41 41.3125 39.5625 38.1875 37.625 37.1875 36.6875 36 35.9375 34.875 34.3125 34.1875 34.3125 34 34.0625 34.4375 34.5625 34.25 34.1875 34.1875 34.8125 35.4375 36.625 36.3125 36.875
33.25 33.625 33.9375 34 34 34.5 35.125 36.0625 37.3125 38 38.0625 38.75 39 39.1875 39.6875 40.1875 40.4375 40.4375 41.4375 42.1875 42.375 42.5625 43 42.8125 42.75 43.125 43.125 43.875 44.0625 43.8125 43.75 43.5 43.75 44.0625 43.9375 43.6875 42.5625 41.4375 41.125 41 40.9375 42.5625 40.875 40.75 40.625 39.9375 39.0625 38.5625 37.125 36.3125 36.0625 35.9375 36.0625 36.6875 34.6875 34 34 34 34 34.25 34.1875 34.25 34 34.5 35.125 36.5625 36.6875 37.0625 38.5
32.75 31.375 32.5625 32.5625 33.5625 34 34 34.375 36.1875 36.875 37.75 37.4375 37.5 38.375 39.1875 38.6875 39.5625 39.875 40 40 40.4375 41.0625 41.375 41.75 41.6875 41.9375 42 42.0625 42 42.625 43.8125 43.25 42.875 43.5 42.5625 41.375 41.1875 40.9375 40.5 40 39.125 39.125 38.9375 39 38.4375 38.5625 39 37.5625 35.9375 36.1875 36.8125 36.5625 35.4375 34.1875 33.9375 34.1875 34.3125 34.1875 33.4375 34 34 34 34.1875 34.875 35.625 36.25 36.8125 37.0625 37.5625
30.5 31.0625 31.0625 31 32 32.875 33.75 34 34.9375 35 36.6875 37 36.875 37.1875 37.3125 37.25 37.4375 37.3125 38.8125 39.75 39.9375 40 40.125 40 40.25 40.6875 41.0625 40.9375 41.4375 42.25 43.0625 42.3125 41.875 41.5625 40.8125 40.4375 39.625 38.875 38.25 38.375 38 38 38 38 37 37.6875 37.6875 35.4375 34.75 35.3125 35.6875 35.5625 35.1875 34.8125 34.875 36.0625 35.125 34.125 34.0625 34 34 34 34 34.375 34.5625 35.5 36.625 37 37.75
29 29.3125 30.0625 30.875 31 31.375 32.25 33.5625 34.3125 34.625 35 35.125 34.875 35.375 36.125 36.5 36.6875 37.125 37.375 38.25 39.25 38.875 38.8125 39.125 39.75 40.4375 41.375 41 41 41 41.3125 42.4375 40.625 39.6875 39.8125 38.875 37.875 38.1875 38 38.125 37.4375 37 36.6875 37 35 35.5625 34.0625 32.25 34.1875 33.6875 33.8125 33.6875 33.1875 33.75 34.3125 34.6875 32.9375 33.75 33.8125 33.8125 34.125 34.0625 34.1875 34 34.25 35.1875 36.875 37 37.8125
28.25 28.1875 28.625 29.5625 30.3125 31.4375 31 31.25 32.5 32.0625 34 34.125 34.375 34.3125 34.9375 36.8125 37 37.75 38.25 37.9375 38.0625 38.375 38.625 39.75 40.125 40.625 41.125 41.0625 41 40.9375 40.375 39.9375 39 39 38.3125 38 37.8125 37.6875 37.6875 36.3125 35.6875 35.1875 35.0625 35.375 34.875 34.375 32.625 33.0625 32.6875 30.9375 30.75 32 32.3125 33.4375 33.625 32.75 32.375 33.25 32.9375 33.75 33.9375 34.125 34.375 34 34.375 35.125 35.5 36.625 37.25
28 28 28 28 28.4375 30.625 31 31 31 31.125 32.0625 32.625 34.125 34.0625 34.5 34.8125 35.1875 36.0625 37.1875 37.5625 37.5 37 38.5625 39.25 39.75 39.8125 39.9375 40.0625 40.125 40 39.125 38.75 38.375 37.625 37.375 37 36.75 36.75 36.125 35.3125 34.5625 34.5625 34.625 33.75 33.875 34.1875 34 33.5 34.5625 33.875 33.1875 31.3125 32.3125 32.8125 32 31.625 31.6875 32.875 32.875 32.9375 33.8125 34.25 34.1875 34.125 34 35 34.9375 36.625 37.25
27.6875 28 28 28 28 29 30.125 30.875 31 31 31.5 32.5625 33.125 33.6875 34.1875 34.375 34.8125 35.875 36 36.0625 35.9375 36.0625 36.4375 37.5 38.5 38.625 39.1875 38.9375 38.5625 38.5625 38.125 37.8125 37.625 37.25 37.0625 36.125 35.875 35.4375 35.0625 34.1875 33.0625 32.875 33 34.5 34.6875 33.75 33.0625 33.1875 33.75 33.375 34.3125 34.3125 34.4375 33.25 32.1875 32.625 32.5625 32.9375 33.25 33.125 34.25 33.8125 34.3125 34.5625 34.5625 35.3125 35.8125 36 36.875
26.8125 27.125 27.0625 27.125 27.9375 28 28.1875 30.125 31.125 30.75 30.5 31.4375 31.8125 32.5625 33 33.9375 35 35.4375 34.9375 35.25 35.3125 35.625 36 35.5625 36.3125 37.875 37.9375 38 37.9375 37.625 37.3125 36.5 36 34.6875 34.375 34.25 33.625 33.0625 33.8125 32.8125 31.4375 31.4375 34.0625 39.4375 32.25 33.1875 34.8125 35.1875 33.4375 34.3125 34.9375 34.375 33.0625 32.125 31.75 32.5625 32.5625 33.5625 33.125 34.1875 33.25 34.1875 34.3125 34.9375 35.0625 35.75 36 36 36
25.6875 26.25 26.4375 26.625 27.9375 28 28 28.0625 29.3125 30.125 30.0625 31.375 31.9375 32 32.0625 32.6875 33.625 34.375 34 34.4375 34.3125 34.0625 34.6875 35.375 35.9375 37 37.3125 37.625 36.8125 36.625 35.625 35.3125 34 34.125 33.25 33.0625 33 33.25 28.9375 30 34.3125 35.3125 35.6875 33.5625 34 37.3125 36.4375 37.8125 34.8125 34.9375 35.6875 34.125 31.75 32.75 33.3125 33.0625 33.0625 33.1875 33.1875 33.875 34.1875 34.5 35.25 35.25 35.0625 35.9375 36 36.3125 37.1875
24.6875 25.125 25.6875 26 27.3125 27.5625 27.6875 28.375 28.5 27.75 28.0625 29.375 31.4375 31.875 31.9375 32 32.125 32.5 32.5 32.9375 33 33 33.0625 34.0625 35.5 36.5625 36.875 36.6875 35.625 35.0625 34.875 34.5625 34 34 33.5 33.0625 33.125 32.125 28 34.5625 39.375 38.4375 29.4375 27.125 30.75 30.9375 33.75 37.0625 34.3125 34.75 34 34.75 31.625 31.1875 31.6875 32.25 32.5625 33.125 32.625 32.5625 32.875 33.6875 33.875 34.4375 35 35.625 36 36.375 37.5
24.625 24.625 24.8125 25.125 26.0625 26.5625 27.125 27.5625 28.3125 27.125 26.375 26.875 28.8125 30.1875 31.375 32 32.5625 32.625 32.0625 32.0625 32.5 33.0625 33.375 34.5625 35.1875 36.25 36.25 36.0625 35 35 35 34.25 33.25 32.8125 31.875 32.4375 33 29.375 35.1875 40.25 40.25 38.125 31.625 28.1875 26.1875 27.5625 30.625 34.125 33.3125 35 35.875 34.875 34.9375 32 31.9375 32.125 33.25 33.1875 32.125 32 32.3125 33.4375 34.75 34.5625 34.9375 36 37.9375 37.625 39.875
24.75 25.125 26.4375 26.8125 26.375 26.875 26.5625 26.6875 28.375 28.3125 26.875 26.0625 28.9375 31.0625 30.8125 31.1875 32.0625 32.5 32.1875 32 32.0625 33.125 33.25 34.5 35.375 36 36.25 36.1875 35.25 34.9375 34.5 33.5625 33 32.875 32.1875 31.8125 29.4375 26.25 34.6875 39.5 39.8125 35.4375 33.8125 26.5 26 27.875 31.4375 35.125 33.9375 34.9375 35 37 37.9375 33.4375 32.5625 32.625 32.75 32.3125 32.25 32.125 32.6875 33.625 34.625 34.5625 35 35.875 38.1875 38.875 39.5
