input_data/future_climate/CNMR_585/_bio13_a.asc
ncols  331
nrows  193
xllcorner  17.833372883333
yllcorner  37.9999896166667
cellsize 0.1666667
NODATA_value  -9999
[rows 96 to 127 of 193, columns 0 to 70 of 331]
73.0625 74.375 75.375 75.75 74.9375 74 74.8125 77.4375 79.625 82.5625 84.25 84.375 84.8125 84.375 85.8125 85.625 83.8125 82.125 78.25 72.5 67.875 65.8125 67.75 69.4375 72.0625 73.625 74.6875 76.0625 77.1875 77.875 78.6875 78.4375 78.9375 79.125 79.1875 78.8125 78.9375 78.875 79.1875 79.125 79.4375 78.875 78.1875 78.125 78.3125 77.875 77.125 76.875 77.75 76.875 77.125 77.1875 77 76.6875 76.8125 77.9375 77.375 79.3125 81.0625 81.5 81.5 81.0625 80.875 81.1875 80.8125 80.375 80 79.3125 79.6875 79.0625 78.25
71.8125 73.375 74.875 75.4375 75.3125 74.9375 76.0625 79.0625 81.5625 84.1875 85.6875 86.5 87.375 87.1875 86.875 85.8125 84.1875 81.375 77.875 72.375 67.6875 65.875 65.75 68.375 71.1875 72.4375 73.0625 75 76.4375 76.8125 76.9375 78.125 78.4375 78.5625 78.375 78.0625 78.5 78.8125 78.5625 78.4375 78 77.625 77 76.625 77.375 77.3125 77 77.5625 77.3125 77.1875 77.5625 77.4375 77.5 77.375 78.125 78.5625 78.75 79.3125 81.625 82.625 82.0625 82.1875 80.625 80.625 80.125 80.0625 79.875 79 79.625 78.6875 77.9375
71.6875 73.5 75.3125 76.0625 75.8125 75.375 76.125 79.5 81.75 83.75 84.8125 85.4375 86.25 86.8125 86.75 86.3125 83.3125 80.0625 77.4375 72.75 68.5625 67 66.4375 67.8125 70 71.8125 73.25 74.125 74.625 74.25 75.375 76.6875 77.375 77.4375 78.125 77.3125 76.6875 76.6875 76.625 77 76.6875 76.125 77.125 76.5625 77.3125 78.125 78.4375 79.5 78.625 77.375 76.8125 76.9375 76.8125 76.375 76.9375 77.25 77.75 79.0625 80.125 80.25 79.0625 78.875 79.3125 79.375 79 79.25 78.875 78.3125 78.8125 78.625 78.5
72.25 75.125 76.25 76.5625 75.9375 74.0625 76.875 78.1875 79.9375 81.1875 82.75 84.6875 87.1875 86.8125 86.4375 85 83.125 79.4375 76.375 73.1875 70 68.5625 68.6875 70.125 70.875 72.75 72.875 73.5 73.8125 73.3125 74.5 76 77.8125 77.375 77.3125 77.25 76.875 75.75 75.75 75.75 75.5 76.9375 77.25 77 77.8125 79.1875 80.75 82.1875 80.4375 78.5625 76.3125 76.0625 75.6875 75.4375 76.5625 75.6875 76.5625 77.6875 77.9375 78.125 77.8125 77.5625 77.8125 78 78.125 77.8125 78.25 77.875 78.625 78.625 78.25
73.875 75.8125 76.9375 75.5625 74.8125 74.1875 75.5625 76.8125 78.3125 80.3125 81.5625 82.5625 84.875 85.375 84.9375 83.6875 81.25 78.625 75.9375 72.1875 70.1875 68.125 68.375 69.375 70.3125 72.375 72.625 72.1875 72.3125 73.75 75.25 76.3125 77.5 77.25 77.375 76.625 75.25 74.9375 74.8125 74.5625 75.5 76.4375 78.0625 78.1875 79.3125 80.1875 80.5 81.25 80.75 79 76.9375 76.5625 75.875 75.25 75.5625 76.5 76.75 77.5 77.9375 77.4375 77.625 77.5625 77.1875 77.8125 77.3125 77.5 77.4375 77.8125 77.75 77.8125 78.0625
75.25 77.25 76 75.75 76.25 75.9375 75.6875 76.625 77.9375 79.0625 79.9375 81.625 82.375 83.25 82.3125 81.625 78.875 75.9375 72.9375 71.125 69.75 69.5 68.75 68.5625 69.25 71.5 72.1875 71.625 72.125 73 74.3125 76.75 77 76.8125 76.25 75.6875 75.3125 75.9375 75.625 76.1875 76.8125 76.6875 78.25 78.0625 79.4375 80.875 80.9375 80.625 79.375 77.625 76.875 76.6875 75.8125 75.875 75.6875 75.9375 76 75.875 76.5625 76.75 77.3125 77.125 77.5625 78 77.9375 77.9375 77.6875 77.5 77.875 77.375 77.125
73.8125 75.1875 75.375 75.0625 75.4375 75.125 74.5 75.0625 76.0625 77.25 78.9375 78.8125 78.75 80 79.625 78.375 75.875 74.125 71 69.5625 69 68.5 68.5 68.6875 69.1875 70.75 70.25 71.4375 71.5 71.8125 72.5 74.6875 75.8125 76.1875 75.6875 75.6875 75.5 75.6875 75.875 76.1875 77.3125 78.4375 78.25 79 79.125 80.5 81.5625 81.5 79.6875 78.75 78 77.125 76.5625 76.3125 75.625 75.625 75.1875 75.1875 75.125 75.9375 77.1875 77.1875 78.125 78.1875 78.125 78.625 78.4375 78.125 77.9375 77.0625 77.375
73.0625 74 74.3125 74.3125 74.4375 73.8125 73.5625 73.875 74.75 75.5625 75.6875 75.625 76.1875 77.0625 75.875 74.5 73.0625 71.125 68.75 68.0625 68.25 68.0625 68.375 68.8125 69.875 70.625 70.875 71.8125 71.6875 71.4375 71.625 73 73.75 74.3125 74.4375 74.1875 74 75.0625 76.3125 77.4375 77.6875 77.875 77.9375 78.4375 78.875 79.75 80.625 81.5 80 79.75 79.1875 78.3125 77.3125 76.75 75.125 75.25 75.6875 76.0625 75.625 75.75 76.75 77.5625 78.9375 78.875 78.3125 78.3125 78 78.125 78.1875 77.5625 77.375
71.9375 72.3125 72.625 72.5625 73.25 73.4375 72.875 72.375 72.9375 73.1875 73.6875 74.25 74.0625 73.8125 72.75 71.6875 71 69.0625 67.1875 66.3125 66.875 67.4375 68.8125 69.6875 70.125 70.75 71 71.625 71.875 71.8125 71.875 71.4375 71.9375 72.625 73.375 73.4375 74.0625 75.0625 75.375 77.4375 78.625 78.875 78.625 79 79.125 79.625 80.0625 79.875 79.0625 78.8125 79.125 78.9375 78.1875 76.625 76.125 76.25 76.75 76.875 76.5625 76.9375 76.75 77.5625 79 78.3125 78.75 78.5625 77.875 78.3125 78.4375 77.875 77.4375
71.0625 71.3125 71.5 71.3125 72.375 72 72.125 71.0625 70.375 71.1875 71.125 72.25 72.4375 72.0625 71.5 71 69.6875 68.125 66.25 65.125 66.375 67.9375 68.625 69.375 70.625 72 72.125 71.9375 72.3125 72.4375 72 71.25 70.875 71.4375 71.4375 73.125 74.5 75.4375 75.8125 76.875 77.375 77.0625 77.0625 78.5625 79 79.4375 79.9375 81 80.625 79.4375 78.9375 79.0625 78.625 76.625 77.125 77.4375 77.8125 77.9375 78.1875 78.4375 78.8125 79.75 79.6875 78.8125 78.875 78.5625 78.625 78.75 78.875 78.8125 77.625
70.0625 70.25 70.625 70.9375 71.1875 70.9375 71.875 70.9375 70.75 71.125 70.9375 70.5 69.625 70.0625 70.375 70.0625 69 67 65.1875 64.625 66 67.375 69 70.75 71.5 73.25 73.6875 73.1875 72.125 70.8125 71.125 71.0625 70.1875 69.875 70.6875 72 73.5625 75.375 76 75.9375 76.9375 76.8125 77.25 78.3125 78.5625 78.5625 79.25 80.625 81.4375 81.4375 80.375 78.8125 77.9375 77.3125 77.8125 78.1875 77.875 78.75 79.375 79.875 79.875 80.625 81.25 80.125 79.375 78.875 79 78.75 79.125 78.875 78.0625
68.5 68.4375 68.625 69 70.0625 70.1875 71 70.8125 70 70.5 70 69.75 69.3125 69.4375 69.9375 69.0625 68.875 68.5 69.5625 68.125 67.8125 69 71.3125 72.625 72.5625 73.6875 74.6875 74.125 72.1875 70.6875 71.375 71.9375 70.5 69.625 70.5625 72.6875 72.5 72.9375 73.4375 74.25 75.0625 75.5625 76.6875 77.6875 78.6875 78.875 79.8125 80.9375 80.875 80.625 79.625 78.9375 77.9375 77.6875 78.0625 78.9375 79.0625 79.25 80.0625 81.8125 82.625 81.6875 80.8125 79.5625 79.5625 79.0625 78.75 79.25 79.1875 78.6875 78.375
67.25 66.75 68.0625 68.9375 69.9375 69.625 69.8125 70.125 70.5625 70.75 71.0625 70.5625 70 70.0625 70.1875 70.1875 70.75 71 72 70.4375 68.875 69.9375 71 71.625 71.8125 73.375 74.1875 72.5 70.6875 70 72.625 74.1875 72.5 70.0625 68.8125 71.875 72.625 73 72.8125 73.375 74 74.8125 75.1875 76.5 77.5625 78.4375 79.625 80.125 80.3125 80.5 79.625 78.8125 78.25 78.25 78.5625 78.8125 79.0625 79.8125 80.4375 81.4375 81.625 81.0625 79.5625 79 79.125 79.5625 79.625 80 79.5625 79.625 78.1875
66.375 66.875 67.6875 69.4375 69.5625 69.6875 70.1875 71 72.4375 73.375 73.125 72.75 72.8125 72.1875 71.4375 73 73.5 72.9375 71.5625 70.25 68.8125 69 70.0625 70.5625 71.25 71.875 71.25 70.5 69.3125 70.125 72.1875 74.1875 72.5625 70.125 69.625 71.0625 72.9375 73.0625 73.25 73.6875 74.8125 75.4375 75.75 76.9375 77.375 79.125 80.125 80.625 80.125 79.25 79.5625 80.25 80.5625 80.625 81.125 80.25 80.5625 81.0625 82.375 82.875 82.5 81.5625 79.4375 79.1875 79.9375 80.8125 81.3125 82 81.25 80.25 78.5625
68 67.0625 68.3125 69.4375 70.0625 70.1875 71.375 72.625 73.8125 75.0625 75.5 74.6875 74.25 73 72.125 72 72.25 71.5 71.625 70 68.9375 68.3125 69.375 70.375 69.5625 69.125 68.0625 67.25 66.9375 68.8125 71 72.5625 72.625 71.6875 71.25 72.1875 73.1875 73.75 73.8125 73.9375 73.875 73.8125 75.1875 76.625 78 79.25 79.6875 79.75 80.5 81.1875 81.25 81.625 82.5 82.4375 83.3125 84.0625 84.625 84.6875 84.25 83.625 82.375 81.5625 79.875 79.75 80.25 81.1875 81.6875 81.9375 81.125 80 78.0625
70.8125 69.75 70 71.4375 72 72.375 72.9375 73.75 74.4375 75.8125 75.125 74.375 74.5625 74.125 73.375 72.4375 72.125 72.125 71.375 70.25 69.5 69.8125 68.9375 67.75 66.4375 65.5 65.3125 64.875 65.4375 66.9375 69.1875 71 71.9375 72.1875 72.375 72.375 73 73.9375 74.125 74.4375 74.1875 74.25 75.125 76.75 77 78.125 80.125 80.625 80.625 81.625 82.875 83.9375 83.6875 84.125 83.875 83.6875 84.75 85.5 85.375 84.6875 83.5 82.875 82.25 81.8125 82.375 83.125 82.4375 82.625 82.3125 80.8125 79.5
74.5 72.4375 72.4375 73 74.0625 74.1875 73.1875 74.0625 75.875 77.0625 76.1875 76.625 76.0625 76 74.5625 74.5 74.625 73.375 73.3125 73.5 72.25 71.3125 70.3125 68.3125 65.9375 64.9375 63.6875 63.375 64.9375 66.9375 68.8125 70.5 71.25 72.25 72.9375 73.5625 74.25 75.3125 75.5625 75.3125 75.3125 74.75 75.1875 77.375 77.9375 78.9375 79.5625 80 81.125 82.5 82.625 83.1875 84.3125 85 85.1875 84.9375 86.375 86.9375 87.125 86.4375 84.25 84.3125 84.375 83.625 84.4375 84.625 84.0625 84.125 84.375 83.1875 81.1875
76.375 75.0625 75.4375 76.0625 77.5 75.75 75.75 76.9375 77.6875 79.0625 78.75 79.1875 79.3125 78.375 76.9375 77.1875 78.875 77.6875 76 75.1875 73.9375 72.4375 71.0625 68.9375 66.875 66.3125 64.6875 63.8125 65.4375 67.5 69.375 70.875 72.6875 73.8125 74.0625 74.1875 75.1875 76.625 76.75 77.3125 77.0625 76.5625 75.875 76.375 77 77.8125 78.5625 79.1875 80.1875 81.0625 81.4375 82.9375 84.125 84.3125 85.8125 86.0625 86.3125 87 87.4375 86.5 85.1875 84.125 84.1875 84.4375 85.1875 85.25 84.375 84.5 84.9375 84.3125 82.0625
79.125 77.625 77.8125 78.125 79.1875 78.625 78.1875 78.5 79.0625 80.1875 81.4375 81.25 81.6875 81.6875 80.625 80.375 82.0625 82.5 80.4375 79.125 78.375 76.5625 74.3125 71.4375 70.875 69.4375 67.75 67.125 68.5 69.8125 71.5625 72.625 74.4375 75.75 75.8125 76.125 76.8125 77.5625 78.25 78.25 78 77.5 77.1875 76.375 76.625 76.25 76.5625 76.5625 78.5625 80.6875 81.625 83.0625 84.6875 86.1875 86.75 87.3125 87.5 87.125 86.8125 86 84.625 84.3125 84.5 85.0625 85.625 85.125 84.8125 85.625 85.375 84.8125 82.6875
80.75 80.75 81.6875 82.375 81.125 81.6875 81.5 80.4375 82.125 82.1875 84.8125 84.0625 84.25 83.75 83 82.125 83.5625 84.5 85.0625 83.25 81.375 79.5 77.3125 75.0625 74.0625 72.875 71.375 71.75 72.1875 73.1875 74.125 74.5625 75.875 77.1875 78.9375 78.0625 78.75 79.8125 80.9375 81 80.3125 79.375 78.6875 77.375 77.0625 76.25 76.625 77.5 78.3125 79.875 81.125 82.6875 84.4375 85.1875 86.5 88.1875 88.5625 88.5 87.375 85.8125 84.4375 84.1875 85.125 85.0625 85.3125 85.3125 85 84.8125 84.375 83.4375 82
82.75 83.25 84.5 85.3125 85.625 86.25 87.125 86.125 88.1875 88.8125 88.125 88.375 88.9375 87.5 85.6875 83.8125 84.5 84.625 86.1875 86.9375 86.5 83.4375 80.6875 78.125 75.375 75.5625 74.5 74.875 75.5625 76.25 76.0625 76.5 77.0625 78.4375 79.1875 79.6875 80.5625 81.9375 82.6875 82.75 82.125 81.75 81.3125 80.1875 78.5 77.5 77.5625 78.75 80.875 82 82.875 83.625 85.125 86.125 87.4375 88.375 88.75 88.25 87.5 85.75 84.75 84.5625 84.8125 84.5 84.4375 84.5625 84.5625 83.625 82.5 82.0625 81.3125
85.1875 84.75 85.4375 86 87.5625 89.4375 92.125 92.5 93.1875 96.6875 96.5 94.4375 94 93.375 90.375 87.8125 86.4375 86.5625 86 86.375 85.5625 84.1875 80.8125 79.4375 78.625 77.375 76.6875 76.1875 76.625 77.8125 79.6875 81.3125 82.4375 82.25 81 81 82.625 83.25 83.625 84.3125 83.6875 83.4375 82.75 82.0625 81.75 80.5 81.5625 82.6875 83.25 84.75 85.1875 86.125 86.9375 88.125 87.9375 88.375 88.375 88.8125 87.75 86.6875 85.625 85.0625 84.25 84.25 84.25 83.75 83 82.875 81.875 81.0625 80.625
85.5 85.25 86.875 87.125 89.3125 92.75 96.375 97.3125 97.5625 101.4375 106.125 105.0625 102.0625 101.25 98.625 95.5 92.4375 91.25 90.4375 88.5625 86.875 84.1875 83.4375 83.4375 82.6875 81.25 79.375 79.8125 79.75 80.125 81.4375 83.5625 86.75 86.9375 84.25 83.125 84.125 84.875 85.125 85.4375 85.625 85.3125 84.4375 84 83.8125 85 85.5625 85.5625 87.9375 88.75 88.75 89.1875 89.1875 91.125 90.875 90.0625 89.4375 89.1875 87.8125 87.5625 86.5625 85.6875 85.1875 84 83.625 83.625 83.0625 82.4375 82.4375 81.5625 80.1875
88.5625 86.125 85.9375 89.0625 93.25 96.625 101.0625 101.1875 100.6875 103.8125 110.625 113 107.875 104.5625 103.375 100.125 98.375 95.625 94.4375 93.4375 91.5625 89 88.5625 87.9375 87.3125 85.875 85.125 83.4375 82.3125 84 85.125 85.5625 87.9375 89.875 88.1875 85.75 86.25 86.3125 86.9375 87.6875 88 86.9375 87.3125 87.6875 88 89 90.0625 90.6875 92.3125 92.3125 91.4375 91.3125 92.3125 93.625 94.3125 93.5 91.5625 90.25 89.4375 88.6875 88.375 87.5 85.625 84.1875 83.875 83.9375 83.4375 83.5 82.625 81 79.875
93.5 88.9375 89.375 93.625 98.8125 102.625 104.75 104.1875 102.1875 102.1875 104.75 102.75 104.0625 106 106.1875 104.25 101.5 101.625 102.4375 102.3125 98.0625 94.375 92.0625 90.875 90.3125 90.125 88 85.875 84.75 85.1875 86.5 88.625 90.1875 91.3125 93.8125 90.25 89.375 89.125 89 88.6875 88.875 89.1875 89.375 89.9375 92.125 93.4375 94.6875 96.25 95.125 93.9375 94 95 95.4375 95.9375 96.9375 96.375 93.5625 90.8125 90.125 89.6875 88.5625 87.3125 86.5 84.875 84.1875 82.875 82.875 83.375 82.0625 81.25 80.3125
100.8125 98.1875 95.1875 96.9375 102 105.3125 108 109.6875 107.375 105.5 105.9375 106.625 113.5625 118.4375 115.8125 117.625 113.5 108.1875 108.75 108.6875 104.375 101.5 98.875 95.625 96.5 96 94.875 92.3125 90.5 88.9375 88.5 90.875 93.0625 93.5 95.1875 94.9375 94.5625 92.4375 91.8125 91.625 90.6875 90.5625 93 94.25 94.3125 94.875 95.1875 96 94.9375 94.5 95.0625 95.4375 97.25 98.1875 97.6875 96.875 94.6875 92.0625 90.1875 89.125 89 87.9375 86.6875 85.3125 84.8125 84.8125 83.25 82.875 82.3125 80.6875 79.9375
110.75 106.8125 105.4375 106.6875 109.375 116.375 129.0625 129 122.0625 126.875 119.5625 130.0625 138.4375 154.0625 154.4375 146.875 127.5625 117.625 114.6875 111.875 106.75 102.5 99.625 99.75 99.75 100.9375 98.5625 97.625 99.0625 95.1875 94.3125 95.9375 96.75 97.6875 96.875 97.0625 97.8125 98.625 95.8125 95.6875 95.5625 96.1875 94.875 94.9375 94.75 94.6875 95.0625 95.5 95.5 95.875 96.4375 97.25 98.5 99.3125 98.5 96.8125 95.375 93.4375 91.1875 89.375 88.6875 88.75 88.1875 86.6875 85.5625 85.125 84.4375 82.9375 82.1875 81.75 81.0625
106.9375 114.125 120.1875 126.8125 139 129.4375 137.5625 134 139.25 140.3125 146.625 138 148.375 173.25 184 162.375 132.0625 127.0625 128.5 121.5 118.625 113.5625 107 104.5625 102.875 102.1875 102.875 108.25 111.4375 105.4375 102.6875 102.875 102.4375 101.875 100.75 100.625 100.5 102.75 100.25 100.125 97.8125 97.3125 94.6875 93.8125 94.0625 93.5625 92.625 93.0625 95.125 95.25 95.5625 96.875 98 98.4375 99 97.75 95.4375 93.1875 91.375 89.9375 89.4375 88.25 87.4375 86.75 85.75 86.4375 85.1875 83.75 82 81 80.5
111.5 120.0625 132.375 138.5 134.5625 127.6875 132.3125 137.4375 138 130.9375 119.4375 130.25 149.6875 158.5625 158.8125 154.4375 154.4375 139.5 137.5625 128.1875 121.125 114.375 111.25 112.3125 115.8125 112.9375 109.75 110.9375 117.125 121.6875 120.3125 115.75 112.125 108.125 105.1875 104.6875 102.75 102.0625 100.6875 99.4375 98.25 97.1875 95.125 95.3125 94.6875 93.4375 92.75 92.75 94.125 94.9375 94.9375 95.875 96.375 96.8125 97.1875 96.0625 94.125 91.8125 90.5625 89.375 89.5 87.75 86.6875 85.0625 85.125 85.5 85.375 84.6875 82.875 81.625 79.8125
111.625 118.9375 125.9375 124.4375 115.25 113.0625 123.875 135.1875 126.375 121.75 139.0625 171.5625 177.9375 180.75 167.25 136.25 138.1875 132.875 126.0625 125.0625 111.125 103.125 100.4375 102.875 108.6875 117.625 126.6875 125.1875 126.0625 129.0625 130.0625 134.8125 132.125 126.8125 118 111.875 109.625 106.4375 103.6875 101.4375 97.5625 96 96.8125 96.625 96.5625 95.625 94.875 94.0625 94.125 94.0625 94.0625 94.375 94.25 94.6875 94.6875 93.75 92.375 92 90.9375 89.5625 88.25 87.125 86.3125 86.4375 85.5625 84.5 84.375 83.125 82.8125 81.1875 79
105.9375 111.375 104.4375 105.25 113.625 127.6875 113.4375 117.625 122 115.875 115.25 127.875 137.25 142.6875 113.375 108.4375 124.3125 123.375 119.4375 108.75 103.8125 100.3125 96.5625 96.3125 100.6875 105.4375 116 128.5 136.625 143.0625 142.875 144.3125 151.125 142.5625 131.9375 125 118.625 116.5625 110.875 105.75 102.25 97.75 97 97.75 98.1875 96.9375 96.4375 94.625 93.625 93 92.3125 92 90.8125 92.0625 91.5 91.3125 91.375 90.6875 89.125 88.4375 88.125 86.9375 85.75 84.625 84.6875 84.6875 83.75 82.3125 81.5625 80.375 78.6875
98.5625 93.9375 102.3125 113.875 115.125 110.375 110.375 132.75 128.875 137 141.375 134.125 129.375 134.25 117.9375 106.4375 102.625 105.75 109 104.75 94.875 108.3125 95.0625 88.5625 94.125 106.0625 111.25 107.375 121.25 138.9375 153.1875 153.625 157.3125 150.6875 154.25 146.75 133.4375 124.6875 118.0625 114.875 107.625 101.1875 99.375 97.4375 97.625 97.25 96.25 93.875 92.1875 90.875 89.3125 88.3125 90 90 90.25 89.875 90.5 89.8125 88.75 88.25 87.1875 85.75 85.1875 85 84.0625 82.75 82.125 81.25 81.4375 79.125 78.25
