input_data/future_climate/CNMR_585/_bio10_a.asc
ncols  331
nrows  193
xllcorner  17.833372883333
yllcorner  37.9999896166667
cellsize 0.1666667
NODATA_value  -9999
[rows 21 to 41 of 193, columns 138 to 183 of 331]
11.1083335876465 -9999 -9999 -9999 -9999 -9999 -9999 -9999 11.5958337783813 -9999 11.0166664123535 -9999 -9999 -9999 -9999 -9999 -9999 -9999 -9999 -9999 -9999 12.6621217727661 12.9385414123535 12.9208335876465 12.8479166030884 12.7854166030884 12.689582824707 12.6822919845581 12.6947917938232 12.7041664123535 12.6312503814697 12.5927085876465 12.560417175293 12.5187501907349 12.5822916030884 12.640625 12.6479167938232 12.7333335876465 12.8000001907349 12.8958330154419 12.9635419845581 13.125 12.9989585876465 12.9281244277954 12.8291664123535 12.6437501907349
-9999 -9999 -9999 -9999 -9999 -9999 11.9416666030884 11.7733335494995 11.8677082061768 11.841667175293 11.972222328186 11.9875001907349 11.9979162216187 12.0083332061768 11.9750003814697 12.1333332061768 -9999 -9999 -9999 12.9166669845581 12.9884614944458 13.1458339691162 13.2020835876465 13.0906248092651 12.890625 12.8947916030884 12.8958330154419 12.8187494277954 12.9041662216187 12.9760417938232 12.8916664123535 12.8552083969116 12.7666664123535 12.765625 12.8187503814697 12.9593753814697 12.9958333969116 12.9770832061768 13.0708332061768 13.2041664123535 13.310417175293 13.2677087783813 12.9937496185303 12.9604167938232 13.0885419845581 13.0197916030884
-9999 -9999 -9999 -9999 12.2000007629395 12.1999998092651 12.2802085876465 12.4114580154419 12.3916664123535 12.3802080154419 12.3468751907349 12.3302087783813 12.3625001907349 12.3791666030884 12.3947916030884 12.4937496185303 12.66428565979 12.8666658401489 13.2083330154419 13.1483325958252 13.4343748092651 13.4750003814697 13.2760419845581 13.263542175293 13.1760416030884 13.1750001907349 13.0843744277954 13.03125 13.1312503814697 13.1177082061768 13.1510419845581 13.0427083969116 12.9270830154419 13.122917175293 13.1604166030884 13.2208337783813 13.3093748092651 13.3135414123535 13.3697919845581 13.4624996185303 13.466667175293 13.345832824707 13.1916666030884 13.0562505722046 13.1552085876465 13.1218748092651
12.0999994277954 12.2124996185303 12.2738094329834 12.3383331298828 12.4520835876465 12.5343751907349 12.6041660308838 12.564582824707 12.5510416030884 12.7020826339722 12.7249994277954 12.7197914123535 12.7843751907349 12.8197917938232 12.845832824707 12.8125 13.03125 13.2864580154419 13.5555553436279 13.6133337020874 13.7395830154419 13.7406253814697 13.4572916030884 13.529167175293 13.5416669845581 13.529167175293 13.3833332061768 13.4010419845581 13.40625 13.4468746185303 13.408332824707 13.185417175293 13.236457824707 13.3197917938232 13.3135414123535 13.421875 13.4927082061768 13.4677085876465 13.4958333969116 13.5229167938232 13.3468751907349 13.3156251907349 13.2458333969116 13.1739587783813 13.2135419845581 13.3218746185303
12.4645833969116 12.5375003814697 12.6520833969116 12.7135419845581 12.8395833969116 12.9760417938232 13.0364580154419 12.8218755722046 12.7593746185303 12.7781248092651 12.7937498092651 12.8552083969116 13.0416669845581 13.1947917938232 13.2843751907349 13.3218746185303 13.4010419845581 13.7354164123535 13.9114589691162 14.0041666030884 14.1885414123535 14.0718746185303 13.7802085876465 13.8708333969116 13.9114580154419 13.6947917938232 13.6770830154419 13.6885414123535 13.6510419845581 13.6802082061768 13.6552076339722 13.7427082061768 13.8062505722046 13.8156251907349 13.75 13.7562503814697 13.6999998092651 13.6999998092651 13.7781248092651 13.7000007629395 13.6499996185303 13.6593742370605 13.6645832061768 13.6000003814697 13.5625 13.515625
12.7572917938232 12.8645839691162 12.9614582061768 13.1374998092651 13.2645826339722 13.4302082061768 13.4624996185303 13.2427082061768 13.0968751907349 12.9416666030884 12.7312498092651 12.6916666030884 12.845832824707 13.1260414123535 13.4833326339722 13.6968755722046 13.7749996185303 14.0489587783813 14.1729164123535 14.3729162216187 14.3843746185303 14.298957824707 14.2250003814697 14.2062501907349 14.279167175293 14.2072916030884 14.0739583969116 13.9447917938232 13.8781251907349 13.9541664123535 14.0270833969116 14.0656251907349 14.1437501907349 14.205207824707 14.1333332061768 14.1541662216187 14.0239582061768 14.0062503814697 14.0770835876465 14.0531253814697 13.9437503814697 13.9114580154419 13.8874998092651 13.8166666030884 13.7291669845581 13.6645832061768
13.0197916030884 13.0770835876465 13.1968746185303 13.359375 13.5427083969116 13.6052083969116 13.5906248092651 13.4583330154419 13.3843755722046 13.330207824707 13.1468753814697 13.0749998092651 13.0968751907349 13.1635417938232 13.5458335876465 14.0208330154419 14.0739583969116 14.1760416030884 14.3697919845581 14.4979162216187 14.4656248092651 14.5427083969116 14.46875 14.513542175293 14.4489583969116 14.3729162216187 14.2541666030884 14.0562496185303 14.0479164123535 14.0364580154419 14.0489587783813 13.997917175293 14.0791664123535 14.2802085876465 14.3510417938232 14.3895826339722 14.3864583969116 14.345832824707 14.2395839691162 14.2093753814697 14.2729167938232 14.2510414123535 14.1520833969116 14.0677089691162 14.029167175293 13.9250001907349
13.3937501907349 13.390625 13.3958339691162 13.5437498092651 13.7458333969116 13.9572916030884 13.9781246185303 13.8125 13.5749998092651 13.2979164123535 13.3177080154419 13.2802085876465 13.3249998092651 13.328125 13.5979166030884 14.1843748092651 14.3093748092651 14.3635416030884 14.3822917938232 14.4697914123535 14.6302080154419 14.7447910308838 14.6791667938232 14.6312503814697 14.6302080154419 14.5427083969116 14.40625 14.3666667938232 14.2468748092651 14.2541666030884 14.0875005722046 13.9614582061768 14.0645837783813 14.2416667938232 14.4020833969116 14.5322914123535 14.515625 14.4208335876465 14.1489582061768 14.1010417938232 14.1843748092651 14.234375 14.1416673660278 14.0791664123535 13.982292175293 13.8645839691162
13.8562498092651 13.9052085876465 13.7958335876465 13.8020830154419 13.875 14.09375 14.1958332061768 13.8999996185303 13.7583332061768 13.7666664123535 13.7270832061768 13.7135410308838 13.7062501907349 13.8708333969116 14.4291667938232 14.5739583969116 14.595832824707 14.705207824707 14.6916666030884 14.734375 14.7156248092651 14.7052087783813 14.7395839691162 14.6958332061768 14.6604166030884 14.5166664123535 14.5947914123535 14.6666669845581 14.6041669845581 14.5354166030884 14.4677085876465 14.4885416030884 14.4604167938232 14.4437494277954 14.5093746185303 14.4927082061768 14.609375 14.6510419845581 14.5354166030884 14.4677085876465 14.5031251907349 14.3145837783813 14.1958332061768 14.1041669845581 13.84375 13.7458333969116
14.0718746185303 14.013542175293 13.9416666030884 14.0052080154419 14.1593751907349 14.3583335876465 14.4416666030884 14.3656253814697 14.2791662216187 14.1906251907349 14.1062498092651 14.107292175293 14.3187503814697 14.5458335876465 14.6458330154419 14.7624998092651 14.7437496185303 14.919792175293 15.0124998092651 14.8614587783813 14.8489589691162 14.9562501907349 14.8333330154419 14.7520837783813 14.611457824707 14.3520832061768 14.2145833969116 14.345832824707 14.6760416030884 14.6208333969116 14.6281251907349 14.6239585876465 14.6552085876465 14.6010417938232 14.6156244277954 14.6302080154419 14.6187496185303 14.4562501907349 14.3354167938232 14.2624998092651 14.6343746185303 14.3395833969116 13.9541664123535 13.9770832061768 13.9479169845581 13.796875
14.6416664123535 14.4854164123535 14.4156246185303 14.4177083969116 14.4250001907349 14.4489583969116 14.497917175293 14.4791669845581 14.5749998092651 14.5447912216187 14.5322914123535 14.5500001907349 14.6281251907349 14.7864580154419 14.84375 15.013542175293 14.8552083969116 14.9250001907349 14.9385414123535 14.9656248092651 14.9166660308838 14.9968748092651 14.9489574432373 14.8812503814697 14.9260416030884 14.8666667938232 14.7385416030884 14.6552085876465 14.7958335876465 14.8677082061768 14.8687496185303 14.9260416030884 14.9468746185303 14.9104166030884 14.8427085876465 14.8375005722046 14.7927083969116 14.6625003814697 14.640625 14.5979166030884 14.8302087783813 14.8937501907349 14.4270830154419 14.1729164123535 14.0968751907349 14.1781244277954
15.1083335876465 15.0562496185303 14.9322919845581 14.8406248092651 14.78125 14.8083333969116 14.794792175293 14.7458333969116 14.7843751907349 14.8322916030884 14.798957824707 14.7770833969116 14.5739583969116 14.5437498092651 14.8249998092651 15.0604162216187 15.0208330154419 15.0822916030884 15.0114583969116 15.0895833969116 15.1166667938232 15.2020835876465 15.1750001907349 14.986457824707 14.9822912216187 14.9802083969116 15.0052080154419 15.0531253814697 15.0052089691162 14.9802083969116 14.9854173660278 15.0302085876465 15.0770835876465 14.8270835876465 14.625 14.4343748092651 14.4229164123535 14.5541667938232 14.7416667938232 14.875 15.0083332061768 15.1979169845581 14.9427080154419 14.7010412216187 14.578125 14.3406248092651
15.3416662216187 15.3833341598511 15.2583332061768 15.2124996185303 15.2281246185303 15.0854167938232 14.935417175293 14.8895835876465 14.859375 14.9291667938232 14.9802083969116 14.8968744277954 14.7875003814697 14.7531251907349 14.888542175293 15.2135419845581 15.2312498092651 15.1770830154419 15.1645832061768 15.1687507629395 15.1979169845581 15.1708335876465 15.1843748092651 15.1364583969116 15.0083332061768 14.9874992370605 14.9791669845581 14.9281244277954 14.9114580154419 15.0281248092651 15.0635414123535 15.1177082061768 15.1104164123535 15.0302085876465 14.8427085876465 14.6458339691162 14.390625 14.4604167938232 14.5437498092651 14.6479167938232 14.8052082061768 15.0541667938232 15.1374998092651 15.0562496185303 14.7916669845581 14.611457824707
15.6822910308838 15.4989585876465 15.439582824707 15.4041662216187 15.3864583969116 15.4197912216187 15.3312501907349 15.2395830154419 15.1937503814697 15.1062507629395 15.125 15.2093753814697 15.236457824707 15.2406244277954 15.3385419845581 15.3322916030884 15.3072910308838 15.3062496185303 15.3468751907349 15.3479166030884 15.3677082061768 15.3614587783813 15.4166669845581 15.3062496185303 15.0822916030884 14.9395837783813 14.9927082061768 15.0062503814697 14.9760417938232 14.9770832061768 15.091667175293 15.2145833969116 15.375 15.2541666030884 15.1458330154419 14.9677085876465 14.703125 14.5666666030884 14.6864585876465 14.6354160308838 14.7322912216187 14.7395830154419 14.8000001907349 14.8468742370605 14.9375 14.8604164123535
15.6593751907349 15.6625003814697 15.7041664123535 15.7833337783813 15.9541664123535 15.923957824707 15.7552080154419 15.5677080154419 15.5479164123535 15.4989585876465 15.4583339691162 15.4479160308838 15.3843746185303 15.3229160308838 15.2979164123535 15.3374996185303 15.3718748092651 15.4031248092651 15.4249992370605 15.361457824707 15.5406246185303 15.6000003814697 15.4927082061768 15.484375 15.3708333969116 15.2375001907349 15.2385416030884 15.2541666030884 15.21875 15.1822919845581 15.2708330154419 15.3093748092651 15.4322910308838 15.546875 15.451042175293 15.3677082061768 15.140625 14.8718748092651 14.7520837783813 14.7447919845581 14.7843742370605 14.8718748092651 14.8322916030884 14.7770833969116 14.7666664123535 14.6999998092651
15.6614580154419 15.736457824707 15.9572916030884 16.0072917938232 16.0874996185303 15.9718751907349 15.8854160308838 15.78125 15.7385416030884 15.6177082061768 15.4791669845581 15.4281253814697 15.2354164123535 15.158332824707 15.2416667938232 15.3802089691162 15.4927082061768 15.5395841598511 15.5177087783813 15.5947914123535 15.6770830154419 15.705207824707 15.6656246185303 15.6677083969116 15.3645830154419 15.1875 15.013542175293 14.9583330154419 15.0343751907349 15.1979160308838 15.107292175293 14.9104166030884 15.0927085876465 15.3385419845581 15.4239587783813 15.5322914123535 15.4781246185303 15.3697910308838 15.1999998092651 15.0197916030884 15.0770835876465 14.9177083969116 14.8677082061768 14.8947916030884 14.9510412216187 15
15.7624998092651 15.7197914123535 15.8312492370605 15.9520835876465 16.0947914123535 16.0499992370605 15.9270830154419 15.8354167938232 15.7375001907349 15.6197919845581 15.5250005722046 15.5197916030884 15.4635419845581 15.4302082061768 15.533332824707 15.6052083969116 15.6187496185303 15.6729164123535 15.7229166030884 15.7718753814697 15.8447914123535 15.859375 15.8395833969116 15.7687501907349 15.6218757629395 15.4291667938232 15.2291669845581 15.0770826339722 15.0822916030884 15.0947914123535 15.0093746185303 14.8874998092651 14.921875 14.9416666030884 15.1437501907349 15.2614583969116 15.2604169845581 15.4989585876465 15.5739583969116 15.5031251907349 15.2218751907349 15.015625 14.8781242370605 14.9437503814697 14.9354162216187 15.1083335876465
15.8552083969116 15.8718748092651 15.9437494277954 16.0583324432373 16.0666675567627 15.9927082061768 15.9375 15.9322919845581 15.9541664123535 15.8552083969116 15.8041667938232 15.7385416030884 15.6843748092651 15.6354169845581 15.5197916030884 15.5333337783813 15.5208330154419 15.3874998092651 15.4729166030884 15.5708332061768 15.6770830154419 15.7427082061768 15.8687496185303 15.8822917938232 15.923957824707 15.8614587783813 15.7833337783813 15.6750001907349 15.5208330154419 15.310417175293 15.1510419845581 15.0010414123535 15.03125 15.0062503814697 15.0822916030884 15.1197919845581 15.1166667938232 15.247917175293 15.3718748092651 15.4489574432373 15.5364589691162 15.4302082061768 15.1385412216187 15.109375 15.0927085876465 15.173957824707
15.9812498092651 16.0010414123535 16.0822906494141 16.1260414123535 16.171875 16.220832824707 16.2385425567627 16.0479164123535 16.03125 15.8854160308838 15.7822914123535 15.6750001907349 15.5166673660278 15.5041666030884 15.3791666030884 15.5010414123535 15.388542175293 15.3322916030884 15.2166662216187 15.3499994277954 15.5572910308838 15.5239582061768 15.59375 15.4885416030884 15.5291662216187 15.5625 15.6614580154419 15.7906255722046 15.8708333969116 15.7687501907349 15.3781251907349 15.1135416030884 15.1697912216187 15.265625 15.2156248092651 15.0593748092651 15.0354166030884 15.1312494277954 15.3156251907349 15.4322919845581 15.502082824707 15.6239585876465 15.5031242370605 15.3500003814697 15.1864585876465 15.0635414123535
16.0562496185303 16.1239585876465 16.1958332061768 16.2312488555908 16.2427082061768 16.3208332061768 16.4416656494141 16.2468757629395 16.122917175293 15.814582824707 15.6218748092651 15.5302085876465 15.4937496185303 15.5875005722046 15.6885414123535 15.638542175293 15.5 15.3177089691162 15.1656246185303 15.2718753814697 15.6541662216187 15.5625 15.4031248092651 15.392707824707 15.3739585876465 15.470832824707 15.4968748092651 15.4645833969116 15.4281244277954 15.6104164123535 15.7552089691162 15.6260414123535 15.4885416030884 15.5687503814697 15.5604162216187 15.2906255722046 15.2458333969116 15.1062498092651 15.2093753814697 15.4604167938232 15.533332824707 15.5854167938232 15.7124996185303 15.4947919845581 15.2250003814697 15.0770835876465
16.0499992370605 16.1510410308838 16.1968746185303 16.2447910308838 16.3031253814697 16.3343753814697 16.419792175293 16.4479160308838 16.372917175293 16.0458335876465 15.6687498092651 15.5968751907349 15.6791667938232 15.7489576339722 15.7260417938232 15.7281246185303 15.6333332061768 15.4729166030884 15.345832824707 15.5552082061768 15.5916662216187 15.6531248092651 15.7447910308838 15.4916667938232 15.5218753814697 15.5531253814697 15.4822912216187 15.3833332061768 15.4364585876465 15.4499998092651 15.5749998092651 15.5812501907349 15.4041662216187 15.3135414123535 15.5625 15.607292175293 15.3135414123535 15.4385414123535 15.4041662216187 15.4958333969116 15.5791664123535 15.580207824707 15.7979164123535 15.8364582061768 15.578125 15.3395833969116
