input_data/future_climate/CNMR_585/_bio10_a.asc
ncols  331
nrows  193
xllcorner  17.833372883333
yllcorner  37.9999896166667
cellsize 0.1666667
NODATA_value  -9999
[rows 126 to 146 of 193, columns 276 to 321 of 331]
25.7729167938232 25.6958332061768 25.5552082061768 25.4874992370605 25.513542175293 25.6614570617676 25.7281246185303 25.8489589691162 26.0510406494141 26.076042175293 25.8156242370605 25.548957824707 25.1260414123535 25.0208339691162 24.8062515258789 24.3468742370605 23.9177093505859 23.3406257629395 23.1343746185303 22.6666660308838 22.4833335876465 22.4385414123535 22.263542175293 22.6052093505859 22.5895843505859 22.3999996185303 22.5770835876465 22.7333335876465 22.7937488555908 22.84375 22.8666667938232 22.9302082061768 23.0010414123535 23.0635414123535 22.9624996185303 22.8520832061768 22.84375 22.7885417938232 22.6749992370605 22.7312507629395 22.7395839691162 22.3854179382324 21.9281253814697 22.0458335876465 22.0229167938232 22.0541667938232
25.7260417938232 25.7718734741211 25.5885429382324 25.4833335876465 25.4718761444092 25.5729160308838 25.6083335876465 25.5718746185303 25.7395839691162 25.8822917938232 25.7250003814697 25.544792175293 25.2135410308838 24.7770843505859 24.5864582061768 24.4739589691162 24.0114593505859 23.638542175293 23.3635406494141 23.0125007629395 22.6979179382324 22.8177089691162 22.5874996185303 22.689582824707 22.861457824707 22.892707824707 22.8718757629395 23.0416660308838 23.1489582061768 23.1520843505859 23.205207824707 23.142707824707 23.0427074432373 23.1062507629395 23.0416660308838 22.9739570617676 23.1395835876465 23.1260414123535 23.015625 23.0604152679443 22.8500003814697 22.5322914123535 22.267707824707 21.9520835876465 21.8708324432373 21.923957824707
25.9052085876465 25.8093757629395 25.6666660308838 25.5750007629395 25.451042175293 25.4718742370605 25.4989585876465 25.4031257629395 25.3937492370605 25.6166667938232 25.5895843505859 25.3895835876465 25.2666664123535 24.9208335876465 24.548957824707 24.3510417938232 24.0427074432373 23.7135410308838 23.0708332061768 22.7718753814697 22.9447917938232 23.2979164123535 23.1749992370605 22.9781246185303 23.0229167938232 23.2489585876465 23.216667175293 23.1479167938232 23.3760414123535 23.3812503814697 23.3666667938232 23.3833332061768 23.390625 23.4833335876465 23.3218746185303 23.236457824707 23.3312492370605 23.3875007629395 23.3947925567627 23.3177070617676 23.1156253814697 22.9114570617676 22.5104160308838 22.5947914123535 22.4468746185303 22.5687503814697
25.9229164123535 25.8083324432373 25.8250007629395 25.8031253814697 25.6281261444092 25.4572906494141 25.4500007629395 25.451042175293 25.3322906494141 25.357292175293 25.4895839691162 25.2895832061768 25.0322914123535 24.7739582061768 24.455207824707 24.2458343505859 23.982292175293 23.5635414123535 22.5343742370605 22.8562507629395 23.2645835876465 23.4812507629395 23.6395835876465 23.5062503814697 23.3833332061768 23.5750007629395 23.6041660308838 23.5562496185303 23.5666656494141 23.5677089691162 23.4937496185303 23.6052093505859 23.78125 23.8562488555908 23.7458324432373 23.6781253814697 23.6302089691162 23.7468738555908 23.734375 23.6843757629395 23.5375003814697 23.377082824707 23.1770839691162 23.0385417938232 22.9906253814697 22.9093742370605
25.9104156494141 25.8739585876465 25.8666667938232 25.8697910308838 25.7416667938232 25.6635417938232 25.6135425567627 25.5718746185303 25.5229167938232 25.3500003814697 25.3354167938232 25.1791667938232 24.8989582061768 24.4729156494141 24.0499992370605 23.8822917938232 23.453125 23.2114582061768 23.1781253814697 23.1927089691162 23.4833335876465 23.6395835876465 23.7562503814697 23.9666652679443 23.9947929382324 23.9312496185303 23.7697906494141 23.7124996185303 23.5687503814697 23.5208339691162 23.6552085876465 23.826042175293 24.0093765258789 24.0656242370605 24.0541667938232 24.0739574432373 24.017707824707 24.064582824707 23.9406242370605 23.763542175293 23.4093742370605 23.3645839691162 23.3208332061768 23.1572914123535 23.029167175293 22.9291667938232
25.9500007629395 25.9208335876465 25.8979167938232 25.9177093505859 25.8833332061768 25.8520832061768 25.8395824432373 25.8052082061768 25.7729167938232 25.6572914123535 25.4291667938232 25.0593757629395 24.7124996185303 24.2729167938232 23.7625007629395 23.4593753814697 22.951042175293 22.8666667938232 23.298957824707 23.3531246185303 23.6635417938232 24.1166667938232 23.9750003814697 24.2822914123535 24.408332824707 24.0510406494141 23.8156242370605 23.8968753814697 23.6875 23.767707824707 23.9895839691162 24.1062507629395 24.205207824707 24.3270835876465 24.4229164123535 24.3677082061768 24.2572917938232 24.2562503814697 24.1374988555908 23.951042175293 23.7083339691162 23.423957824707 23.314582824707 23.236457824707 23.0270843505859 22.7395820617676
26.3291664123535 26.2729167938232 26.1625003814697 26.0697917938232 26.0322914123535 26.0364589691162 26.0197925567627 25.9031257629395 25.9020843505859 25.7614574432373 25.4520835876465 25.0260410308838 24.5572910308838 24.122917175293 23.7135410308838 23.3187503814697 22.8229179382324 22.9447917938232 23.3916664123535 23.7572917938232 23.8833332061768 24.3385410308838 24.6958332061768 24.6833324432373 24.419792175293 24.341667175293 24.4677085876465 24.4312496185303 24.4302082061768 24.404167175293 24.3979167938232 24.470832824707 24.6135425567627 24.6489582061768 24.5812492370605 24.4968757629395 24.4604167938232 24.247917175293 23.9781246185303 23.814582824707 23.826042175293 23.6677093505859 23.3958320617676 23.3041667938232 23.0989589691162 22.8177089691162
26.576042175293 26.5041675567627 26.4375 26.3739585876465 26.3250007629395 26.1906242370605 26.1645832061768 26.0416679382324 25.9135417938232 25.6708335876465 25.357292175293 24.9968738555908 24.5687503814697 24.1552085876465 23.8125 23.5281257629395 22.7802085876465 22.951042175293 23.5479164123535 24.0218753814697 24.2083339691162 24.6645832061768 24.8833332061768 24.8604164123535 24.752082824707 24.671875 24.7395839691162 24.6677074432373 24.6687488555908 24.564582824707 24.6031246185303 24.6927089691162 24.8666667938232 24.7854156494141 24.7718753814697 24.7687511444092 24.6677093505859 24.3677082061768 24.0145835876465 23.8041667938232 23.6760406494141 23.5895843505859 23.392707824707 23.2114582061768 23.1374988555908 22.921875
26.6145820617676 26.6197910308838 26.6520843505859 26.6166667938232 26.6010417938232 26.377082824707 26.310417175293 26.2645835876465 25.9937496185303 25.7416667938232 25.4343757629395 25.0479164123535 24.763542175293 24.3979167938232 23.9739589691162 23.4812488555908 22.9750003814697 23.0791664123535 23.6531257629395 24.1291656494141 24.517707824707 24.7374992370605 24.982292175293 25.1749992370605 25.1875 25.0666675567627 24.9364585876465 24.8562507629395 24.8541660308838 24.9385414123535 24.830207824707 24.908332824707 24.9500007629395 24.9208335876465 24.9500007629395 24.8854179382324 24.8250007629395 24.548957824707 24.1687507629395 23.8354167938232 23.6572914123535 23.4874992370605 23.419792175293 23.2875003814697 23.1031246185303 22.9656257629395
26.6979160308838 26.701042175293 26.732292175293 26.7093753814697 26.701042175293 26.5322914123535 26.3218746185303 26.3395843505859 26.1979179382324 25.9031238555908 25.5385417938232 25.2145843505859 24.9677085876465 24.6520843505859 24.216667175293 23.75 23.5239582061768 23.4468746185303 23.9375 24.361457824707 24.5572910308838 24.8541660308838 25.078125 25.2114582061768 25.2885417938232 25.2354164123535 25.2197914123535 25.127082824707 25.0197906494141 24.9562492370605 25.0541667938232 25.0750007629395 25.1010417938232 25.0093765258789 24.9520835876465 24.9010410308838 24.8156242370605 24.685417175293 24.4333343505859 24.1999988555908 23.9916667938232 23.7302074432373 23.8791656494141 23.5635414123535 22.9677085876465 22.8645839691162
26.8447914123535 26.7760410308838 26.8250007629395 26.8760414123535 26.767707824707 26.6291675567627 26.4447917938232 26.3822917938232 26.375 26.1145820617676 25.8427085876465 25.6864585876465 25.2270832061768 24.9479160308838 24.6468753814697 24.1802082061768 24.0562496185303 24.2770843505859 24.4312496185303 24.6625003814697 24.8604164123535 25.0281257629395 25.1322917938232 25.265625 25.3624992370605 25.3229160308838 25.2104167938232 25.1322917938232 25.080207824707 25.0541667938232 25.2072906494141 25.1520843505859 25.1208324432373 25.0989589691162 25.0531253814697 24.9645824432373 24.8687496185303 24.845832824707 24.7843742370605 24.5708332061768 24.4281253814697 24.2739582061768 24.1499996185303 23.861457824707 23.4750003814697 23.1812496185303
27.060417175293 26.9177093505859 26.9104156494141 26.982292175293 26.9135417938232 26.7312488555908 26.6062507629395 26.5041656494141 26.3760414123535 26.2781257629395 26.201042175293 26.0458335876465 25.6218757629395 25.3052082061768 25.0552082061768 24.7645835876465 24.6156253814697 24.814582824707 24.9385414123535 24.9958324432373 25.0239582061768 25.2135429382324 25.1635417938232 25.2916660308838 25.484375 25.341667175293 25.2572917938232 25.2156257629395 25.2489585876465 25.203125 25.3062496185303 25.341667175293 25.1260414123535 25.1791667938232 25.2427082061768 25.1614589691162 25.1124992370605 25.029167175293 24.9249992370605 24.7281246185303 24.423957824707 24.2083339691162 24.1010417938232 23.939582824707 23.7124996185303 23.4427089691162
27.1083335876465 27.1083335876465 27.09375 27.1760425567627 26.923957824707 26.7406234741211 26.6635417938232 26.529167175293 26.4562511444092 26.314582824707 26.2437496185303 26.1645832061768 25.984375 25.7104167938232 25.4718742370605 25.2531242370605 25.1958332061768 25.21875 25.2708339691162 25.2427082061768 25.3052082061768 25.40625 25.3343753814697 25.529167175293 25.5562496185303 25.4895839691162 25.4770832061768 25.3531246185303 25.4166679382324 25.513542175293 25.3604164123535 25.2093734741211 25.1187496185303 25.1885414123535 25.2937488555908 25.2843742370605 25.234375 25.060417175293 24.9604167938232 24.7760410308838 24.5385417938232 24.2385425567627 23.9604167938232 23.9322910308838 23.9375 24.0791664123535
27.3208332061768 27.2885417938232 27.2687492370605 27.3802070617676 27.3062496185303 27.2562503814697 27.1479167938232 26.8833332061768 26.5479164123535 26.3864593505859 26.310417175293 26.2906265258789 26.2302074432373 26.0895843505859 25.7979164123535 25.5614585876465 25.4333343505859 25.2583332061768 25.3166656494141 25.5145835876465 25.6125011444092 25.6291656494141 25.5583343505859 25.7729167938232 25.6291656494141 25.4697914123535 25.6104164123535 25.595832824707 25.671875 25.5322914123535 25.3666667938232 25.2072925567627 25.0499992370605 25.2468757629395 25.279167175293 25.2062492370605 25.234375 25.0833339691162 24.8875007629395 24.8520832061768 24.6187496185303 24.4312496185303 24.2458324432373 24.1499996185303 24.3291664123535 24.3114585876465
27.2145843505859 27.328125 27.361457824707 27.4281253814697 27.6572933197021 27.59375 27.3937492370605 27.1437492370605 26.9052085876465 26.5666675567627 26.4177093505859 26.5093746185303 26.564582824707 26.5218753814697 26.28125 26.0479164123535 25.9052085876465 25.7729167938232 25.8333320617676 25.8645839691162 25.736457824707 25.671875 25.9114589691162 25.9812507629395 25.7427082061768 25.6531257629395 25.7614574432373 25.8531246185303 25.8156242370605 25.5010414123535 25.4729156494141 25.419792175293 25.4093742370605 25.3385410308838 25.3187503814697 25.2718753814697 25.3052082061768 25.25 24.9375 24.7249984741211 24.611457824707 24.5010414123535 24.4645843505859 24.5656242370605 24.6010417938232 24.4739589691162
27.0583324432373 27.263542175293 27.2302074432373 27.3291664123535 27.6020832061768 27.7531261444092 27.5385417938232 27.4677085876465 27.4187488555908 27.0375003814697 27.044792175293 27.1333332061768 27.0697917938232 26.9187507629395 26.7177085876465 26.5302085876465 26.3989601135254 26.2468757629395 26.1489582061768 25.9781246185303 25.9802074432373 26.1416664123535 26.21875 26.2416667938232 26.0562515258789 25.96875 26.0697917938232 26.0395832061768 26.029167175293 26.0166664123535 25.8999996185303 25.59375 25.5656261444092 25.4770832061768 25.455207824707 25.470832824707 25.4375 25.3322906494141 25.1666679382324 25.0625 24.8760414123535 24.7531242370605 24.7895832061768 24.8479156494141 24.7281246185303 24.6312503814697
27.4468746185303 27.3041667938232 27.234375 27.4260406494141 27.5458335876465 27.7437515258789 27.6104164123535 27.5 27.127082824707 27.247917175293 27.5479164123535 27.5114574432373 27.4583339691162 27.2958335876465 27.107292175293 26.9124984741211 26.7135410308838 26.5510406494141 26.361457824707 26.2302074432373 26.4989585876465 26.6135406494141 26.5979156494141 26.5593757629395 26.4885406494141 26.4312496185303 26.3760414123535 26.2874984741211 26.298957824707 26.3052082061768 26.185417175293 26.0729160308838 26.0270824432373 25.951042175293 25.7156257629395 25.4874992370605 25.408332824707 25.3479156494141 25.314582824707 25.2760410308838 25.2270832061768 25.2541656494141 25.2114582061768 24.9937515258789 24.8937492370605 24.9281253814697
27.9052085876465 27.7489585876465 27.716667175293 27.8187503814697 27.8197917938232 27.314582824707 27.2104167938232 27.0729179382324 27.0885410308838 27.4010429382324 27.7979164123535 27.8947906494141 27.8343753814697 27.6666660308838 27.4854164123535 27.326042175293 27.109375 26.872917175293 26.6416664123535 26.7000007629395 26.90625 26.8447914123535 26.8114585876465 26.78125 26.752082824707 26.7437496185303 26.642707824707 26.5281257629395 26.5708332061768 26.5677089691162 26.5229167938232 26.466667175293 26.3718757629395 26.220832824707 26.1062507629395 25.8812503814697 25.7302093505859 25.7197914123535 25.6729164123535 25.6177082061768 25.622917175293 25.6604175567627 25.4614582061768 25.3468742370605 25.3312492370605 25.2708339691162
28.2864589691162 28.2718753814697 28.2104167938232 28.1000003814697 28.0197906494141 27.4958324432373 27.4166679382324 27.345832824707 27.328125 27.4947910308838 27.9249992370605 28.1052093505859 28.1124992370605 28.107292175293 27.830207824707 27.7572917938232 27.5593757629395 27.3489570617676 27.1291656494141 27.0041675567627 27.0562496185303 27.0697917938232 27.0656242370605 26.9406242370605 26.8822917938232 26.8958339691162 26.8093757629395 26.7395839691162 26.6625003814697 26.5437507629395 26.5239582061768 26.4906253814697 26.4343738555908 26.408332824707 26.2604179382324 26.234375 26.1489582061768 26.0572910308838 26.0354156494141 25.9885406494141 25.9031257629395 25.9291667938232 25.8354167938232 25.654167175293 25.5895824432373 25.609375
28.372917175293 28.3489570617676 28.263542175293 28.3041667938232 28.216667175293 28.0572929382324 28.154167175293 27.8854160308838 27.6500015258789 27.6864585876465 28.0375003814697 28.1593742370605 28.2802066802979 28.3343753814697 28.0687503814697 27.8520832061768 27.7875003814697 27.5145835876465 27.3833332061768 27.3781242370605 27.3562507629395 27.2645835876465 27.2250003814697 27.0385417938232 26.720832824707 26.6031246185303 26.654167175293 26.6729164123535 26.5750007629395 26.6760425567627 26.71875 26.7093753814697 26.6916675567627 26.640625 26.5302085876465 26.4072914123535 26.451042175293 26.310417175293 26.236457824707 26.125 26.1218757629395 26.0833320617676 25.9187507629395 25.7166652679443 25.5083332061768 25.6593742370605
28.4833335876465 28.4927082061768 28.5812492370605 28.5281257629395 28.3385429382324 28.2666664123535 28.236457824707 28.1322917938232 28.0812492370605 28.1531257629395 28.2760429382324 28.2177085876465 28.2250003814697 28.1166667938232 28.154167175293 28.03125 27.7083320617676 27.6322917938232 27.6124992370605 27.6208343505859 27.5489597320557 27.3812503814697 27.1291656494141 27.0541667938232 26.9854164123535 26.986457824707 26.9718742370605 26.8541660308838 26.8875007629395 26.9343757629395 26.9760417938232 27.0343742370605 27.0093746185303 26.9416675567627 26.8312492370605 26.685417175293 26.6458339691162 26.6083335876465 26.513542175293 26.5052070617676 26.439582824707 26.1802082061768 25.9520835876465 25.7802085876465 25.6906261444092 25.7895832061768
