input_data/future_climate/CNMR_585/_bio15_a.asc
ncols  331
nrows  193
xllcorner  17.833372883333
yllcorner  37.9999896166667
cellsize 0.1666667
NODATA_value  -9999
[rows 20 to 39 of 193, columns 46 to 91 of 331]
31.0045948028564 31.1276626586914 30.917537689209 30.5788097381592 30.3522529602051 30.4304180145264 30.4573345184326 30.6429595947266 30.768856048584 31.2086982727051 31.3227252960205 30.8991088867188 30.9576549530029 31.2749500274658 30.8986835479736 31.0361328125 29.8076591491699 28.9570941925049 28.9781742095947 30.1168022155762 31.3718528747559 30.992712020874 31.1082496643066 31.3215770721436 31.2547054290771 31.7961463928223 32.7199058532715 33.4707336425781 33.6750030517578 34.6768798828125 35.0190544128418 35.0774955749512 34.6375846862793 34.4102478027344 34.2345924377441 34.2607154846191 33.3833312988281 32.5011291503906 31.7571907043457 30.863618850708 30.7694530487061 30.9735107421875 30.9623851776123 30.2521533966064 32.0137367248535 30.4087009429932
29.3105278015137 29.2156810760498 29.385570526123 28.7830848693848 29.0707225799561 29.6116161346436 29.6048107147217 30.3719024658203 31.0083961486816 31.5368404388428 31.4708461761475 31.2449054718018 30.8447799682617 30.6845951080322 30.5263938903809 30.2414588928223 28.9424476623535 28.3442611694336 28.1729640960693 29.4108543395996 30.701976776123 31.3462505340576 30.7895889282227 31.1376247406006 31.9026832580566 31.8805713653564 32.5644874572754 32.9854850769043 33.5966377258301 34.1752281188965 34.6245613098145 34.695369720459 34.4822463989258 34.3122787475586 34.1105422973633 34.1011695861816 33.6242370605469 33.1387405395508 32.5537223815918 31.7004947662354 31.6919841766357 31.3958549499512 30.98122215271 31.1049690246582 31.4876174926758 31.8749008178711
27.5821666717529 27.3907318115234 27.2674007415771 27.3003082275391 27.8494129180908 28.5478782653809 29.5948581695557 30.2603912353516 30.6643581390381 31.4698505401611 31.9658908843994 31.6885147094727 31.1217517852783 30.7765293121338 30.3019752502441 29.2980289459229 28.4348602294922 27.8898048400879 27.8978271484375 28.5538711547852 29.8527717590332 30.5512981414795 30.3474369049072 30.6137065887451 31.3835945129395 31.7734413146973 32.0847320556641 32.6726493835449 33.125545501709 34.1558952331543 34.3379058837891 34.0281257629395 34.442440032959 34.3560485839844 33.7279815673828 33.6136894226074 33.2849464416504 32.8723068237305 32.2578125 31.7871780395508 31.3073539733887 31.382661819458 31.2783794403076 31.3299884796143 31.3601531982422 31.2922706604004
26.1313610076904 25.6345252990723 25.5807476043701 25.672664642334 26.1255512237549 27.738805770874 28.7272968292236 29.4747428894043 30.3490180969238 30.9912815093994 31.4408874511719 31.166690826416 30.5115032196045 30.6501750946045 30.1478137969971 28.4042854309082 27.5398235321045 27.2947559356689 27.3074951171875 27.3564453125 28.0849571228027 29.2690677642822 29.767297744751 30.3607139587402 31.4809627532959 31.7884159088135 32.1969718933105 32.6318244934082 33.3760604858398 33.8999557495117 34.0722389221191 33.803840637207 33.2272758483887 33.8110046386719 34.1322555541992 33.8459548950195 33.3635635375977 32.3523368835449 31.6307277679443 31.9021797180176 32.078239440918 31.5437660217285 31.5842361450195 31.2997741699219 31.199914932251 31.6223278045654
24.9213752746582 24.4994850158691 24.2903442382813 24.3422317504883 25.5965881347656 27.7144069671631 28.6445751190186 29.522403717041 29.7309856414795 30.2034492492676 30.4201507568359 30.6523990631104 30.4814529418945 29.7669086456299 28.8168468475342 26.8540096282959 25.1666030883789 25.453987121582 25.9257202148438 27.3223686218262 28.5630340576172 29.0250225067139 29.6014499664307 30.7868595123291 31.1586742401123 31.6753673553467 32.1490783691406 32.4533996582031 32.6020736694336 33.4728965759277 33.9634323120117 32.5800094604492 32.6835479736328 32.4831886291504 33.7355194091797 33.771785736084 33.6014137268066 33.0463523864746 32.8179512023926 32.4012870788574 32.1279335021973 31.8129196166992 31.4902362823486 31.1018047332764 30.6180515289307 31.2365322113037
24.2679176330566 23.8627319335938 23.9478244781494 24.8089160919189 25.9375019073486 27.6787929534912 28.7890205383301 29.3077125549316 30.031909942627 30.0419445037842 30.0535697937012 29.923433303833 29.6739826202393 28.733793258667 27.4036731719971 25.4702320098877 24.5300636291504 25.4096221923828 26.4578590393066 27.4009246826172 28.6967639923096 29.824951171875 30.4036827087402 30.9730396270752 31.1023807525635 31.5697536468506 32.1605339050293 32.6246566772461 32.8045883178711 33.0230484008789 33.3362846374512 33.7718048095703 33.5488967895508 33.1105117797852 32.8368606567383 33.5234375 33.7947158813477 33.2742004394531 32.624584197998 32.6690902709961 32.2580795288086 31.9855823516846 31.326587677002 30.8682327270508 30.5027103424072 31.5975360870361
24.0713520050049 23.6106433868408 23.4928684234619 24.4929428100586 25.4908847808838 27.2129592895508 28.0745239257813 28.5525341033936 28.8920059204102 29.5162506103516 29.7812576293945 29.279821395874 28.5095500946045 27.858226776123 26.2704524993896 25.4693660736084 25.1809463500977 25.0890674591064 26.0352687835693 27.0814876556396 28.6955738067627 29.7445812225342 30.5516452789307 31.1629943847656 32.1204872131348 32.5892601013184 32.908203125 32.8674163818359 32.9261703491211 33.2646789550781 33.6518363952637 33.7305068969727 33.7903366088867 34.4094848632813 34.1078987121582 34.0852432250977 32.8251495361328 31.5621204376221 31.4668827056885 31.5489711761475 31.8557434082031 32.4325828552246 32.4888610839844 31.9457359313965 32.5034637451172 32.8008041381836
24.1514568328857 24.2723865509033 24.1186199188232 25.3630676269531 26.3500270843506 27.1703720092773 27.8994827270508 28.1373596191406 28.6458339691162 29.3753929138184 29.2076072692871 28.8624801635742 28.1886405944824 27.0946998596191 26.3707218170166 25.626781463623 25.3070106506348 25.4877986907959 26.2086353302002 27.0598411560059 28.3847904205322 29.384241104126 30.6793479919434 31.559211730957 31.5112247467041 31.89084815979 31.7206249237061 32.4280166625977 32.7641754150391 33.3491096496582 33.3083572387695 33.4801750183105 33.3317909240723 33.8144836425781 33.8444633483887 33.9634399414063 34.2871971130371 33.7208786010742 33.5204238891602 32.4173698425293 32.2303199768066 32.8936233520508 32.888298034668 33.2618141174316 32.8786201477051 33.281681060791
25.3016128540039 25.8263816833496 26.43603515625 26.5078601837158 26.8463325500488 27.5387687683105 28.0409049987793 28.2966136932373 28.7495937347412 29.4216423034668 29.4091682434082 29.2953910827637 28.596118927002 27.4625606536865 26.4990406036377 25.6133117675781 24.9146251678467 24.9358367919922 25.6716499328613 26.3494052886963 27.853006362915 29.4115695953369 30.8269290924072 30.9994926452637 31.4645919799805 31.670036315918 31.8714008331299 32.3212280273438 32.475830078125 32.9882316589355 33.4524421691895 33.399471282959 33.7712707519531 33.9306221008301 33.8677177429199 33.9193077087402 34.0168876647949 34.3917808532715 34.6222457885742 34.3957557678223 34.3123779296875 33.7079200744629 33.425350189209 34.1226272583008 33.6195182800293 33.8654632568359
26.8783512115479 27.4554176330566 27.6252517700195 27.2700233459473 27.0482654571533 27.6769828796387 28.1435298919678 28.7620334625244 29.5303573608398 29.9968547821045 29.8090629577637 29.294038772583 28.1883411407471 27.2228126525879 26.3116149902344 25.9723281860352 25.2094688415527 25.0984344482422 25.7820377349854 26.83473777771 27.570032119751 28.6623153686523 29.6602001190186 30.0092449188232 30.5532836914063 31.336856842041 31.5057983398438 31.9401893615723 32.4106788635254 32.6364059448242 33.0648460388184 33.1651382446289 33.1643180847168 33.7970657348633 33.8617744445801 34.0662307739258 34.0764045715332 34.1482963562012 34.1903686523438 34.4087905883789 34.3323631286621 34.3927688598633 34.6416549682617 34.5590057373047 34.3410835266113 34.368709564209
28.9153156280518 28.9119262695313 29.256498336792 28.7940196990967 28.6171607971191 28.5779285430908 28.9480819702148 29.3759212493896 30.0011882781982 30.6050624847412 30.5980262756348 29.5354843139648 28.298885345459 27.2870121002197 26.6130504608154 26.1495628356934 25.927698135376 25.645486831665 26.0596809387207 26.73952293396 27.3215179443359 27.2772808074951 28.357349395752 29.1313610076904 29.6721820831299 30.4218292236328 30.8507175445557 31.3743228912354 31.9829940795898 31.8675174713135 32.1661376953125 31.9637413024902 33.0228652954102 33.5745887756348 33.1077690124512 33.4375915527344 32.9994468688965 34.1618423461914 34.3640289306641 34.1734733581543 34.0513076782227 34.6617965698242 34.7903366088867 34.9420928955078 35.3276023864746 35.5997467041016
31.2021446228027 31.1551818847656 30.6094017028809 30.1084251403809 29.8610210418701 29.9409446716309 29.8381633758545 30.111722946167 30.9774608612061 32.0985946655273 31.9733409881592 30.489559173584 29.1723957061768 27.8794231414795 27.2826499938965 26.8375797271729 26.432596206665 26.3186054229736 26.4370880126953 26.985559463501 26.8833408355713 27.359130859375 28.1824741363525 28.7419738769531 29.3468036651611 29.6327495574951 30.0915279388428 30.6322059631348 30.9632606506348 31.2465114593506 31.762393951416 32.1274909973145 33.1390380859375 33.4638824462891 33.765998840332 33.8832015991211 33.8019790649414 33.558666229248 33.9745788574219 34.3519592285156 34.2064170837402 34.4375648498535 35.5992965698242 35.6843414306641 35.7802581787109 35.745288848877
32.0450401306152 32.0427665710449 31.2473754882813 31.1331729888916 31.0874080657959 31.0075798034668 30.802001953125 30.7462978363037 31.1504211425781 31.2126884460449 31.4404029846191 30.8322048187256 30.0483474731445 29.0988121032715 27.993501663208 27.3261070251465 27.2084789276123 27.685697555542 28.0556602478027 27.7516632080078 27.4778537750244 27.3841857910156 27.4823684692383 28.3846626281738 29.2341003417969 29.9884395599365 30.0841999053955 29.7284145355225 30.1534900665283 30.8381519317627 31.2730312347412 31.5589847564697 32.3133277893066 32.6905937194824 33.233470916748 33.5397186279297 33.9055480957031 34.4700393676758 34.9034652709961 34.7993774414063 35.4188232421875 35.094783782959 35.8146667480469 35.9654731750488 35.6374320983887 35.9511108398438
32.8702621459961 32.6961708068848 32.3265113830566 31.7685432434082 31.2640609741211 31.4355545043945 31.9475288391113 31.8403053283691 31.333215713501 31.0400352478027 31.5660495758057 31.645975112915 31.1448535919189 30.4128837585449 29.6466255187988 28.692174911499 28.5160102844238 28.8660144805908 28.8471355438232 27.9397583007813 27.0943737030029 26.6497020721436 26.7024555206299 27.727575302124 28.8437576293945 29.5668125152588 29.893367767334 29.6462249755859 29.8571681976318 30.3751316070557 30.8309860229492 31.3205547332764 31.7835216522217 31.9430713653564 32.5821380615234 33.1904335021973 33.7687721252441 34.1804962158203 34.8489532470703 35.3845825195313 35.6862449645996 36.0100364685059 36.2707481384277 36.4334373474121 36.2635650634766 36.2805099487305
33.0751037597656 33.0552558898926 32.867862701416 32.0090827941895 31.6038722991943 31.8998031616211 32.1595687866211 31.8273086547852 30.7425022125244 30.5736789703369 31.1445770263672 32.0444946289063 32.2713890075684 31.5299091339111 30.727653503418 30.4614105224609 30.2570476531982 29.7955894470215 29.2753925323486 28.5812549591064 27.2680530548096 26.3594284057617 26.5432529449463 27.5885162353516 28.3742275238037 28.9035453796387 29.240213394165 29.2991371154785 29.108980178833 30.215482711792 30.621654510498 31.2161502838135 31.6392269134521 32.0100326538086 32.6029167175293 33.1547737121582 33.6845588684082 33.9919776916504 34.1877861022949 35.5332336425781 36.4474182128906 36.8138847351074 37.0377960205078 37.2956466674805 37.2922325134277 36.8301582336426
32.5367202758789 33.2866821289063 33.1796569824219 32.707893371582 32.4594268798828 32.6792640686035 33.4948310852051 33.2591667175293 32.4599266052246 31.442533493042 30.9599647521973 32.1164093017578 32.9634780883789 32.7817077636719 31.5029697418213 30.8496150970459 31.0357208251953 30.5652332305908 29.7541313171387 28.8308086395264 28.3568572998047 27.8031768798828 27.8344535827637 28.3361530303955 28.3528842926025 28.9589862823486 29.2929000854492 29.6854419708252 30.1203727722168 30.1243019104004 30.4689617156982 30.9766616821289 31.4578475952148 31.7634677886963 32.3266868591309 33.0680160522461 33.7231636047363 34.3274841308594 34.8121185302734 36.0370292663574 36.8111610412598 37.3903694152832 37.8187599182129 38.2728309631348 38.0526924133301 37.661808013916
32.4431343078613 32.9155349731445 32.7707710266113 32.3100242614746 31.5130004882813 32.2983245849609 33.3012313842773 33.0105934143066 32.4746704101563 32.3527374267578 32.0279960632324 32.1949768066406 32.3879470825195 31.8484268188477 30.9786624908447 30.7571468353271 30.6605892181396 30.2982540130615 30.0091400146484 29.6745662689209 29.4069061279297 28.6133842468262 28.6298675537109 29.0019588470459 28.8620262145996 28.9248714447021 29.2565975189209 29.8086700439453 29.9688262939453 29.8497428894043 30.0480041503906 30.4803085327148 30.4671287536621 31.0825958251953 31.7925224304199 32.5993766784668 33.369556427002 34.0258865356445 35.1273307800293 35.8674011230469 36.0690498352051 37.184024810791 38.1235885620117 38.616870880127 38.7004699707031 38.3615798950195
32.2286949157715 32.6752052307129 32.3580322265625 32.0907592773438 31.4541187286377 31.3602161407471 32.0709533691406 32.2850456237793 32.1966171264648 31.9330310821533 31.8261127471924 31.5251369476318 31.3270130157471 31.1774234771729 30.2683715820313 29.9954586029053 29.5617828369141 29.8418197631836 29.8412628173828 30.1100444793701 29.8317127227783 29.0791168212891 29.0635547637939 28.7929935455322 28.5987911224365 28.7871627807617 29.0874214172363 29.4437656402588 29.7035427093506 29.8644027709961 29.5329341888428 29.5413761138916 29.8838577270508 30.5133876800537 31.6043186187744 32.3079605102539 33.0029106140137 33.8211669921875 34.7117118835449 35.5191955566406 36.0906829833984 36.8722343444824 37.6605796813965 38.6449165344238 38.6475067138672 37.788890838623
31.6476955413818 31.7514057159424 31.8725395202637 31.5200519561768 31.7675495147705 31.4486465454102 31.6654243469238 31.6607418060303 31.7030601501465 31.8561534881592 31.7238273620605 30.9603481292725 29.9477996826172 29.735595703125 29.5132293701172 29.3723926544189 28.8228797912598 28.7436237335205 29.2988891601563 30.0842952728271 30.2152538299561 29.2562236785889 28.7926254272461 28.3602504730225 28.6420059204102 29.0220680236816 29.3905811309814 29.6385898590088 29.6670799255371 29.63063621521 29.3593559265137 29.5822353363037 29.0647945404053 29.7363986968994 31.3010768890381 31.9411849975586 32.779052734375 33.5963745117188 34.2724151611328 34.7742004394531 35.4002990722656 36.7746276855469 37.4071311950684 38.2957763671875 38.6585998535156 38.4301567077637
30.7421054840088 31.0358428955078 30.8893871307373 31.2571582794189 31.4157943725586 31.3152294158936 30.8953018188477 31.0122928619385 31.0232677459717 31.7304286956787 31.5001525878906 29.8827095031738 28.7473964691162 28.3787460327148 28.6231174468994 28.5992984771729 28.2373199462891 28.0325527191162 27.9610252380371 28.9172859191895 29.2935562133789 28.8066539764404 28.4195613861084 28.3488883972168 28.7131767272949 28.8578472137451 29.3772830963135 30.2976589202881 30.1069564819336 29.7323970794678 28.9141025543213 29.5093898773193 29.9631099700928 30.3093929290771 31.0659332275391 31.7558555603027 32.5272254943848 33.0523376464844 33.6175956726074 34.5386276245117 35.4905586242676 36.5807991027832 37.2436866760254 37.9556579589844 38.0788459777832 37.9192390441895
