input_data/future_climate/CNMR_585/_bio10_a.asc
ncols  331
nrows  193
xllcorner  17.833372883333
yllcorner  37.9999896166667
cellsize 0.1666667
NODATA_value  -9999
[rows 42 to 62 of 193, columns 276 to 321 of 331]
16.3208332061768 16.375 16.5104160308838 16.5375003814697 16.3895835876465 16.3447914123535 16.4874992370605 16.419792175293 16.1343746185303 15.7604160308838 15.6927089691162 15.6656246185303 15.6197919845581 15.6802082061768 15.7468748092651 15.7645835876465 16.0885410308838 15.986457824707 15.810417175293 15.6770830154419 15.6208333969116 15.638542175293 15.8114585876465 15.8395833969116 15.8156251907349 15.7520837783813 15.6937503814697 15.5927085876465 15.5031251907349 15.5593748092651 15.7083330154419 15.7385416030884 15.796875 15.8010416030884 15.8249998092651 15.8760414123535 15.7562503814697 15.6833333969116 15.6208333969116 15.5677080154419 15.5656251907349 15.5208330154419 15.53125 15.4708337783813 15.4645833969116 15.4541664123535
16.2427082061768 16.435417175293 16.5739574432373 16.4906253814697 16.5239582061768 16.423957824707 16.5854167938232 16.578125 16.3197917938232 15.8510417938232 15.8562498092651 16.033332824707 15.9760417938232 15.9697914123535 15.796875 15.7447919845581 15.8447914123535 15.9624996185303 15.9906244277954 15.872917175293 15.7645835876465 15.7635412216187 15.8406248092651 15.8322916030884 15.8562507629395 15.9031248092651 15.8510417938232 15.8333330154419 15.8354167938232 15.8333330154419 15.8479166030884 15.8854169845581 15.892707824707 15.9479169845581 16.0822925567627 16.0093746185303 15.8708333969116 15.8291664123535 15.7947912216187 15.8114576339722 15.794792175293 15.7281246185303 15.7166662216187 15.7093753814697 15.7291660308838 15.7614583969116
16.263542175293 16.3697910308838 16.497917175293 16.560417175293 16.4750003814697 16.5427074432373 16.53125 16.6479167938232 16.6843757629395 16.5364589691162 16.169792175293 15.8531246185303 15.6333332061768 15.9093742370605 15.7739582061768 15.638542175293 15.6958332061768 15.765625 15.8333330154419 15.9520835876465 15.872917175293 15.8229169845581 15.8354167938232 15.8427085876465 15.9291667938232 16.0593757629395 16.078125 16.0874996185303 16.0593757629395 16.0375003814697 15.9854164123535 15.96875 15.9718751907349 15.9624996185303 16.0677089691162 16.1604156494141 16.0187492370605 15.9874992370605 15.9656248092651 15.9406251907349 16.0083332061768 15.982292175293 15.9250001907349 15.9416666030884 15.9562501907349 15.9739580154419
16.2541675567627 16.34375 16.5416660308838 16.6447925567627 16.5625 16.6906242370605 16.6781253814697 16.6749992370605 16.6489582061768 16.6916675567627 16.7552089691162 16.3697910308838 15.8666667938232 15.7437496185303 15.8937501907349 15.9885416030884 16.0249996185303 16.0302085876465 16.0281257629395 16.0083332061768 15.8250007629395 15.7645835876465 15.8843746185303 16.0302085876465 16.0166664123535 16.1843757629395 16.28125 16.2260417938232 16.1489582061768 16.1375007629395 16.1625003814697 16.1468753814697 16.1635417938232 16.1364593505859 16.1468753814697 16.2489585876465 16.2218742370605 16.1124992370605 16.1218738555908 16.044792175293 16.1708335876465 16.2000007629395 16.1062507629395 16.0729160308838 16.109375 16.1760406494141
16.326042175293 16.4739589691162 16.5031242370605 16.4770832061768 16.2843742370605 16.2114582061768 16.3645820617676 16.5083332061768 16.5833339691162 16.6552085876465 16.6437492370605 16.703125 16.7541656494141 16.6749992370605 16.6677074432373 16.4177074432373 16.171875 16.1645832061768 16.1104164123535 16.1843757629395 16.0229167938232 16.0104160308838 16.1395835876465 16.2979164123535 16.4593753814697 16.5322914123535 16.4468746185303 16.3708324432373 16.3208332061768 16.2854156494141 16.3229160308838 16.3427085876465 16.3468742370605 16.2906246185303 16.3489589691162 16.3624992370605 16.296875 16.2749996185303 16.3854179382324 16.232292175293 16.3083343505859 16.3229160308838 16.2458324432373 16.2395839691162 16.2270832061768 16.2999992370605
16.3072910308838 16.4479179382324 16.4520835876465 16.3947906494141 16.1833324432373 16.1937503814697 16.1822910308838 16.3312492370605 16.4375 16.5208339691162 16.6083335876465 16.6499996185303 16.685417175293 16.8354167938232 16.8875007629395 16.9385414123535 16.752082824707 16.517707824707 16.564582824707 16.4260406494141 16.2416667938232 16.169792175293 16.252082824707 16.4010429382324 16.5885410308838 16.6749992370605 16.5395832061768 16.4187507629395 16.4697914123535 16.439582824707 16.4093742370605 16.4052085876465 16.4541664123535 16.372917175293 16.388542175293 16.3760414123535 16.3989582061768 16.3802089691162 16.513542175293 16.4635410308838 16.4750003814697 16.4406242370605 16.435417175293 16.3958320617676 16.4427089691162 16.4802093505859
16.1375007629395 16.3968753814697 16.2875003814697 16.3604164123535 16.298957824707 16.3374996185303 16.4416675567627 16.4156246185303 16.5239582061768 16.6687507629395 16.3937492370605 16.3177089691162 16.4677085876465 16.7625007629395 16.8354167938232 16.8979167938232 16.919792175293 16.9604167938232 17 17.0281257629395 16.859375 16.497917175293 16.4656257629395 16.3895835876465 16.5499992370605 16.7020835876465 16.7020835876465 16.7250003814697 16.6124992370605 16.5062503814697 16.4260406494141 16.345832824707 16.2729167938232 16.252082824707 16.236457824707 16.1906242370605 16.2041664123535 16.1479167938232 16.263542175293 16.482292175293 16.544792175293 16.5406246185303 16.6260414123535 16.5833339691162 16.5989589691162 16.6197910308838
16.4020824432373 16.3510417938232 16.4958324432373 16.451042175293 16.3624992370605 16.4125003814697 16.578125 16.6208343505859 16.5531253814697 16.4885406494141 16.4072914123535 16.372917175293 16.3489589691162 16.421875 16.6666660308838 16.8802089691162 17.0187492370605 17.0666675567627 16.9791660308838 16.966667175293 17.1552085876465 16.955207824707 16.5791664123535 16.5249996185303 16.5 16.5520839691162 16.7489585876465 16.7541656494141 16.6322917938232 16.5354175567627 16.455207824707 16.435417175293 16.392707824707 16.4468746185303 16.4458332061768 16.3781242370605 16.326042175293 16.2666664123535 16.1802082061768 16.298957824707 16.46875 16.5281257629395 16.625 16.544792175293 16.5927085876465 16.5864582061768
16.4645824432373 16.3760414123535 16.3875007629395 16.451042175293 16.6031246185303 16.6291675567627 16.6437492370605 16.65625 16.6083335876465 16.5093746185303 16.4916667938232 16.4437503814697 16.4770832061768 16.4750003814697 16.6177082061768 16.8135414123535 17.0062503814697 16.9895839691162 16.9489593505859 17.0031261444092 17.2000007629395 17.234375 16.9437503814697 16.5927085876465 16.627082824707 16.5770835876465 16.4916667938232 16.642707824707 16.8250007629395 16.9718742370605 16.8999996185303 16.8374996185303 16.8031253814697 16.7552070617676 16.7354164123535 16.7250003814697 16.6552085876465 16.5822925567627 16.453125 16.3489589691162 16.4333343505859 16.5843753814697 16.6708335876465 16.705207824707 16.8062496185303 16.8468742370605
16.3833332061768 16.4447917938232 16.4604167938232 16.5083332061768 16.6343746185303 16.65625 16.6052074432373 16.6083335876465 16.6354160308838 16.6187496185303 16.658332824707 16.6395835876465 16.6822910308838 16.8312492370605 16.8645839691162 16.9208335876465 17.1322917938232 17.1916656494141 17.203125 17.1729164123535 17.1729164123535 17.2093753814697 17.3406257629395 17.2604160308838 17.095832824707 16.8562507629395 16.7000007629395 16.7156257629395 16.7416667938232 16.828125 16.9989585876465 16.9770832061768 16.9572906494141 16.877082824707 16.9645824432373 16.9302082061768 16.8687496185303 16.8541660308838 16.794792175293 16.7270832061768 16.6927089691162 16.6156253814697 16.6489582061768 16.7406253814697 16.9364585876465 17.0083332061768
16.7510414123535 16.6916656494141 16.580207824707 16.5989589691162 16.6031246185303 16.6812496185303 16.7802085876465 16.6906242370605 16.7000007629395 16.703125 16.814582824707 16.8250007629395 16.8239593505859 16.8833332061768 16.953125 16.9677085876465 17.0427074432373 17.2374992370605 17.2354164123535 17.2562503814697 17.3156242370605 17.2749996185303 17.4249992370605 17.4947910308838 17.4499988555908 17.3604164123535 17.1937503814697 16.8250007629395 16.7062492370605 16.5750007629395 16.7447910308838 17.0145835876465 17.0229167938232 17.0104160308838 17.0499992370605 17.0499992370605 17.029167175293 16.9385414123535 16.8541660308838 16.9229164123535 16.9541664123535 16.935417175293 16.970832824707 16.9500007629395 16.997917175293 16.951042175293
17.0354156494141 17.0125007629395 16.923957824707 16.8239593505859 16.8239593505859 16.9020843505859 16.9791660308838 16.9093742370605 16.9333343505859 17.044792175293 17.1166667938232 17.1020832061768 16.9645843505859 17.0218753814697 16.9656257629395 16.9937496185303 17.0708332061768 17.1864585876465 17.330207824707 17.2854156494141 17.2916660308838 17.3197917938232 17.3291664123535 17.4437503814697 17.486457824707 17.4177074432373 17.2145843505859 16.841667175293 16.752082824707 16.6968746185303 16.9125003814697 17.158332824707 17.1520824432373 17.1416664123535 17.1499996185303 17.1239585876465 17.109375 17.0989570617676 17.1031246185303 17.0968742370605 17.0989589691162 17.0770835876465 17.122917175293 17.1479167938232 17.2145824432373 17.205207824707
17.4260406494141 17.3312492370605 17.2885417938232 17.2531242370605 17.1645832061768 17.2541656494141 17.326042175293 17.3385410308838 17.2843742370605 17.2822914123535 17.2864589691162 17.2739582061768 17.1875 17.1864585876465 17.1364574432373 17.0427074432373 17.1104164123535 17.2906246185303 17.408332824707 17.3979167938232 17.5541667938232 17.580207824707 17.4906253814697 17.470832824707 17.5 17.5364589691162 17.5104179382324 17.3895835876465 17.3031253814697 17.1656246185303 17.3687496185303 17.3718757629395 17.2614593505859 17.1343746185303 17.0864582061768 16.9895839691162 16.9489593505859 17.0062503814697 16.9541664123535 16.9364585876465 16.9135417938232 17.03125 17.127082824707 17.1343746185303 17.185417175293 17.2062492370605
17.6197910308838 17.6343746185303 17.4937496185303 17.5083332061768 17.4697914123535 17.502082824707 17.5395832061768 17.5656261444092 17.576042175293 17.5499992370605 17.517707824707 17.4833335876465 17.4874992370605 17.4458332061768 17.3687496185303 17.2604160308838 17.171875 17.2458343505859 17.294792175293 17.4302082061768 17.6614589691162 17.642707824707 17.5552082061768 17.5510406494141 17.5260410308838 17.4604167938232 17.484375 17.4572906494141 17.4520835876465 17.4427089691162 17.4375 17.4093742370605 17.3791656494141 17.3374996185303 17.1749992370605 17.0541667938232 17.0322914123535 17.0687503814697 17.0843753814697 17.091667175293 17.0739574432373 17.1354160308838 17.0822925567627 17.0979175567627 17.1302089691162 17.1010417938232
17.7937507629395 17.7270832061768 17.6302089691162 17.6468753814697 17.7114582061768 17.7197914123535 17.6447925567627 17.6614589691162 17.6791667938232 17.5770835876465 17.6208324432373 17.5927085876465 17.6166667938232 17.6062488555908 17.640625 17.5541667938232 17.4604167938232 17.4604167938232 17.5583343505859 17.5364589691162 17.5510425567627 17.6354160308838 17.6822929382324 17.7864589691162 17.7749996185303 17.7427082061768 17.7302074432373 17.6458339691162 17.6135406494141 17.5895824432373 17.5406246185303 17.4781246185303 17.4375 17.404167175293 17.3604164123535 17.265625 17.0166664123535 17.0750007629395 16.9958324432373 16.9333324432373 16.9437503814697 16.8989582061768 16.9010410308838 17.095832824707 17.1989574432373 17.1166667938232
17.8802089691162 17.7906246185303 17.9156246185303 17.8739585876465 17.8322925567627 17.9208335876465 17.8343753814697 17.8510417938232 17.84375 17.8270835876465 17.779167175293 17.6802082061768 17.7895832061768 17.7218742370605 17.7489585876465 17.7666664123535 17.701042175293 17.6177082061768 17.65625 17.6083335876465 17.6260414123535 17.7218742370605 17.8187503814697 17.877082824707 17.8447914123535 17.9520835876465 17.8979167938232 17.8208332061768 17.7739582061768 17.7604160308838 17.7552089691162 17.7020835876465 17.6645832061768 17.607292175293 17.439582824707 17.3604164123535 17.1604156494141 16.9145832061768 16.9906253814697 16.9500007629395 16.9010410308838 16.8968753814697 16.9500007629395 17.048957824707 17.1968746185303 17.2218761444092
17.872917175293 17.9114589691162 17.9156246185303 18.0125007629395 18.0354175567627 18.0083332061768 17.9677085876465 17.9520835876465 17.9343757629395 17.9500007629395 17.9302082061768 17.8666667938232 17.8645839691162 17.8395843505859 17.8500003814697 17.8552093505859 17.8062496185303 17.6843757629395 17.7354164123535 17.747917175293 17.810417175293 17.736457824707 17.6781253814697 17.8364582061768 17.9604167938232 17.9874992370605 17.9343757629395 17.9291667938232 17.8802070617676 17.8958339691162 17.8666667938232 17.861457824707 17.7593746185303 17.6593742370605 17.5562496185303 17.4458332061768 17.1843757629395 16.877082824707 16.7802085876465 16.7531242370605 16.7447929382324 16.7531242370605 16.7708339691162 16.861457824707 17.2156257629395 17.2270832061768
17.8093757629395 17.8687496185303 17.9385414123535 18.0552082061768 18.0479164123535 18.0697917938232 18.0302085876465 18.0041656494141 17.9770832061768 18.0052089691162 17.9760417938232 17.9833335876465 18.002082824707 18.0427093505859 18 17.9072914123535 17.9541664123535 17.9572925567627 17.8999996185303 17.923957824707 17.8999996185303 17.8447914123535 17.8468742370605 17.8739585876465 18.013542175293 18.0552082061768 18.076042175293 18.0572910308838 18.0166664123535 17.9958324432373 17.9968757629395 17.9583339691162 17.8385410308838 17.7374992370605 17.622917175293 17.4479160308838 17.158332824707 16.8697910308838 16.7864589691162 16.7604160308838 16.7281246185303 16.7489585876465 16.8156242370605 16.890625 17.127082824707 17.1749992370605
17.8177089691162 17.7739582061768 17.8333339691162 17.8937492370605 17.9437503814697 18.0510406494141 17.9770832061768 18.0437507629395 18.0562496185303 18.0677089691162 18.0302085876465 18.0010414123535 18.017707824707 18.0541667938232 18.0104160308838 18.0208339691162 18.029167175293 18.1187496185303 18.1260414123535 18.1302089691162 18.1468753814697 18.1437492370605 18.0479164123535 18.1083335876465 18.1135406494141 18.1083335876465 18.1531257629395 18.1708335876465 18.138542175293 18.1124992370605 18.0843753814697 18.0187492370605 17.9468746185303 17.8635425567627 17.6843757629395 17.4812507629395 17.1843757629395 16.939582824707 16.814582824707 16.8385429382324 16.8656253814697 16.78125 16.8020839691162 16.9281253814697 17.1208343505859 17.1645832061768
17.9364585876465 18.0104160308838 18.0395832061768 18.0593757629395 18.1364574432373 18.2093753814697 18.1291675567627 18.0770835876465 18.048957824707 18.0364589691162 18.017707824707 18.0239582061768 18.0687503814697 18.0718746185303 18.0083332061768 18.0072917938232 18.0812492370605 18.1104164123535 18.1916656494141 18.2447910308838 18.294792175293 18.2802085876465 18.2614593505859 18.2145824432373 18.2124996185303 18.2593746185303 18.2562503814697 18.2177085876465 18.1604175567627 18.25 18.1937503814697 18.1260414123535 18.0385417938232 17.9114589691162 17.8093757629395 17.6031246185303 17.3322906494141 17.0562496185303 16.8875007629395 16.890625 16.9760417938232 16.919792175293 16.9031257629395 17.0895843505859 17.1749992370605 17.2468757629395
18.0427093505859 18.0864582061768 18.127082824707 18.122917175293 18.1218757629395 18.173957824707 18.220832824707 18.2447910308838 18.1760406494141 18.1510410308838 18.1354179382324 18.1197910308838 18.1750011444092 18.0770835876465 18.1187496185303 18.0822906494141 18.1312503814697 18.1760425567627 18.2468757629395 18.2645835876465 18.375 18.4135417938232 18.4312496185303 18.3166675567627 18.388542175293 18.3197917938232 18.3322906494141 18.2864589691162 18.279167175293 18.3041667938232 18.265625 18.2822914123535 18.1458339691162 17.982292175293 17.736457824707 17.5260410308838 17.4093742370605 17.2145843505859 17.0531253814697 16.9499988555908 17.0010414123535 17.0218753814697 17.122917175293 17.2437496185303 17.2270832061768 17.2739582061768
