input_data/future_climate/CNMR_585/_bio19_a.asc
ncols  331
nrows  193
xllcorner  17.833372883333
yllcorner  37.9999896166667
cellsize 0.1666667
NODATA_value  -9999
[rows 90 to 119 of 193, columns 138 to 206 of 331]
116.0625 117.5 119.625 124.375 127.5 125.9375 119.625 112.5 106.8125 103.3125 101.0625 99.375 96.5 95.0625 93.9375 91.875 90.5 90.25 93.625 98.0625 104.25 110.75 113.25 111.6875 109.4375 107.25 104.625 102.75 100.375 97.9375 94.5 90.5 86.5 83.8125 83.1875 82.75 81.5 79.75 78.8125 78 77.375 77.375 78.8125 80 81.25 84.0625 86.625 90 92.75 95.75 100.75 103.6875 105.75 107.5625 108 107.5 107.5 108.125 108.4375 108.5 108.875 109.0625 109.3125 109.6875 110.6875 111 109.875 108.5 106.8125
115.0625 117.5 120.25 123.8125 128.3125 129.6875 123.1875 116 110.75 106.1875 102.4375 100.1875 98.25 96.1875 94 91.25 90.4375 91.75 95.4375 99.0625 104 108.5625 112 110.75 108.3125 106.125 103.5 101 99.125 96.375 93.625 89.5 87.4375 85.625 84.5625 82.9375 81.4375 80.9375 79.75 78.5 77.875 78.4375 78.8125 79.9375 81.125 83.4375 86.1875 89.375 91.125 96.25 101.9375 105.125 107.625 108.5625 108 107.0625 106.0625 105.75 106 106.1875 107.3125 107.9375 108.4375 109.125 110.625 111.625 111.1875 109.1875 107.375
113.4375 116.1875 118.375 122.625 125.25 127.0625 122.8125 118.4375 113.875 109.375 105.875 102.6875 99.9375 98.3125 96.0625 94.3125 93.625 94.8125 96.875 99.8125 103.5 106.8125 108.125 108 106.625 103.9375 100.5625 99 98.25 96.875 95.0625 91.625 90 88.0625 86.8125 84.5625 83.1875 82.5625 81.6875 81.875 80.8125 80.25 80 80.0625 81.25 83.5625 85.9375 88.875 91.3125 97.625 102 106.25 109.5 110.1875 109.1875 106.75 104.9375 102.9375 102.75 103.5 104.4375 95.3125 96.4375 109.0625 110.5625 111.9375 112.25 111.3125 109.8125
111.6875 113.6875 116.125 120.5625 122.875 122.875 121.25 117.8125 114.5625 110.625 106.6875 102.625 101.125 99.5625 99 96.1875 95.25 95.4375 96.75 100.125 102.4375 105.125 106.3125 106 105.1875 103.3125 101.125 99.8125 99 98.625 97.75 95.9375 93.75 91.375 89.25 87.9375 85.5625 86 85.1875 84.0625 82.8125 81.125 81 80.375 81.375 82.375 84.625 88.1875 93.0625 98 102.6875 108.375 112 113 110.375 107.125 103.4375 99.6875 99.375 101.25 91.6875 93.9375 94.5625 95.5625 110.4375 112.25 112.875 111.75 110.3125
108.1875 111.0625 115.625 118.8125 121 121 119.8125 117.5 113.625 110.5625 108 104.3125 101.4375 99.1875 97.4375 96.25 95.5 95.8125 95.75 97.8125 99.875 102.8125 103.4375 103.625 102.3125 100.1875 99.875 100.8125 101.75 101.375 101.375 99.3125 97.125 95.4375 93.1875 90.875 90.625 89.375 88.0625 87.25 85.125 83.625 82.6875 81.6875 81.5 82.125 85 88.8125 94.1875 100.875 106.1875 111.4375 116.0625 117.1875 113.1875 107.8125 102.625 98.25 98.5 99.875 89.6875 91.3125 93.6875 95.6875 111.0625 112.9375 114 112.625 111.25
107.375 110.0625 114.3125 117.75 119.25 119.625 118.25 116.6875 114.1875 112.0625 109.375 104.1875 101.5625 98.4375 95.5625 94.25 95 94.4375 94.75 96.9375 98.25 102.375 102.5 101.3125 100.0625 98.125 100.3125 102.8125 103.75 104.0625 103.25 101.375 99.9375 98.0625 96.25 96.5625 94.625 93.1875 91.5 90.75 89.1875 86.875 85.9375 83.9375 83.125 82.4375 86.0625 90.6875 95 101.6875 107.5 112.6875 119.3125 121.4375 115.125 108.9375 103.5625 100.375 99 100.125 88.25 90.3125 105.6875 107.9375 110.6875 112.5625 114.5 113.5 111.375
109.5 112.25 114.6875 117.0625 118.25 119.0625 118.5625 116.625 115.125 113.3125 109.625 105.6875 103 100.125 95.875 94.375 94.25 93.75 93.75 96.375 100.75 102.3125 102.25 102.125 100.9375 100.6875 103.3125 106.125 107.5625 107.3125 105.5625 104.875 103.4375 103.25 101.8125 99.9375 98.625 96.875 95.5625 93.875 92.3125 90.4375 88.875 87.6875 86.375 87 87.625 90 95.3125 102.25 107.3125 113.3125 118.75 120.6875 115.1875 109.4375 104.3125 100.25 99.9375 100.125 102.375 103.75 104.5625 106.875 109.625 112.3125 113.8125 114.0625 112.375
112.4375 113.25 115.375 117.9375 118.75 119.0625 117.75 117.0625 115 113.625 110.9375 108.4375 106.1875 103 98.875 96.5 94.625 93.9375 95.75 98.375 99.4375 101.8125 103.6875 103.75 104.125 104.875 107.25 110.1875 111.375 110.375 109.6875 108.4375 106.5 105.375 104.5 103.875 103.125 101.875 98.625 97.25 95.3125 93.75 92.3125 90.5 88.8125 89.625 91.4375 92.3125 94.6875 100.3125 106.25 112.125 116.1875 116.875 113.625 109.4375 104.4375 101.125 101.75 102.75 102.75 104.0625 104.9375 107.0625 110.9375 114.0625 115.4375 114.25 113.5625
114.5 115.75 116.875 119.125 119.8125 119.5625 118.75 117.5625 117 114.4375 113.4375 112.0625 110.5625 108 106 102.5625 99.25 97.5 99.5 101.5 102.5 103.75 104.375 105.0625 106.0625 107.625 110.75 113.375 115.6875 115.5 113.6875 111.9375 110.75 109.3125 108.5 107.5625 106.0625 104 102.1875 101.1875 99.5625 97.75 95.8125 93.625 91.375 91.5 92.1875 92.8125 94.625 100.875 107.25 111.5625 113.9375 114.3125 112.875 109.5625 105.75 104 103.625 104 104.8125 106.5 107.3125 109.9375 112.5 115.375 116.75 116.125 113
116.125 117.125 118.3125 119.9375 120.0625 121.125 119.8125 119 118.4375 117.25 115.375 115.125 114 112.25 110.0625 108.0625 105.6875 103.75 103.3125 104.1875 104.4375 104.75 105.8125 106.5625 108.25 110 112.375 116.1875 119.125 117.6875 115.5625 114.875 113.8125 112.9375 112.125 111.25 109.875 108.5 107.5 105.8125 103.75 102.75 100.125 96.875 94.75 93.5 93.5 94.625 96.25 101.6875 107.4375 111.25 112.5625 112.75 112.6875 110.0625 107.5 106.375 106.5625 106.4375 108 109 110.625 112.9375 115.4375 117.375 118.75 118.0625 115.25
118.125 119.125 119.6875 120 121.375 121.8125 120.4375 120.125 120.4375 119.625 118.625 117.375 117.4375 117.1875 116.5625 113.3125 110.5 108.125 106.875 106.8125 107.5625 107.25 107.625 108 109.125 109.9375 112.3125 115.8125 118.6875 118.5 118 117.75 115.9375 117 115.875 115.9375 115.25 114.1875 111.875 109.75 108.5625 105.8125 103.3125 99.75 97.9375 95.8125 94.9375 96.75 99.375 102.8125 106.875 111.625 112.8125 113.5625 112.75 110.6875 110.1875 109.5 109.6875 109.8125 109.9375 111.25 113.625 116 118.625 121.8125 124 123.375 119.875
119.1875 119.625 119.875 119.625 120.625 120.875 120.375 122.125 121.8125 121.0625 120.6875 120.0625 119.625 120.1875 120.1875 117.875 114.6875 111.9375 109.625 109 109.0625 108.375 108.375 108.25 108.375 108.5625 111.375 115.375 117 118.125 118.625 117.5 117.9375 117.9375 102.5 103 104.75 119.875 119 115.5 113.8125 111.25 107.75 104.25 100.25 97.5 97.0625 98.625 100.6875 105.3125 109 112.875 114.625 114.125 113.625 112.3125 112.6875 111.4375 111.25 92.6875 92.75 94.875 96.6875 99.3125 122.9375 126.875 130.125 129.875 125.375
119.6875 119.875 118.875 119.5625 119.25 119.5625 121.6875 122.9375 123 122.625 122.9375 122.375 122.1875 121.75 120.4375 119.0625 116.875 114.3125 112.375 111.6875 111 110.375 108.875 108.5625 108.25 108.4375 110.5 112.875 114.4375 116 117.4375 99.1875 102.4375 103.5 105.4375 107.375 107.75 108.0625 107.3125 106.75 121.4375 117.4375 113.625 109.25 104.4375 100 98.6875 100.25 103.125 106.375 110.25 113.0625 114.125 113.6875 114.8125 113.6875 113.5 93.8125 93.9375 94.1875 93.8125 95.9375 97.8125 100.4375 103.1875 128.75 132.1875 132 125.0625
119.8125 119.5 119.25 120.125 119 120.375 122.375 123.3125 125.4375 125.375 124.8125 124.0625 122.8125 122.3125 120.375 118.9375 117.3125 115.6875 113.6875 113.125 112.5625 111.5 110.0625 109 108.375 109.375 110.25 110.75 112.9375 114.4375 97.9375 99.875 102.5625 104.9375 107.4375 109.8125 111.6875 113.875 114.5625 113.125 110.5625 106.25 119.75 115.6875 111.5 105.25 101.5 102.875 104.6875 107.5 110.5625 113.4375 114.875 114.6875 114.4375 114.375 96.125 95.875 94.5 94.5 95.4375 96.4375 98.6875 100.0625 103.8125 130 133.0625 131.75 125.5
119.6875 119 118.875 118.9375 118.875 120.4375 121.5625 124.25 126.625 127.3125 127.0625 126 123.6875 122.5625 121.25 118.875 117 115.625 114.625 113.6875 113.125 111.25 109.4375 108.3125 107.6875 107.9375 108 108.875 111.0625 96 98.375 100.5 103.1875 105.8125 109 112 115.5625 116.8125 117.25 117.75 116.125 112.5 109 120.125 115 107.5 104.9375 104 105.375 107.25 109.1875 112 114.25 114.5 113.9375 114.8125 95.0625 95.3125 95.25 95.6875 95.375 96 97.5 99.5625 100.9375 103.875 128.875 127.25 121.8125
118.125 118.25 117.75 117.8125 118.9375 120.375 123.6875 125.6875 127.375 127.8125 127.5 126.6875 124.3125 122.9375 120.8125 118.125 116.0625 114.0625 113.4375 113.6875 113.625 111.8125 109.5625 108.0625 106.875 105.8125 105.5625 106.8125 108.75 93.0625 96.0625 99 102.4375 105.75 109.75 113.8125 117.375 120.8125 123.9375 121.875 119.75 117.25 114.125 109.25 101.625 110.5 107 104.3125 104.125 105.75 108 109.5625 111.3125 112.5625 113.75 94.75 95.8125 95.6875 94.5625 94.75 95.5 95.8125 96.4375 98.3125 99.4375 99.75 122.75 120 115.8125
116.5625 116.0625 116.3125 116.5 118.1875 120.4375 123.625 126.1875 126.9375 127.625 126.9375 126.8125 124.6875 122.4375 120.1875 116.5 114.125 112.6875 113.0625 114 113.75 111.4375 108.8125 106.8125 104.6875 104 103.375 104.125 106.1875 91.9375 94.75 97.5 100.8125 105 109.8125 114.5625 119.0625 122.9375 126.9375 126.3125 124.625 120.5 117.9375 110.5625 102.75 112.4375 107.3125 103.8125 102 103.125 104.875 107.0625 109 111.0625 112.9375 113.8125 95 95.1875 94.875 94.8125 94.25 94.1875 94.3125 95.1875 94.9375 94.4375 115.9375 114.0625 111.5
115.0625 114.8125 114.625 115.6875 116.8125 120.1875 123.25 126 127.25 126.8125 126.4375 126 125.125 122.375 118.625 115.375 113 111.75 112.1875 112.75 112.25 110.25 108.125 105.6875 104.0625 102.25 100.875 102.0625 104.8125 91.1875 94.4375 97.6875 101.4375 103.75 108.5625 113.0625 119.3125 123.75 128.5625 133.75 127.4375 120.6875 114.4375 106.4375 118.3125 111.4375 105.125 100.25 98.9375 100.3125 101.625 103.375 105.8125 108.3125 111.375 113.4375 114.625 95.3125 93.625 93.25 92.375 91.8125 92.5625 92 90.8125 89.4375 110 108.625 106.1875
113.125 113 112.875 113.125 115.5 119.6875 123.8125 126.75 127.875 127.6875 127.9375 126.5 124.8125 121.75 117.875 114.5625 112.1875 110.5625 110.125 111.0625 110.1875 108.375 107 104.75 102.5 100.625 100 101.0625 103.25 106.4375 92.8125 96.75 100.25 101.8125 106.375 111.625 117.375 125.4375 135.5625 134.6875 124.1875 117.625 110.5625 104.4375 115.9375 108.3125 100.9375 96.4375 95.375 97.3125 99 100.75 102.9375 105.625 108.875 112.1875 114 114.625 91.4375 89.875 89.75 88.5625 88.0625 87.25 85.625 85.1875 104 102.4375 100.0625
111.3125 110.75 110.375 110.5 113.25 119.6875 124.8125 128.8125 130.1875 129.25 128.75 127.125 124.375 122.0625 118.0625 113.3125 110.125 108.4375 109.5625 109.3125 108.75 107.5625 105.25 103.5625 101 99 99.0625 100 102.8125 105.5 108.9375 112.75 116.875 121.625 125.8125 133.1875 116.4375 121.8125 122.8125 152.25 145.8125 137.125 128.375 120.4375 112.5 104.9375 98.125 93.8125 92.875 95.0625 96.625 98.25 100.6875 103.125 106.1875 109.1875 111.875 112.75 110.0625 108.625 106.0625 104.875 103.1875 101.75 100.4375 99.4375 98.5 97.125 95.375
110 109.8125 109.25 108.6875 112.125 120.125 126.5625 131.1875 132.375 131.0625 130.125 127.875 125.625 122.75 117.875 113.5 110.5 109.5 108.75 108.4375 106.875 105.1875 104.1875 101.5625 98.875 98.0625 97.375 98 100.75 104.4375 108 111.625 114.5625 118 121.4375 127.125 108.5625 112.25 141.6875 141.625 136.6875 128.9375 121.375 114.6875 107.4375 100.9375 96.5625 93.5 92.5 93.4375 81.125 81.75 82.75 100 102.9375 105.5 107.8125 108.1875 106.375 104.5 102.125 99.875 97.5 96 95.1875 94.5625 93.5625 92.0625 90.875
108.3125 108.5625 108.6875 109.75 114.5 121.375 129.125 133.875 134.4375 133.4375 130.625 128.5 126.0625 123.1875 118.3125 115.25 112.4375 111 109.25 108 105.5 104 102.375 99.8125 98.25 97.375 96.625 96.0625 99.0625 103.3125 107.9375 109.625 111.5 114.8125 117.1875 99.9375 101.875 103.75 104.6875 104.6875 125.5625 120.75 114.75 108.9375 102.25 97.8125 94.625 92.625 91.75 92.5625 79.1875 79.8125 80.625 81.3125 82.5 101.25 102.5625 102.625 101.6875 99.5 97.0625 94.75 92.8125 90.25 89.4375 89 88.25 87.3125 86.875
107.6875 107.5625 108.8125 110.8125 113.875 121.125 129.125 135.75 135.875 132.9375 130.875 129.75 127.3125 123.5625 120.8125 117.0625 114.375 112.3125 110 108 105.6875 103.4375 101.4375 99.125 97.625 96.9375 95.25 95.5 98.5 101.6875 102.625 105.3125 108.5 109.9375 112.375 95.25 96 96.25 96.4375 96.1875 114.9375 111.625 106.6875 101.625 97.5 94.1875 92.3125 91 90.1875 77.375 77.8125 77.5625 78.3125 78.375 78.6875 78.75 98 98 96.625 94.875 92.6875 89.875 86.375 84 83.4375 82.875 82.8125 82.4375 81.3125
108.375 107.875 109.25 111 113.125 116.9375 123.8125 129.75 130.875 130.0625 130.125 129.5625 127 124.75 122.4375 118.8125 116.0625 113.0625 111.6875 108.8125 106.375 103.5625 100.875 98.9375 97.4375 95.875 95.4375 96.6875 98.0625 98.375 99.25 101.9375 103.8125 104.4375 89.625 89.25 89.1875 89.125 89.375 88.5625 86.6875 101 98.8125 96 93.375 91.625 90.8125 90.125 89.375 76.125 76.625 76.625 75.75 75.0625 75.3125 75.375 75.3125 92.875 91.625 89.125 86.3125 83.9375 81.3125 79.4375 79.0625 79.1875 79.6875 79.5625 79.375
109.0625 108.75 108.875 109.6875 110.625 111.875 115.25 119.8125 122.9375 126.375 127.5 127.625 127.3125 125.5625 123.4375 120.5625 117.5625 114.8125 112.8125 109.875 107.1875 103.5625 100.3125 98.0625 96.75 96.25 96.1875 96 97.75 97.6875 97.6875 98.875 99.8125 99.625 84.0625 82.625 81.5 81.375 81.125 80.5 79.6875 93.1875 92.1875 91.25 90.6875 89.3125 88.5625 88.125 87.75 75.3125 75.25 74.8125 73.5 72.5 72.0625 72.1875 71.75 87.1875 85.75 84.25 82.375 80.375 78.75 77.0625 76.5 76.6875 76.625 76.5 76.375
110.25 110 109.8125 109.8125 109.5625 108.4375 107.25 110.5625 117.5625 123.125 126.75 127.6875 127.5625 125.375 123.125 121.25 119.125 116.9375 114.1875 111.4375 108.3125 103.6875 99.25 97.375 96.9375 96.5 96 95.1875 96.3125 96.75 96.125 95.3125 95.6875 95.125 79.8125 77.75 76.375 76.25 75.9375 74.8125 87.125 86.0625 86.4375 86.75 87.4375 87.4375 87.625 87.125 87.25 87.5625 72.1875 71.375 69.9375 69.625 69 68.625 68.25 83 82 80.8125 79.1875 77.6875 76 75.25 74.9375 74.3125 74.5 74.125 73.9375
111.3125 111 110.5625 110.3125 109.5625 107.25 104.1875 106.8125 114.3125 120.625 125.75 127.8125 127.1875 125.125 123.375 122.1875 120.375 118.9375 116.75 113.875 110.0625 105.25 99.8125 97.5 97 96.4375 95.8125 95.4375 95.375 94 93.5625 93.625 93.25 92.875 77.5 75.5625 72.9375 71.5 70 68.8125 79.0625 78.875 80.5625 82.5 84.75 85.1875 85.5625 85.6875 85.75 84.9375 84.1875 68.625 68 67.875 67.125 66.625 80.625 79.6875 78.875 77.625 76.6875 75.125 73.9375 73.4375 73 72.1875 71.8125 71.5625 71.3125
114.125 113.4375 112.9375 112.375 111.25 109.125 107.0625 109.125 113.875 119.625 125.1875 128.125 127.6875 125.4375 124.375 123.4375 122.125 120.5 119.5 116.9375 113.5625 107.9375 102.6875 100.0625 98.4375 97.4375 95.5625 95.1875 94.9375 92.1875 92.5 92.25 91.5625 90.375 89.25 71.75 70.5625 68.8125 66.875 75.75 72.125 72.1875 76.6875 80.75 83.3125 84.875 85 85.125 84.9375 83.9375 82.25 81.375 67.1875 66.25 65.4375 78.25 77.375 76.6875 76.1875 75.25 74 72.625 72.125 71.1875 70.125 69 69.875 68.5 68
117.4375 115.25 115.75 114.75 113.5625 111.875 110.4375 111.5625 113.8125 118.6875 123.3125 126.25 125.3125 123.875 123.5 123.6875 123.25 122.3125 121.5 120.375 116 110.875 105.6875 102.375 99.625 97.3125 95 94.0625 92.5 91.8125 89.6875 89.8125 89.125 88.5625 87.875 85.9375 84.0625 81.4375 77.625 73.3125 70.4375 70.875 75.0625 79.625 82.5625 84.625 84.4375 84.9375 83.75 82.25 80.9375 79.6875 78.1875 77 76.25 75.625 74.875 74.375 73.8125 72.125 69.9375 69.25 68.3125 67.5 66.875 66.3125 66.25 66 65.8125
121.5 121.125 120.6875 119.375 117.375 115.125 113.6875 113.5625 114.6875 117 119.4375 120.75 120.875 120.75 121 121 122 122.3125 121.8125 121.4375 117.375 112.125 107.625 103.75 100.3125 98.0625 95.375 93.3125 90.9375 89.875 89.1875 88.8125 87.9375 87.625 86.9375 86.25 84.8125 81.3125 77.1875 73.4375 71.9375 71.9375 74.4375 78.0625 81.3125 83.875 84.375 84.3125 82.0625 80.125 78.5625 76.75 75.25 74 72.875 72.3125 70.9375 69.8125 69.5 68.375 67.6875 67.5 66.4375 65.25 65.3125 64.875 64.6875 64.0625 63.75
