input_data/future_climate/CNMR_585/_bio13_a.asc
ncols  331
nrows  193
xllcorner  17.833372883333
yllcorner  37.9999896166667
cellsize 0.1666667
NODATA_value  -9999
[rows 32 to 63 of 193, columns 213 to 283 of 331]
74.4375 74.875 75.3125 75.8125 75.9375 76.625 76.8125 76.875 77.1875 77.125 77 76.75 76.9375 77.6875 77.125 76.25 76.3125 76.25 76.6875 77.6875 77.875 78.25 78.5625 79.25 78.9375 79.125 78.3125 77.9375 78.8125 79 79.25 79.5 81.6875 85.9375 85.625 87.75 87.75 91.625 91.125 85 83.0625 82.375 84.6875 83.3125 82.875 82.375 84.9375 84.0625 81.125 81.3125 79.8125 78.3125 79.0625 79.875 80.0625 80.3125 80.5 80.8125 81.625 81 81.625 81.3125 81.0625 81.5625 81.8125 81.75 81.875 81.875 82.25 81.4375 81.1875
75.0625 75.8125 75.75 74.9375 75.8125 75.9375 76.0625 76.5625 76.5 76.0625 76.375 76.5 76.8125 76.9375 76.4375 76.8125 77.375 76.4375 76.6875 77 78.25 79.3125 79.25 79.625 80 80.25 79.5625 79.125 78.9375 79.1875 79.1875 78.5625 78.25 80.375 84.75 88.0625 91.625 94.5625 88.6875 85.125 83.75 81.125 81.5 81.1875 79.125 78.25 78.3125 78.4375 78.8125 78.5625 79 79.1875 79.125 79.5 80 80.5625 80.875 81.0625 82.25 81.6875 81.9375 82.3125 82.6875 83.0625 82.25 82.4375 83 83.5 83.5 82.125 81
75 75.3125 75.875 75.5625 75.5 75.3125 76 75.75 75.9375 75.9375 76.6875 76.3125 75.8125 75.8125 76.0625 76.5 77.0625 76.8125 76.9375 77.5 78 79.1875 79.375 79.25 79.875 79.4375 78.8125 79.4375 79.8125 79.0625 78.8125 80.25 81.5 82.4375 87.8125 93.75 93.75 93.9375 86.5 82.75 81.9375 82.375 81.375 79.4375 77.8125 78.0625 78.3125 78.5 79 80 80.125 80.5625 80.1875 79.9375 80.0625 80.25 80.375 81 82.125 82.6875 83.1875 83.3125 83.1875 83.25 83.5625 83.5 83.8125 84.0625 84 81.25 81.125
74 73.75 74.25 75.1875 75.0625 74.75 74.875 75.125 75.8125 76 76.1875 76.25 76 76.3125 75.625 75.25 76.0625 76.375 76.9375 77.5625 77.9375 78.6875 79 79 79.375 79.5 79.625 79.625 79.625 80.1875 81.125 80.625 82 81.6875 84.6875 89.9375 89.0625 85.125 84.1875 84.5625 84.8125 81.75 81.0625 79.5 79.125 79.25 79 78.9375 79.25 79.875 79.3125 79.3125 79.6875 80.25 80.5 80.8125 81.9375 82.4375 83.5625 84 84.4375 84.375 83.5 83.75 84.3125 84 84.1875 84.5625 84.5625 82 81.1875
73.5 73.9375 74.4375 74.9375 74.75 74.5625 75.625 76.1875 76.0625 76.3125 76.625 76 76.0625 76.0625 75.6875 75.0625 74.9375 75.375 75.5625 76 76.5 77.25 78.0625 78.4375 79.0625 79.3125 80.625 80.25 81.0625 82.375 82.625 81.5 82.25 83.5 82.6875 87.25 84.625 86.375 89.125 86.3125 84.4375 82.625 81.5625 80.6875 80.375 80.75 79.875 79.4375 79.0625 79.75 80.0625 80.625 81.75 82.5625 82.9375 82.8125 83.5 84.4375 85 85.0625 84.9375 84.6875 83.5 83.1875 83.6875 84.0625 83.75 83.3125 82.375 81.375 80.8125
74 73.25 74.3125 75.1875 74.5625 75.5625 77.0625 77.5 77.5625 77.875 77.125 77.4375 77.125 76.0625 74.6875 74.625 75 75.1875 75.3125 75.0625 75.5625 76.5 76.9375 77.8125 78.8125 79.4375 81.125 81.5 82.125 83.125 83.125 82.6875 84.25 84.5 91.1875 91.25 87.5625 87.625 86.1875 84.75 87.375 81.75 79.8125 80.4375 81.5 82.4375 81.875 81 80.1875 80.8125 81.0625 82 82.5625 82.9375 83.8125 84.0625 84.3125 84.3125 84.625 84.375 84.375 84.1875 83.25 82.75 82.6875 82.375 82.0625 81.875 81.9375 81.375 80.5
73.4375 73.0625 72.8125 73.375 73.9375 74.8125 75.8125 75.875 77.125 78.0625 77.875 76.875 75.3125 75.25 74.3125 74.8125 74.75 74.4375 74.875 74.6875 75.625 76.375 77.625 78.5625 79.25 80.4375 81.125 84.0625 84 83.6875 84.25 84.8125 86.3125 90.375 96.375 90.125 86.0625 88.25 84.25 84.125 83.1875 80.125 80.25 81.8125 82.5 82.5625 83 81.75 80.5625 81 81.0625 81.8125 81.8125 82.875 83.875 84.1875 84.8125 84.8125 84.4375 84.25 84.25 84.125 84 84.0625 84.25 83.5 82.75 81.9375 81.375 81 80.75
73.0625 73.5625 73.625 73 73.5625 74.625 75.875 76.125 76.9375 78 77.25 76.625 75.6875 74.625 75.1875 75.9375 75.5625 75 74.75 75.1875 76.625 77.625 78 78.625 80.125 82.625 82.0625 85.625 86.8125 85.0625 84.0625 84.125 86.75 91.6875 93.25 89 87.5625 86.6875 84.6875 83.25 81.375 81.8125 82.625 83.3125 82.875 83.25 82.5625 82 81.375 81.9375 83.5625 83.5 82.375 82.0625 82 84 84.875 84.0625 83.625 84.8125 86 87.0625 85.3125 84.8125 84.75 83.9375 83.0625 82.4375 82.0625 81.25 81.1875
73.0625 73 72.9375 72.1875 72.125 73.4375 73.625 73.9375 74.5625 74.8125 74.8125 75.0625 74.5625 73.875 74.5 75.625 75.625 76.0625 75.8125 76.75 77.5625 77.9375 78.5625 79.3125 80.8125 81.8125 83.25 85.875 85.5 86.5625 86.25 85.375 86.8125 92.875 91.4375 88.4375 88.625 85.625 85 82.6875 81.25 81.1875 82 82.25 82.5 82.6875 82.1875 81.4375 81.3125 83.5625 86.3125 85.9375 84.625 82.6875 82.25 82.8125 83.75 83.0625 82.375 82.75 83.25 84.4375 84.3125 84.125 83.375 82.9375 82.625 81.6875 82.0625 81.5625 81.4375
73.6875 73.1875 72.5625 72.3125 72.9375 72.375 72.4375 72.6875 72.9375 73.75 74.6875 74.6875 74.25 74.1875 74.75 75.25 76 76.3125 76.6875 77.5625 77.6875 78.1875 79.25 79.9375 80.75 81.75 85 86.75 85.5 87.4375 88.625 85 89.875 92.875 95.5 93.3125 91.0625 87.6875 85.4375 83.6875 83.1875 82.5 82.5 81.8125 82.0625 82.4375 82.125 82 81.75 83.3125 85.0625 85.125 84.6875 84.125 83.9375 83.625 83.25 83 82.5625 82.3125 82.875 83.3125 83.1875 83.25 82.75 82.1875 81.75 81.625 81.9375 81.5 81.0625
73.25 73.375 72.9375 72.9375 72.875 72.875 73.0625 73.1875 73.6875 73.75 74.5625 74.75 74.75 75.25 75.625 75.375 76.1875 77 77.3125 78.3125 79.1875 79.9375 80.4375 80.9375 81.75 82.6875 84.9375 87.25 87 86.5625 85.4375 85.375 90.25 92.5 92.9375 93.75 89.4375 87.5625 87.3125 86.625 85.1875 85.375 85.75 85.125 84.1875 84.25 83.25 82.125 82.5625 83.625 84.5 85 85 84.25 83.625 83.6875 83.125 82.875 82.8125 82.8125 84.0625 83.5 82.875 82.125 81.5625 81.6875 81.6875 82 81.625 80.875 80.625
73.9375 73.875 74.1875 74.125 73.5625 74 73.5625 73.8125 74.375 75.0625 76.0625 77.0625 77.9375 78.0625 78 78.25 77.4375 77.0625 78.4375 80.0625 80.625 80.875 80.875 81.25 81.6875 82.6875 83.875 86.0625 87.25 89.125 88.5625 86.5 86.75 94.4375 92.4375 91.625 92.3125 90.125 89.0625 87.8125 86.375 86.75 86.375 86.1875 86.625 86.6875 85.75 84.25 83.625 83.9375 84.625 85.0625 85.125 84.6875 84.0625 83.375 83.5 83.4375 83.875 84.875 84.9375 84.3125 83.75 82.875 82 81.5 81.4375 81 81.1875 80.3125 81.0625
75.75 75.9375 75.0625 75.1875 75.3125 75.5625 75.9375 75.875 76.3125 76.8125 77.375 78.1875 78.125 78 78.75 79 78.625 78 79.125 80 80.25 80.9375 81.3125 82.0625 82.3125 82.6875 83.625 84.625 86.625 87.5 88.1875 87.5 86.3125 87.875 92.9375 93.875 95.4375 93.4375 92.625 89.4375 88 86.0625 85.75 86.125 87.3125 87.5625 86.5 86.3125 85.125 84.3125 85 85.6875 85.25 84.25 83.8125 83.75 84.375 85.0625 85.0625 84.5625 84.125 83.875 83.4375 83.0625 82.5 82.0625 81.4375 81.25 81.625 81.375 81.125
74.5625 75.0625 75.0625 74.625 74.9375 75.375 75.375 76.25 76.3125 77.5 77.8125 78.75 78.6875 78.4375 78.75 78.5 78.5625 78.6875 79.0625 80.4375 80.9375 81.8125 81.9375 82.25 82.75 82.875 84.3125 85.5 85.4375 86 88.9375 89.1875 91.8125 89.6875 91.9375 94 95.75 96.8125 94.5 90 89 88.5 86.5 86.125 86.5625 87.25 87.875 87.1875 85.6875 84.5 84.4375 84.6875 84.25 84.3125 84.5625 84.9375 84.9375 85.875 86.1875 84.375 85 84.75 83.8125 83 82.3125 81.6875 81.375 81.4375 81.4375 81.375 80.8125
74.375 74.8125 74.75 74.25 74.1875 74.625 75.5625 76.125 76.9375 77.375 78.75 79.25 79.5 79.875 79.3125 79.25 79.5 79.6875 81 82.125 82.125 82.4375 83.3125 83.5625 84.375 85 85.75 87.3125 88.3125 87.875 88.4375 88.0625 88.5625 91 89.8125 92.5625 94.5 98.1875 93.5 90 89.0625 88.4375 87.0625 86.5625 86.4375 87 87.625 87.125 86.5625 85.3125 85.3125 85 85.25 85.5 85.5 85.625 86.25 86.25 85.375 85 85.125 85.125 84.25 82.875 82.25 82.25 82.375 83.4375 83.6875 82.625 82.0625
74.0625 74.0625 73.75 74.25 74.625 75.1875 76.1875 76.6875 77.0625 77.9375 78.75 79.375 80.9375 81.3125 80.75 80.5 81.25 82.3125 83 84.0625 83.6875 83.9375 84.5 84.9375 85.75 86.875 87.875 88.0625 88.875 90 88.875 90.5625 92.25 96.3125 94.875 96.9375 99.1875 97.0625 92.5625 90.3125 89.875 88.5625 87.3125 87 86.9375 86.8125 88.1875 86.625 85.1875 85.0625 85.5625 85.625 85.625 86.125 86.75 86.875 86.25 86.25 85.375 85.125 84.9375 84.5 84.3125 83.0625 82.5625 82.75 83.625 84.375 84.625 84.4375 83.375
73.9375 74.25 74.3125 74.625 74.9375 75.125 76.0625 76.75 76.8125 77.625 78.4375 78.125 79.5 81 81 81.5 82.4375 83.8125 84.25 84.25 84.4375 84.75 84.9375 85.25 85.625 86.8125 87.25 87.375 87.8125 88.4375 88.0625 89.375 92.3125 93 97.375 97.6875 99.3125 95.8125 93.75 92.8125 90.5625 88.75 87.4375 86.75 86.875 87.25 86.8125 85.75 85 84.875 85.8125 86 86.125 85.875 85.75 86.5 86.875 86.1875 84.9375 83.8125 83.125 83.6875 83.875 83.375 82.5 83.375 83 83.0625 83.1875 83.125 82.8125
73.875 74.125 74.125 74.75 76 75.4375 75.9375 76.5 77.3125 77.6875 78.625 79.875 80.3125 81.0625 81.4375 83.5 84.1875 84.9375 85.4375 85.5 84.6875 84.625 85.625 85.8125 86.0625 86.25 86.375 86.9375 88.25 90 89.5625 90.8125 91.5 93.8125 97.4375 100.25 103.3125 98.875 94.25 92 90.8125 89.8125 88.8125 87.0625 87 87.1875 85.375 84.1875 83.75 84.3125 85.5 85.75 85.875 86.375 86 85.9375 86.125 85.3125 85 84.75 84.4375 83.75 83.1875 83.0625 83.375 82.5 83.0625 83.25 82.9375 82.125 81.6875
72.875 72.4375 72.75 73.4375 75 76.3125 77.25 77.625 77.875 78.25 79.0625 80.625 81.375 81.6875 82.6875 84.25 85.0625 85.6875 86.0625 86.0625 85.75 85.625 85.9375 85.9375 86.1875 86.75 87.1875 87.25 88.75 90.5625 90.875 92.125 94.125 96.4375 100.375 102.9375 102.0625 97.5 93.3125 90.6875 91 90.1875 88.6875 87.25 86.5 86.75 86.4375 85.375 84.1875 83.5625 84.125 84.75 85.625 86.375 86.5 85.875 85.375 85.125 84.25 84.25 84.875 84.125 82.625 82.625 82.9375 82.8125 82.5625 82.125 82.3125 82 82.0625
74.5625 73.625 73 73.6875 74.3125 75 76.625 77.375 78.375 78.875 80.375 81.625 82.25 82.8125 83.1875 84.375 85.5625 86.1875 86.125 85.9375 86.3125 86.6875 86.9375 87.1875 87.5 88.625 87.9375 87.8125 88.9375 89.3125 90.9375 91.8125 95.75 100.8125 103.25 102.3125 102.1875 95.4375 96.25 92.4375 90.0625 89.25 88.4375 86.375 86.25 86 86.0625 86.125 85.875 85.375 84.625 84.375 85.1875 84.1875 84.1875 84.4375 84.75 84.9375 84.5625 84.75 83.6875 83.5625 83.0625 82.9375 82.875 82.5 82.5 81.625 81.25 81.9375 81.5
76.125 75.5 76.125 75.6875 75.0625 75.1875 76.0625 77.4375 79.8125 80.5 81.125 81.9375 82.8125 83.5 83.4375 84.6875 86.625 87 86.875 86.4375 87 87.5625 88.25 88.5 86.8125 88.0625 88.25 89.25 90.125 90.3125 93.1875 93.875 95.125 94.3125 97.3125 99.75 99.4375 96.0625 97.25 91.6875 89.5625 88.9375 88.25 86.4375 86.125 85.625 85.375 85.6875 85 85.1875 85.1875 84.375 84.125 84.3125 84.25 84.4375 84.25 84.375 83.4375 82.8125 82.875 82.25 82 81.9375 82.1875 82.4375 82.375 82.0625 81.3125 80.8125 81.5
76.375 76.1875 76.25 76.375 76.125 76.6875 77 77.75 80.1875 81.9375 82.875 83.5625 84.4375 84.75 85.375 86.125 87.4375 88.5 87.875 86.75 87.5625 88.0625 87.625 86.9375 88.8125 89.6875 91 91.0625 91 90.6875 91.625 95.75 93.25 96.5625 101.3125 106.125 97.6875 95.5 92.3125 89.3125 88.875 88.8125 87.1875 86.125 87.125 85.6875 85.125 84.8125 84.4375 84.6875 84.4375 84.25 84.375 84.125 84.0625 84 83.5 83.375 82.875 82.4375 82.25 82.0625 81.5625 81.5625 81.4375 81.8125 81.625 80.875 80.25 79.8125 79.9375
77.5625 77.75 77.6875 77.5625 77.125 78.125 78.5625 79.4375 80.5 82.25 82.4375 83.4375 85.25 85.8125 86.125 86.6875 88.1875 89.1875 87.75 87.8125 88.4375 89.4375 88.0625 88.9375 90.625 90.8125 91.0625 90.875 91.8125 94.125 93.25 96.1875 94.6875 102.5 103.8125 102.875 99.5 95.3125 93.8125 90.1875 89.0625 88.8125 86.8125 84.625 86.0625 85.6875 85.0625 84.1875 83.75 83.625 83.5625 83.75 83.6875 83.625 83.3125 83.25 83.0625 82.625 81.9375 81.3125 81.0625 80.9375 80.5625 81.125 81.1875 81 80.125 80.25 79.1875 78.6875 78.4375
77.3125 77.875 78.625 79.1875 79.3125 79.875 80.625 81.375 82.1875 82.5625 82.3125 82.4375 84.0625 85.125 85.5625 86.75 88.3125 89.5 89 89.125 89.3125 89.0625 90.25 90.3125 91.25 91.5 90.875 91.625 92.4375 94.1875 94.25 98.1875 95.3125 96.625 100.4375 101.1875 102.25 97.375 93.125 89.5625 88.9375 88.8125 85.875 83.625 84.75 84.875 84.3125 82.8125 82.625 82.6875 83.1875 83.0625 82.8125 82.625 82.4375 82.9375 83.125 82.375 81.9375 81.3125 81 80.25 79.9375 79.6875 79.5625 79.3125 78.8125 78.5625 78.6875 78 77.6875
78.5 79.3125 79.875 79.9375 80.75 81.6875 81.9375 82 82.1875 82 82.75 83.875 84.1875 85.4375 86.3125 86.8125 88.5 90.125 89.5625 89.375 90.75 91 91.75 92 91.8125 91.875 92.25 93.125 92.875 95.75 96.6875 96.75 93.5625 96.375 99.75 99.4375 101.75 98 94.25 90.375 88.8125 87.5625 84.75 82.9375 83.6875 83.625 84 83.5 83.125 83.0625 83.375 82.9375 82.3125 82.3125 82.4375 82.75 82.375 82 81.25 80.625 80.0625 79.125 79.25 79 79.125 78.6875 78.1875 78.1875 78 77.375 77.3125
78.3125 79.1875 80.0625 79.9375 80.5 81.5 81.6875 82 82.375 82.9375 82.875 83.625 84.125 85 86.3125 87.1875 88.125 89 89.75 89.625 90.6875 91.3125 91.5 91.5 92.0625 92.0625 92.0625 92.4375 92.5625 94.875 95.875 93.875 99.25 100.875 102.5 103 101.25 96.25 92.75 89.625 88.8125 87.875 84.5625 83.0625 83.25 83.375 83.75 83.5625 83.3125 83.5 83.5 83.6875 82.9375 82.375 82 81.9375 82.0625 81.9375 80.9375 80.625 80.125 79.875 79.3125 78.25 78.625 79.25 78.3125 78 77.4375 76.4375 76.1875
78.9375 79 79.6875 80.125 80.75 81 81.8125 83 83 82.9375 83.3125 83.375 84.9375 85.625 86.6875 87.5 88.75 90.5 91.1875 90.125 89.8125 90.8125 91.375 91.375 92.1875 93.75 93.125 92.875 93 97.75 102.125 96.375 99.0625 101.25 103.875 104.375 100.0625 101.5625 91.8125 90.0625 89.1875 88.75 85.9375 83.625 82.4375 82.0625 82.375 82.25 82.75 83 83.25 83.1875 82.875 83 83.1875 83.125 82.1875 81.5625 80.9375 80.5 80.25 80.0625 79.375 78.6875 78.3125 78.75 78.5625 77.5625 77 76.9375 76.3125
80.125 81.375 80.875 80.8125 81.5625 82.4375 82.3125 82.25 82.5 83 83 83.1875 84.4375 85.875 86.5 87.4375 88.4375 89.75 91.1875 90.625 90.3125 90.3125 91.125 90.5625 91.5 94.25 93.9375 93.875 95.8125 100.0625 100.8125 104.5 105.375 100.625 107.4375 101.5 97.8125 95.125 94.3125 91.1875 90.25 89.0625 85.9375 84.8125 83.5625 82.625 82.25 82.1875 82.25 82.375 81.75 81.75 81.5 82.3125 82.875 82.5 81.5625 81 80.4375 80.75 80.1875 79.9375 79.5625 79.0625 78.5 78.3125 77.75 77.3125 77 77 76.1875
79.3125 79.5 79.875 81.6875 82.125 82.75 82.625 83 83.0625 83.0625 83 83.6875 84.4375 86.1875 87.4375 88 88.25 89.375 90.3125 90.25 90.5625 90.875 90.3125 90.125 90.625 91.875 92.25 94.75 97.3125 98.25 100.75 105.9375 105.5625 99.5625 104.75 101.125 98.5 96.6875 93.8125 92.25 91.125 88.625 86.1875 85.1875 84.0625 83.625 82.625 81.375 81 81.125 81.5 81.3125 81.125 81.25 81.375 81 80.9375 80.6875 80 80.875 81 80.6875 80.4375 79.9375 79.5 78.875 78.25 77.9375 77.5625 77.125 76.5
80.1875 80.375 80.75 81.875 82 82.375 83.0625 83.1875 83.4375 83.6875 83.3125 84.5 85.6875 85.5 85.9375 87.1875 88.0625 88.9375 89.25 89.25 91.1875 91 90.0625 90.125 91.0625 91.6875 92.6875 94.375 97.375 99.9375 100.875 104.6875 106.125 103.0625 106 102.75 101.25 96.625 94.75 93.625 92.625 90.625 87.1875 85.0625 83.5625 83.5625 82.9375 82.0625 82 81.75 81.5625 81 80.875 80.9375 81.0625 81.0625 81 80.9375 80.3125 79.8125 79.8125 80.125 80 79.5625 78.9375 78.75 78.3125 78.0625 77.25 77.3125 77.0625
80.6875 81.3125 81.625 81.8125 82.8125 83 83.375 83.25 83.1875 83.375 83.5 84.6875 85.6875 85.75 86.0625 87.375 87.6875 88.375 88.375 88.3125 90.0625 90.25 90.8125 90.875 91.3125 92.3125 93.6875 96.625 98.0625 99.9375 102.4375 104.875 102.6875 105.3125 103.5625 102.3125 99.3125 96.625 94.625 94.5 93.875 91.3125 86.9375 83.9375 82.875 83.875 83.625 83.0625 82.4375 81.9375 81.9375 81.4375 81 80.75 80.375 80.8125 81 80.6875 80.375 79.8125 80 79.875 79.75 79.375 79.1875 78.1875 77.9375 77.75 77.1875 76.5 76
80.625 80.625 80.5 80.875 81.0625 81.6875 82.625 82.375 82.5625 83.5625 84.0625 84.8125 85.875 86.0625 86.125 86.5625 86.8125 87 87.75 87.75 88.9375 89.3125 90.625 91.125 90.6875 92.4375 93.6875 96.375 98 99.5 102.8125 104.0625 100.625 103.4375 110 106.1875 100 96.375 95.8125 94.75 92.9375 89.5625 86.6875 84.625 83.0625 83.75 83.375 83.5 83.3125 83.3125 82.5 81.5 80.9375 80.625 80.25 80.25 80.75 80.4375 80.5 80.1875 80.0625 80 79.5625 79.125 79 79 78.3125 77.5625 77 76.375 76
