input_data/future_climate/CNMR_585/_bio10_a.asc
ncols  331
nrows  193
xllcorner  17.833372883333
yllcorner  37.9999896166667
cellsize 0.1666667
NODATA_value  -9999
[rows 0 to 20 of 193, columns 230 to 275 of 331]
-9999 -9999 -9999 -9999 -9999 -9999 -9999 -9999 -9999 -9999 -9999 -9999 -9999 -9999 7.78703689575195 7.91458320617676 7.90833330154419 7.87083339691162 7.82083320617676 7.86562538146973 7.96875 8.13229179382324 8.16250038146973 8.27777767181396 8.46666717529297 -9999 -9999 -9999 -9999 -9999 -9999 -9999 -9999 -9999 -9999 -9999 -9999 -9999 -9999 -9999 -9999 -9999 -9999 -9999 -9999 -9999
-9999 -9999 -9999 -9999 -9999 -9999 -9999 -9999 -9999 -9999 -9999 -9999 -9999 -9999 -9999 8.06666660308838 7.85555553436279 8.10000038146973 8.13461494445801 7.88437509536743 8.22187519073486 8.30624961853027 8.33229160308838 8.41770839691162 8.61458301544189 8.67878818511963 8.66666698455811 8.72500038146973 8.70833301544189 8.58888912200928 8.40555572509766 8.44999980926514 -9999 -9999 -9999 -9999 -9999 -9999 -9999 -9999 -9999 -9999 -9999 -9999 -9999 -9999
-9999 -9999 -9999 -9999 -9999 -9999 -9999 -9999 -9999 -9999 -9999 -9999 -9999 -9999 -9999 -9999 -9999 -9999 -9999 8.66666603088379 7.86666679382324 8.71666717529297 8.69687461853027 8.85624980926514 8.92812538146973 8.92619037628174 8.79444408416748 8.69523811340332 8.72187519073486 8.59791660308838 8.48958301544189 8.57692337036133 8.64861106872559 8.46212100982666 8.60000038146973 8.63333320617676 8.74374961853027 8.83125019073486 8.79583358764648 8.81666660308838 8.93333339691162 8.90833377838135 8.94999980926514 -9999 -9999 -9999
-9999 -9999 -9999 -9999 -9999 -9999 -9999 -9999 -9999 -9999 -9999 -9999 -9999 -9999 -9999 -9999 -9999 -9999 -9999 -9999 -9999 -9999 8.81666660308838 8.83333396911621 8.98777770996094 9.24687480926514 9.25833320617676 9.29374980926514 9.18020820617676 8.91979217529297 8.73333358764648 8.66562461853027 8.70937538146973 8.48854160308838 8.45104122161865 8.48333358764648 8.53750038146973 8.58854198455811 8.73750019073486 8.90729141235352 8.90625 8.97291660308838 9.03854179382324 9.06666660308838 9.11153888702393 9.10694408416748
-9999 -9999 -9999 -9999 -9999 -9999 -9999 -9999 -9999 -9999 -9999 -9999 -9999 -9999 8.81666660308838 8.95833396911621 -9999 -9999 -9999 -9999 -9999 -9999 -9999 -9999 9.15555572509766 9.35952377319336 9.53854179382324 9.60520839691162 9.38958358764648 9.33541679382324 9.08749961853027 9.13541698455811 9.00208377838135 8.66250038146973 8.43854141235352 8.21562480926514 8.29479217529297 8.61562538146973 8.71770858764648 8.71249961853027 8.64479160308838 8.72604179382324 8.75625038146973 8.70104122161865 8.88125038146973 9.10520839691162
-9999 -9999 -9999 -9999 -9999 -9999 -9999 -9999 -9999 -9999 -9999 -9999 -9999 -9999 -9999 8.81666660308838 8.91428565979004 8.96904754638672 9.03958320617676 -9999 -9999 -9999 -9999 -9999 -9999 -9999 9.3125 9.75729179382324 9.71666622161865 9.48229217529297 9.26145839691162 9.27291679382324 9.21875 8.99270820617676 8.81666660308838 8.73750019073486 8.55520820617676 8.65312480926514 8.65208339691162 8.54270839691162 8.72812461853027 8.88437557220459 8.96145820617676 9.05624961853027 9.21875 9.35416698455811
-9999 -9999 -9999 -9999 -9999 -9999 -9999 -9999 -9999 -9999 -9999 -9999 -9999 -9999 -9999 -9999 -9999 -9999 8.60666656494141 -9999 -9999 -9999 -9999 -9999 -9999 -9999 9.76666641235352 9.89523792266846 10.0166664123535 10.1218748092651 9.88229179382324 9.65833282470703 9.26249980926514 8.95937538146973 8.77500057220459 8.92604160308838 8.94999980926514 8.89583301544189 8.75 8.75104141235352 8.84270858764648 8.89999961853027 9.11979198455811 9.35520839691162 9.58437538146973 9.82395839691162
-9999 -9999 -9999 -9999 -9999 -9999 -9999 -9999 -9999 -9999 -9999 9.94166660308838 10.0625 10.0166664123535 9.98787879943848 10.0011901855469 9.96249961853027 9.89166641235352 9.80000019073486 -9999 -9999 -9999 -9999 -9999 -9999 -9999 -9999 10.3500003814697 10.4263887405396 10.6166667938232 10.5770835876465 10.2791662216187 9.85833358764648 9.61979198455811 9.47083377838135 9.30624961853027 9.26666641235352 9.08541679382324 9.05729198455811 8.98750019073486 9.23645877838135 9.25625038146973 9.25520896911621 9.31875038146973 9.54270839691162 9.81979179382324
-9999 -9999 -9999 -9999 -9999 -9999 10.3333330154419 10.3041667938232 10.1909084320068 10.3222217559814 10.2877779006958 10.2250003814697 10.2291669845581 10.1531248092651 10.1927080154419 10.1760416030884 10.1499996185303 10.0572919845581 10.0489587783813 10.0027780532837 -9999 -9999 10.0666666030884 10.2250003814697 10.2375001907349 10.2791662216187 10.3722219467163 10.4388885498047 10.5718746185303 10.8093748092651 10.841667175293 10.6510410308838 10.4802083969116 10.3197917938232 10.0208330154419 9.79166698455811 9.71770858764648 9.52395820617676 9.41562461853027 9.47499942779541 9.63229179382324 9.515625 9.52083301544189 9.66250038146973 9.83541679382324 9.95833301544189
10.5848484039307 10.6783332824707 10.7555551528931 10.7972221374512 10.7972221374512 10.7749996185303 10.5366668701172 10.4650001525879 10.3947916030884 10.2916660308838 10.0854167938232 10.0854167938232 10.1489582061768 10.0520830154419 10.1125001907349 10.1416664123535 10.171875 10.1364583969116 10.1166667938232 -9999 -9999 9.86666679382324 10.1211109161377 10.3364582061768 10.3979167938232 10.470832824707 10.546875 10.6489582061768 10.8062496185303 10.8375005722046 11.0010414123535 10.9562501907349 10.6750001907349 10.5093746185303 10.4177083969116 10.1968746185303 10.0239582061768 9.86458301544189 9.98645782470703 10.044792175293 9.78854179382324 9.63958358764648 9.56458282470703 9.68645858764648 9.70520877838135 9.796875
10.265625 10.4395837783813 10.6218748092651 10.6885414123535 10.6739587783813 10.6760416030884 10.6218748092651 10.5666666030884 10.4145832061768 10.2239589691162 9.84270858764648 9.83125019073486 9.86979198455811 9.93645858764648 10.0572919845581 10.0968751907349 10.1781244277954 10.2520837783813 10.3888893127441 10.4333333969116 -9999 10.3611106872559 10.3083333969116 10.5760412216187 10.6864585876465 10.6937503814697 10.7781248092651 10.8791666030884 10.9479160308838 11.0093746185303 11.0343751907349 11.1479167938232 11.0500001907349 10.8927087783813 10.7604169845581 10.7947912216187 10.6479167938232 10.5260419845581 10.5416669845581 10.4250001907349 10.341667175293 10.2020835876465 10.0479164123535 9.92500019073486 9.57604122161865 9.68541622161865
10.3250007629395 10.3729162216187 10.5760412216187 10.7020826339722 10.7385416030884 10.7427082061768 10.7562503814697 10.7583332061768 10.59375 10.2447910308838 10.0270833969116 10.0729169845581 10.1343746185303 10.03125 10.0427083969116 10.0531253814697 10.0583333969116 10.2260417938232 10.5114583969116 10.6447916030884 10.7312498092651 10.7020835876465 10.7739582061768 10.8135414123535 10.8687496185303 10.9156246185303 10.9250001907349 11.0062503814697 11.0541667938232 11.0562496185303 10.7666673660278 10.5249996185303 10.6468753814697 10.8645830154419 10.8718748092651 10.8364582061768 10.8427085876465 10.8833332061768 11.0479164123535 10.9895830154419 10.8666667938232 10.4718751907349 10.1989583969116 9.99479198455811 9.98229217529297 10.2010412216187
10.6750001907349 10.7177085876465 10.6354169845581 10.8010416030884 10.9552087783813 10.9416666030884 11.0510416030884 11.0520839691162 11.0552082061768 10.7895832061768 10.6218748092651 10.5583333969116 10.6333332061768 10.5375003814697 10.2937498092651 10.2354164123535 10.2552089691162 10.28125 10.4656248092651 10.6729173660278 10.8812503814697 10.9854164123535 11.0052080154419 10.9260416030884 10.6447916030884 10.5864582061768 10.6447916030884 10.640625 10.7729167938232 10.7562503814697 10.5958337783813 10.5833339691162 10.470832824707 10.4135417938232 10.4635419845581 10.6708335876465 10.904167175293 11.0541667938232 11.2177085876465 11.25 11.1583337783813 10.826042175293 10.421875 10.3229169845581 10.3999996185303 10.4208335876465
10.7614583969116 10.6885414123535 10.5812501907349 10.5656251907349 10.6979169845581 10.9125003814697 11.1364583969116 11.3135414123535 11.3135414123535 11.2083330154419 11.140625 10.875 11.03125 10.9312496185303 10.8781251907349 10.7864580154419 10.625 10.4312505722046 10.5354166030884 10.6447916030884 11.0458335876465 11.203125 11.1729164123535 11.0249996185303 10.9458332061768 11.109375 11.140625 11.0354166030884 11.1593751907349 11.1291666030884 10.9791669845581 10.997917175293 10.8916664123535 10.7395830154419 10.8177080154419 10.9322919845581 11.0041666030884 11.2208337783813 11.2718753814697 11.375 11.40625 11.3083333969116 10.8406248092651 10.5645837783813 10.5656251907349 10.6750001907349
10.8614587783813 10.9250001907349 10.8625001907349 10.8083333969116 10.9312505722046 10.9520835876465 11.1166667938232 11.3916664123535 11.5437498092651 11.6020832061768 11.5145835876465 11.1760416030884 11.2218751907349 11.3500003814697 11.2374992370605 11.2520837783813 11.1291666030884 10.908332824707 10.7927083969116 10.8781251907349 11.2666664123535 11.5812501907349 11.5229167938232 11.2489585876465 11.3583335876465 11.3093748092651 11.2843751907349 11.3260412216187 11.2958335876465 11.2593746185303 11.1708335876465 11.111457824707 11.0239582061768 10.9291667938232 10.9760417938232 11.0302085876465 11.1635417938232 11.1760416030884 11.2885417938232 11.4927082061768 11.4322919845581 11.1760416030884 10.8458337783813 10.7843751907349 10.8833332061768 11.017707824707
11.1802082061768 11.2562494277954 11.2791662216187 11.296875 11.4093751907349 11.580207824707 11.6947917938232 11.6760416030884 11.6656255722046 11.747917175293 11.8583335876465 11.7489585876465 11.6468753814697 11.6708335876465 11.5791664123535 11.5020837783813 11.4125003814697 11.3125 11.3385419845581 11.2531251907349 11.3791666030884 11.529167175293 11.4333333969116 11.359375 11.4229164123535 11.2906246185303 11.3999996185303 11.5041666030884 11.484375 11.4135417938232 11.4114580154419 11.279167175293 11.1812496185303 11.2375001907349 11.359375 11.4614582061768 11.2520837783813 11.2208337783813 11.3354167938232 11.361457824707 11.1177082061768 11.1729164123535 11.1135416030884 11.0999994277954 11.0552082061768 11.1739587783813
11.5281248092651 11.5500001907349 11.6614580154419 11.7875003814697 11.9562501907349 11.9968748092651 12.1177082061768 12.138542175293 12.1552085876465 12.1843748092651 12.2104167938232 12.1041669845581 12.0708332061768 12.0718746185303 11.9458332061768 11.8791666030884 11.8166666030884 11.7333335876465 11.6354169845581 11.6031246185303 11.5729160308838 11.5812501907349 11.703125 11.6750001907349 11.6812505722046 11.6531248092651 11.7083330154419 11.7687501907349 11.8833332061768 11.7302083969116 11.6947917938232 11.5093746185303 11.4968748092651 11.5593748092651 11.6833333969116 11.8083333969116 11.8177089691162 11.7916669845581 11.7854166030884 11.7177085876465 11.6552085876465 11.484375 11.375 11.2927083969116 11.3000001907349 11.580207824707
11.7593746185303 11.877082824707 12.0364589691162 12.1802082061768 12.2520837783813 12.252082824707 12.328125 12.314582824707 12.3249998092651 12.28125 12.2760419845581 12.3479166030884 12.3552083969116 12.298957824707 12.2093753814697 12.1083335876465 11.9947919845581 11.9208335876465 11.861457824707 11.8333330154419 11.8802080154419 11.9072914123535 11.9489583969116 11.8947916030884 11.8218746185303 11.890625 11.9624996185303 12.1010417938232 11.9708337783813 11.9166669845581 11.9208335876465 11.9145832061768 11.966667175293 12.0854167938232 12.1802082061768 12.1656255722046 12.1541662216187 12.0812501907349 11.9875001907349 11.9499998092651 11.9906244277954 11.8239583969116 11.7874994277954 11.7447910308838 11.7885417938232 11.7427082061768
12.0302085876465 12.138542175293 12.3604164123535 12.4541664123535 12.4427089691162 12.330207824707 12.3291673660278 12.3520832061768 12.5531253814697 12.5385417938232 12.59375 12.5989580154419 12.5541667938232 12.4499998092651 12.3114585876465 12.2406244277954 12.2687501907349 12.2062501907349 12.1468744277954 12.142707824707 12.0239582061768 12.046875 12.1791667938232 12.2822914123535 12.2156248092651 12.216667175293 12.2135419845581 12.2072916030884 12.1729164123535 12.234375 12.3218746185303 12.2677087783813 12.3687496185303 12.4177083969116 12.3895835876465 12.3177080154419 12.1906251907349 12.0281248092651 11.9895839691162 12.0739583969116 12.2104167938232 12.0968751907349 12.1010417938232 12.0500001907349 12.0343742370605 11.9968748092651
12.1770830154419 12.3677082061768 12.609375 12.6281251907349 12.6729164123535 12.6937503814697 12.6291666030884 12.5416669845581 12.7437496185303 12.7749996185303 12.7843751907349 12.7177085876465 12.6802082061768 12.5218753814697 12.404167175293 12.234375 12.2958335876465 12.1437501907349 12.1437501907349 12.1968746185303 12.34375 12.4468755722046 12.4229164123535 12.3854160308838 12.3166666030884 12.3583335876465 12.423957824707 12.3843746185303 12.3874998092651 12.5791664123535 12.611457824707 12.5979166030884 12.6177082061768 12.5625 12.4135417938232 12.3864583969116 12.3166666030884 12.2166662216187 12.1593751907349 12.1854162216187 12.3999996185303 12.2197914123535 12.1697912216187 12.2083330154419 12.2458333969116 12.1989583969116
12.5406246185303 12.5406246185303 12.5677080154419 12.6499996185303 12.8031253814697 12.921875 12.8718748092651 12.8374996185303 12.7802085876465 12.7750005722046 12.6854162216187 12.5479164123535 12.4624996185303 12.4302082061768 12.3781251907349 12.515625 12.5593748092651 12.5687494277954 12.6999998092651 12.5989580154419 12.6135416030884 12.6520833969116 12.5541667938232 12.5093746185303 12.515625 12.5927085876465 12.5187501907349 12.53125 12.6270837783813 12.7302083969116 12.8677082061768 12.8687496185303 12.9166669845581 12.7697916030884 12.7510414123535 12.4447917938232 12.3416662216187 12.2197914123535 12.2739582061768 12.4052085876465 12.4854164123535 12.421875 12.4125003814697 12.3104162216187 12.048957824707 11.6781253814697
