input_data/future_climate/CNMR_585/_bio15_a.asc
ncols  331
nrows  193
xllcorner  17.833372883333
yllcorner  37.9999896166667
cellsize 0.1666667
NODATA_value  -9999
[rows 100 to 119 of 193, columns 92 to 137 of 331]
27.7188034057617 27.1709842681885 26.4666328430176 25.9331226348877 25.6225395202637 25.1091785430908 24.489429473877 24.9263324737549 25.1223697662354 25.1546859741211 25.5461559295654 25.5014133453369 25.7612113952637 25.4476146697998 24.1253395080566 23.4314613342285 23.1870498657227 22.8223323822021 22.6791305541992 22.7377700805664 23.0435943603516 23.7481174468994 23.9510765075684 24.5396633148193 24.6581153869629 24.7443027496338 24.8216800689697 24.6200695037842 24.6780776977539 24.2398815155029 24.1803417205811 24.7081871032715 25.6027069091797 26.4905033111572 26.707820892334 26.7000312805176 26.8739185333252 26.5057487487793 26.0822410583496 25.6168155670166 25.4903774261475 25.154260635376 24.5925693511963 23.8844184875488 23.515869140625 23.009593963623
26.8053188323975 26.1230697631836 25.1700305938721 25.2003593444824 24.7123031616211 24.1068859100342 23.8524856567383 24.8538036346436 25.2639083862305 24.9561138153076 25.2262229919434 24.9965267181396 25.1313648223877 24.38987159729 23.59352684021 23.0302677154541 22.5565490722656 22.6152000427246 22.9243316650391 22.7437019348145 23.3386363983154 23.8093147277832 24.1041851043701 24.6992092132568 25.2233009338379 25.2692642211914 25.1813793182373 25.079662322998 24.6217136383057 24.2069149017334 24.7092761993408 25.5516319274902 25.9367866516113 26.2259330749512 26.7479782104492 26.6596660614014 26.3633651733398 26.1375885009766 25.621265411377 25.3892059326172 24.997407913208 24.5687217712402 24.0184669494629 23.3790740966797 22.9579639434814 22.6629695892334
26.0287170410156 25.4882774353027 25.1140804290771 24.5240268707275 24.5267925262451 24.2262783050537 24.5970058441162 24.941198348999 24.6301422119141 24.5923767089844 24.4924583435059 24.1159553527832 23.8521938323975 23.4587554931641 23.2660160064697 22.8189029693604 22.2500991821289 22.271936416626 22.7216148376465 23.0962371826172 23.5164413452148 24.2666625976563 24.6129970550537 24.8206844329834 25.4231662750244 25.8072338104248 25.8656253814697 25.7328510284424 25.7951946258545 25.0988140106201 25.1295890808105 26.0634269714355 26.0692901611328 26.3196144104004 26.4868927001953 26.7725639343262 26.6374645233154 26.0500946044922 25.5503559112549 25.2645454406738 24.9534187316895 24.3682079315186 23.1922340393066 22.5237331390381 22.7299919128418 22.3636646270752
25.6002597808838 25.1351852416992 25.1780853271484 24.7339057922363 24.6580562591553 24.624755859375 24.4322643280029 24.4655685424805 24.1648178100586 24.1879692077637 23.8923072814941 23.7709522247314 23.4378128051758 23.6361999511719 23.1858253479004 22.625431060791 22.2577953338623 22.1662693023682 22.6143321990967 23.0114593505859 23.744649887085 24.3439407348633 24.8204097747803 25.2690086364746 25.8662796020508 26.5493144989014 26.5987358093262 26.9493999481201 26.7032718658447 26.2221374511719 26.16037940979 26.2448997497559 26.3604049682617 26.4091033935547 26.6199417114258 26.8789138793945 26.4731369018555 25.9411354064941 25.3248405456543 24.8479042053223 24.4087982177734 23.5404472351074 23.2713088989258 22.4916706085205 22.6101379394531 22.447265625
24.9550914764404 24.5402011871338 24.2836666107178 24.581090927124 24.7774200439453 24.5099334716797 24.1835289001465 24.2334651947021 24.3130531311035 24.094747543335 23.5635585784912 23.5737037658691 23.4217529296875 23.2658309936523 23.1715564727783 22.9661846160889 22.6250019073486 22.591796875 22.8484573364258 23.3673973083496 24.0795669555664 24.3975048065186 25.0318012237549 25.8120384216309 26.5657081604004 27.3020362854004 27.7876262664795 27.6335067749023 27.3380928039551 26.9578456878662 26.710578918457 26.9201526641846 27.2253170013428 27.095329284668 26.5798206329346 26.4382419586182 26.0961360931396 25.6446228027344 25.2842750549316 24.6348304748535 24.0025806427002 23.5620250701904 22.934154510498 22.6019954681396 22.4394512176514 22.7818622589111
24.1003456115723 23.8537616729736 23.9475193023682 23.9892978668213 24.5104370117188 24.7328491210938 24.465368270874 24.3140563964844 23.8522167205811 23.6927223205566 23.5640983581543 23.6056976318359 23.6203441619873 23.3953952789307 23.0751171112061 23.3620147705078 22.9212379455566 22.852087020874 23.2852535247803 23.6018371582031 24.3292064666748 24.9902267456055 25.531551361084 26.3087139129639 27.3118476867676 28.0953273773193 28.817684173584 28.3302154541016 27.7147254943848 27.1933498382568 27.1680603027344 27.0689868927002 27.0425186157227 26.652681350708 26.1565132141113 25.9071674346924 25.5527954101563 25.0932884216309 24.6006469726563 24.4855098724365 24.0251884460449 23.4535655975342 23.2825965881348 23.0723667144775 22.9291801452637 22.9137535095215
23.5376453399658 23.2209129333496 23.5536212921143 23.6443958282471 23.4314346313477 23.8356285095215 23.6677360534668 24.013500213623 23.7277450561523 23.5925273895264 23.6598739624023 23.1881160736084 23.3229293823242 23.0939044952393 22.9613170623779 22.7767009735107 22.9598636627197 23.2263946533203 23.9284362792969 23.9659748077393 24.3831691741943 24.9438247680664 25.5415153503418 26.1338768005371 26.9240856170654 28.0572147369385 29.2608909606934 28.7262210845947 28.1903591156006 27.3406009674072 27.1669521331787 26.9185123443604 26.591983795166 26.3253803253174 26.3483562469482 25.5885276794434 25.6037082672119 25.3941326141357 24.952278137207 24.5701847076416 23.9543857574463 23.474048614502 23.1082401275635 22.8745536804199 22.9896373748779 23.0660171508789
22.7245941162109 22.4720478057861 23.1921138763428 23.2327861785889 23.1682834625244 23.4202728271484 23.5570030212402 23.4351997375488 23.3642311096191 23.2849655151367 22.8706092834473 22.8069877624512 22.874267578125 22.8913440704346 22.565731048584 22.6896877288818 23.0751361846924 23.3704967498779 23.8791084289551 23.8949031829834 24.121395111084 24.5278263092041 25.336799621582 26.0406169891357 26.4709300994873 27.151481628418 27.5246639251709 27.4042701721191 27.2952213287354 26.6676692962646 25.8711261749268 26.2108516693115 25.7620315551758 25.6307487487793 25.9081478118896 26.1153335571289 26.0209159851074 25.3497447967529 24.7387943267822 23.9539089202881 23.6518001556396 23.3951358795166 23.1764869689941 22.8365211486816 22.92360496521 22.9051055908203
22.1744651794434 22.8226261138916 23.0555477142334 23.3410472869873 23.5917263031006 23.4994010925293 23.5048999786377 23.2240924835205 23.3175754547119 22.9784755706787 22.9002780914307 22.8905296325684 22.8193416595459 22.5927658081055 22.0973472595215 22.2175731658936 22.1286907196045 22.584587097168 23.0474243164063 23.041690826416 23.309024810791 23.452075958252 24.5220832824707 24.9627132415771 25.4349803924561 26.0722980499268 26.0800704956055 26.1571712493896 25.7708950042725 25.5087471008301 25.2678909301758 25.2897777557373 25.1616115570068 25.2495765686035 25.55881690979 25.7177219390869 25.7412700653076 25.3500003814697 24.3705730438232 24.2154369354248 23.7589988708496 23.3108539581299 23.1444339752197 22.7584972381592 22.6266117095947 22.8352069854736
21.7009258270264 22.2943477630615 23.0533504486084 23.6805019378662 23.9339389801025 23.80739402771 23.5398216247559 23.565486907959 23.5372257232666 23.1455173492432 22.91526222229 22.9669971466064 22.5356693267822 21.9298286437988 21.3796443939209 21.2538604736328 21.0406169891357 21.2349281311035 21.7232933044434 22.0098171234131 22.2137985229492 22.3698291778564 23.4403095245361 23.8734092712402 24.4736709594727 24.7918071746826 24.7418098449707 24.7435207366943 24.6621189117432 24.911527633667 25.0599842071533 24.9936237335205 24.6581935882568 24.5211029052734 24.6444530487061 25.1681346893311 25.1942501068115 25.0981998443604 24.415355682373 23.6524772644043 23.5762634277344 23.3971824645996 23.2996520996094 22.9574966430664 22.7454299926758 22.7389793395996
21.6183395385742 22.0272579193115 22.3470134735107 23.5608997344971 24.5277709960938 24.2878189086914 23.8184394836426 23.6674346923828 23.3934078216553 23.1800479888916 22.5836639404297 22.2799434661865 21.8788967132568 21.3217658996582 20.693717956543 20.6196975708008 20.3059349060059 20.6119842529297 20.8305397033691 20.9478015899658 21.2574596405029 21.6226463317871 22.3078899383545 22.7026214599609 22.8907337188721 23.2726860046387 23.261043548584 23.4587554931641 23.5973510742188 24.0378665924072 24.1295852661133 24.1533374786377 24.5031661987305 24.2660083770752 24.4306049346924 24.1695175170898 24.0625419616699 24.3193073272705 23.8052959442139 23.6435394287109 23.3153266906738 23.3969135284424 23.4108066558838 23.2492599487305 22.7995567321777 22.6230869293213
21.2934322357178 21.5614814758301 22.0755023956299 23.1831970214844 24.1125888824463 23.9318752288818 23.7888584136963 23.3191032409668 23.1150245666504 22.9801940917969 22.1988143920898 21.8598175048828 21.6980381011963 21.2107105255127 20.4919776916504 20.14501953125 19.8275108337402 19.7938213348389 20.0262756347656 20.3456745147705 20.6161060333252 20.8040351867676 21.226203918457 21.6621227264404 21.8389549255371 22.1109619140625 22.2544860839844 22.7755222320557 22.680549621582 22.9302577972412 23.4589023590088 23.8413200378418 24.1421966552734 23.763973236084 23.7185764312744 23.7809600830078 24.0335502624512 23.8045997619629 23.6071186065674 23.6275997161865 23.2311630249023 23.13307762146 23.1002941131592 23.0813102722168 23.1672229766846 23.1062850952148
21.0599250793457 21.3728179931641 21.8472709655762 22.7383975982666 23.2899875640869 23.2338447570801 22.9165267944336 23.1681537628174 23.023889541626 22.6256332397461 21.9036273956299 21.8057384490967 21.2638454437256 20.7334251403809 20.4575824737549 19.9049968719482 19.4815864562988 19.4749240875244 19.4406909942627 19.5158843994141 19.9123420715332 19.8466510772705 20.4638042449951 20.4924736022949 20.9356002807617 21.146089553833 21.762357711792 21.7340259552002 22.2855796813965 22.8799152374268 23.1052703857422 22.8660545349121 22.7945079803467 23.068115234375 23.3679847717285 23.564489364624 23.3316841125488 23.3726577758789 23.4056167602539 23.3615112304688 23.3362522125244 23.2081985473633 23.2474040985107 22.880823135376 23.596773147583 23.3414707183838
20.6327114105225 20.7732486724854 21.616060256958 22.0567798614502 22.157751083374 22.374210357666 22.686056137085 22.9336490631104 22.5878524780273 22.2237586975098 21.7205810546875 21.1445350646973 20.7452430725098 20.3013782501221 19.7218627929688 19.3198204040527 19.2821731567383 19.1961841583252 19.1507377624512 18.8572864532471 19.1161594390869 19.4214477539063 19.5788135528564 19.4183082580566 19.8987140655518 20.1172523498535 21.2128925323486 21.4441509246826 22.3194961547852 22.7076606750488 22.5158271789551 22.5076808929443 22.7334575653076 23.074520111084 22.7959289550781 22.9761600494385 23.3704509735107 23.2822971343994 23.162389755249 23.1458530426025 23.668363571167 23.3489799499512 23.7509841918945 23.6779270172119 23.5737495422363 23.6759796142578
20.6646041870117 21.0547027587891 21.4170570373535 21.8716564178467 22.1468830108643 22.4685401916504 23.0176296234131 22.7203617095947 22.4076519012451 21.8771553039551 21.1380977630615 20.6781196594238 20.2979965209961 19.7391510009766 19.3835563659668 19.1327610015869 19.0794315338135 19.3744735717773 18.9898948669434 18.7789840698242 18.84885597229 19.0394439697266 19.0955467224121 19.5058555603027 19.7207813262939 20.1462898254395 20.9241104125977 21.5806369781494 22.5948009490967 22.7431449890137 22.5694961547852 22.6697120666504 22.8280696868896 22.824914932251 23.0705585479736 23.2805233001709 23.7699298858643 23.8025512695313 23.6839866638184 23.7059421539307 23.3900890350342 22.7995567321777 23.4704971313477 23.3812236785889 23.3242893218994 23.2798385620117
21.104024887085 21.264518737793 21.4970512390137 21.6539402008057 21.9372138977051 22.4116344451904 22.7939567565918 22.6716232299805 22.117654800415 21.7875518798828 20.9958839416504 20.2438125610352 20.0149745941162 19.3289279937744 19.1446208953857 18.6236820220947 18.6614589691162 18.7924671173096 18.9332847595215 18.7666721343994 18.88112449646 18.8134269714355 18.7614154815674 19.2288475036621 19.4118385314941 19.829647064209 20.4969940185547 21.5273494720459 22.5598545074463 22.5738353729248 22.7427673339844 22.5654525756836 22.2792644500732 22.0550498962402 22.2400550842285 22.6911239624023 22.9176273345947 23.4099235534668 22.9699974060059 22.9768581390381 22.8838996887207 22.6528301239014 22.7423706054688 22.6766014099121 22.7106685638428 23.1183376312256
21.8473777770996 21.8762168884277 21.9415874481201 21.8115329742432 22.0111198425293 22.5021953582764 22.3791942596436 22.653356552124 22.3060111999512 21.3916816711426 20.7380142211914 20.0865936279297 19.6989002227783 19.1393909454346 18.6175670623779 18.2722511291504 18.1349925994873 18.4698905944824 18.8779067993164 18.699800491333 18.8441486358643 18.7600631713867 18.7523918151855 18.7001686096191 18.9625434875488 19.4447898864746 20.0613307952881 20.946798324585 21.6156520843506 21.6445045471191 21.6992664337158 21.7234153747559 22.0822448730469 21.5090026855469 21.9188594818115 22.1610202789307 23.0303573608398 23.0427074432373 22.4462490081787 22.3811073303223 22.5273818969727 22.1871604919434 21.8212146759033 21.6380348205566 22.3623657226563 22.8702049255371
22.2861099243164 22.5794582366943 22.3170146942139 22.1836433410645 22.1353397369385 22.2446041107178 21.9144725799561 22.7616882324219 22.0978507995605 20.8258800506592 19.9792995452881 19.4668140411377 19.0595893859863 18.9196853637695 18.7536926269531 18.562536239624 18.4275188446045 18.287561416626 18.441743850708 18.6688499450684 18.5908222198486 18.5433902740479 17.9651336669922 18.1758899688721 18.8184776306152 18.8053569793701 19.6631469726563 20.32080078125 20.8433246612549 20.6662731170654 20.8950271606445 20.9070472717285 20.8993873596191 21.0224266052246 21.3326225280762 21.9628295898438 22.15305519104 22.1732025146484 21.9713439941406 21.9835433959961 22.1071224212646 22.1057395935059 21.6642150878906 22.2062358856201 22.5077743530273 22.4903087615967
21.906135559082 22.1776790618896 22.2413234710693 21.9288234710693 22.0937995910645 21.7304821014404 21.5887985229492 21.5210304260254 20.600959777832 19.820707321167 18.9776344299316 18.4536380767822 18.4136333465576 18.5990543365479 18.45680809021 18.6894149780273 18.5557746887207 18.6477737426758 19.1115627288818 18.7895202636719 18.8990612030029 18.3838329315186 18.3632926940918 18.2311363220215 18.4638195037842 18.4223537445068 19.1915893554688 19.4472999572754 19.3598155975342 19.7040004730225 19.6236000061035 20.0198726654053 20.4434776306152 20.6834506988525 20.6380043029785 21.1137313842773 21.1147270202637 21.6428718566895 21.6466045379639 21.3705043792725 21.3185272216797 21.5352344512939 21.9976100921631 22.0317859649658 22.0787372589111 21.894287109375
20.9816951751709 21.2216281890869 21.1172771453857 21.023494720459 20.8083076477051 20.5913791656494 20.3515033721924 19.7590713500977 19.3581390380859 18.6893920898438 18.5599555969238 18.4116973876953 18.1071357727051 18.2762851715088 18.2535419464111 18.4844207763672 18.5170936584473 18.9535064697266 19.5389671325684 19.0527229309082 18.7598075866699 18.4161033630371 18.6921997070313 18.1954154968262 17.9592742919922 18.3908195495605 18.6351985931396 19.0097427368164 18.7889194488525 18.6361198425293 18.7796459197998 19.2280693054199 19.7065105438232 20.0871696472168 20.5259017944336 20.4369258880615 20.5815582275391 20.9047966003418 20.8792610168457 20.8158740997314 20.9045295715332 21.6574001312256 22.0361232757568 21.8612747192383 21.9305152893066 22.0539569854736
