input_data/future_climate/CNMR_585/_bio13_a.asc
ncols  331
nrows  193
xllcorner  17.833372883333
yllcorner  37.9999896166667
cellsize 0.1666667
NODATA_value  -9999
[rows 128 to 159 of 193, columns 213 to 283 of 331]
20.875 20.9375 21.125 21.3125 21.875 22.4375 22.6875 23 23.5625 24.0625 24.5 24.875 25 25 25 25.0625 25 25 25 25.1875 25.625 25.4375 25.625 26.6875 25.625 25.5625 24.4375 24 23.625 24 24 24.3125 24.0625 23.6875 22.6875 22.0625 22 21.375 21.125 20.5625 20.3125 20.375 20.1875 20.625 20.375 20.0625 19.875 19.9375 19.3125 19 18.6875 18.625 18.9375 19.0625 19 19.0625 19.3125 19.125 19.0625 19.375 19 19.0625 19.125 19 19.0625 19 19.125 19 19 19.5 20.0625
19.875 20 20 20.6875 21.1875 21.875 22.0625 22.5625 23.25 24.125 24.0625 24 24.0625 24.125 24.375 24.25 24.1875 24.1875 24 24.375 24.875 24.8125 24.3125 25.1875 25.25 25.3125 24.0625 23.25 23.0625 23.25 23.5625 23.9375 23.5 22.75 22.0625 21.8125 21.25 21 21 20.375 20 20 19.75 19.3125 19.1875 19.125 19.125 19 18.5625 18 18.0625 18.0625 18.25 18.375 18.3125 18.9375 19 19 19 18.9375 19 18.875 18.9375 19 19 19 19 19 18.8125 19 19
19.1875 19.1875 19.75 20.125 20.625 20.9375 21.375 21.8125 22.6875 23.1875 23.1875 23.25 23.4375 23.5625 23.5 23.25 23 23.0625 23.1875 23.375 23.75 23.875 23.8125 30.75 24.4375 23.3125 22.875 22.6875 22.625 22.8125 23.1875 23.0625 22.1875 21.8125 21.875 21.1875 21 20.875 20.25 20.0625 19.9375 19.9375 19.375 19.5 19.125 19.375 18.6875 18.1875 17.9375 18 18 17.5625 17.6875 17.3125 18 18.3125 18.625 18.8125 18.75 18.8125 19.375 18.1875 18.0625 18.4375 18.3125 18.3125 18.4375 18.375 18.4375 19 19
18.75 18.75 19.25 19.375 20 20.1875 20.5625 21.4375 21.9375 22.0625 22.0625 22.3125 22.5 22.6875 25.0625 22.5 22.8125 22.5625 22.875 23.3125 22.875 23.25 23.4375 24.375 23.375 22.3125 22 22 22 22 22.5 22.3125 21.5 21.0625 20.5625 20.375 20.1875 19.875 19.5 19.1875 19.5 19.0625 18.75 18.6875 18.375 18.1875 17.5625 17.375 17.125 17.25 17.8125 17.3125 17.1875 17.4375 17.5 17.8125 17.9375 18.0625 20.375 25.125 22.9375 18.0625 18 18 18 18 18 17.625 17.6875 18.1875 18.8125
18 18.125 18.4375 18.875 19 19.625 19.625 20.5625 21 21.0625 21.1875 21.25 21.4375 21.5 21.875 22 22 22.125 22.25 22.3125 22.25 22.8125 22.8125 22.3125 22.3125 22 22 21.4375 21.375 21.5 21.875 21.125 20.5625 20.25 20.0625 19.6875 19.375 19 19.375 19 19 18.1875 18 18 17.5625 17.1875 17.125 17.125 16.875 16.9375 16.9375 17.375 17.3125 17.1875 17.125 17.25 17.3125 21.6875 27.1875 26.0625 17.625 17.3125 17.25 17.3125 17.625 17.8125 17.5625 18 18 18 18.0625
17.8125 17.875 17.75 17.9375 18.875 19.4375 19.5625 19.9375 20.5625 21 21.25 21.3125 21 21 21.375 21.3125 21.4375 21.5 21.75 21.5625 22.0625 21.6875 22.0625 22.0625 21.9375 21 21.125 21 21 21 20.875 20.125 20 20 19.625 19.0625 19 19.1875 19 18.6875 18.0625 18 18 17.875 17.375 17.125 17.125 17 16.6875 16.125 16.5 16.6875 16.75 17.4375 17.0625 17.0625 17 17.3125 18.125 17.0625 17 17 17.125 17.375 17.0625 16.8125 16.5 17.5 17.9375 18 18
17.0625 17 17.1875 17.0625 18.3125 18.5625 18.875 19.5 20.0625 20.5 21 21.0625 21.3125 20.625 21.1875 20.6875 20.8125 21.0625 22.375 23.25 22.5 22.1875 21.125 21.0625 20.875 20.75 21 20.9375 20.75 20.75 20.1875 19.9375 19.75 19.375 19.125 18.5625 18.25 19.875 20.125 18.3125 18 18 17.625 17.1875 17 17 16.8125 16.625 16.1875 16.375 16.0625 16.5625 16.4375 16.5 16.625 17.25 16.9375 16.9375 17.25 17.4375 17.0625 17.3125 17.125 17.1875 16.625 16.3125 16.8125 17.0625 17.8125 18 18
16.3125 16.1875 16.8125 16.9375 17 17.9375 19.1875 19 20.125 20.125 20.625 20.8125 20.5625 20.625 20.0625 19.625 20.25 21.5625 22.5625 21.375 21.5 21.25 20.9375 20 20 20 20.125 20.0625 20 19.5 19.0625 19 18.9375 18.75 18.1875 18 18.875 19.125 18.1875 17.9375 17.625 17.4375 17.1875 16.875 16.6875 16.625 16.75 16.125 16.375 16.1875 16.8125 17 16.6875 16.5625 16.8125 17.3125 16.8125 17 16.6875 16.375 16.0625 16.1875 16.4375 16.5625 16.625 16.25 16.875 17 17 17.8125 17.8125
16 15.875 16.5 16.75 16.8125 17.5625 19 19.25 20.0625 19.8125 23.25 19.875 20.1875 19.625 19.0625 20.25 20.0625 21.0625 20.5625 19.875 19.9375 20.25 19.3125 19.375 19.3125 19 19.25 19.1875 19.1875 18.5625 18.75 18.375 18 18 17.875 19.4375 19.5625 18 17.75 17.5 16.6875 16.5625 16.5 16.5 17.875 17.3125 16.75 16 15.4375 15.5625 17 16.0625 15.375 16.1875 16.25 16.0625 15.3125 15.5625 15.5 15.1875 15.4375 15.3125 15.3125 16.375 16.5 16.9375 17 17 17.125 17.375 17.5625
15.9375 15.6875 16.5625 16.3125 16.5625 17.125 18.5625 18.0625 18.375 18.4375 19.4375 19.375 19.625 19.4375 18.9375 18.9375 19.5625 19.1875 19.25 19.1875 18.875 18.875 18.6875 18.875 18.0625 18.3125 18.5 18.6875 18.25 18 18 17.5 17.3125 17.4375 17.5625 18.75 18 16.875 17 17 16.6875 16 16 15.9375 16.125 16.125 15.75 14.6875 14.5625 14.625 15.625 15.125 15.4375 18.1875 18.5 15.6875 15.4375 15.3125 15.125 15.1875 15.6875 15.0625 15.6875 15.6875 16.8125 17 17 17 17 17.0625 17.1875
15.9375 16.0625 16.6875 16.75 16.5 17.25 17.6875 17.9375 18 18.75 18.375 18.1875 18.4375 18.4375 18.625 18.4375 18.875 18.9375 19.0625 19.1875 18.9375 18.5625 18.125 18.125 18 17.75 18.25 17.75 17.625 17.3125 18 17.25 17.0625 17 17.4375 21.375 18.3125 16.6875 16.625 16.875 16.8125 15.875 15.3125 15.9375 15.375 15.5 16.375 15.6875 14.1875 14.5625 16 15.3125 15.1875 16.875 15.75 16.25 15.0625 15.1875 15.3125 17 15.5625 15.5 16.0625 16.25 16.5 17 17 17.125 17 17 17
15.8125 16 16.25 16.75 16.9375 16.625 17.375 17.5 17.8125 18.1875 17.9375 18 18.125 18.125 18.5625 18.5625 18.25 18.3125 18.625 18.6875 18.5625 18.0625 17.875 18.125 18.1875 17.875 18.1875 17.9375 17.125 16.625 16.8125 16.625 16.3125 16.75 16.9375 17.625 17.125 17 16.5 15.1875 15.5625 14.5625 14.3125 15.875 14.125 14.8125 14 14.0625 14 16.25 15.3125 15.6875 18 15.3125 14.6875 14.1875 14.75 15.375 15.9375 16.4375 15.375 15.5625 15.4375 16 16.25 17.125 17.0625 17.3125 17 17.375 17.875
15.8125 16 16.0625 16.5 16.5 16.375 16.0625 16.6875 17.0625 18.3125 18.0625 18 18.25 18.5 18.4375 18.8125 19 18 18 17.9375 17.9375 17.4375 17.25 17.1875 17.625 18 17.8125 17.4375 17.25 16.8125 16.25 15.6875 16.0625 16.3125 15.75 15.5625 16 15.9375 15.125 15 14.75 14.1875 14.0625 14.9375 14.3125 14.375 14.875 14.5625 18.25 23.1875 19.5 18.125 16.75 16.25 15.3125 14.4375 14.8125 14.6875 14.9375 15.125 15.1875 15 15.5625 15.9375 16.0625 16.9375 17 17 17 17 18.4375
15.5 16.125 16.0625 16.5 17.0625 17.6875 17.5 16.6875 17.0625 17.4375 17.75 18.5 18.6875 18.5 18.25 18.25 18.125 18.1875 17.9375 17.4375 17.8125 17.75 17.125 17.0625 16.875 17.0625 17.0625 16.4375 17.1875 17.3125 16.5625 15.5625 15.3125 16 15.6875 15.375 15 15.0625 14.1875 14.125 13.8125 14.8125 13.6875 13.625 14.125 13.4375 13.8125 16.0625 19.25 17.3125 14.4375 17.6875 15.1875 14.625 15.5 14.625 14.75 14 14.375 14.4375 15.375 15 15.5625 16.8125 16.875 16.9375 17 17.125 17.625 18.125 17.625
15.75 16.0625 16 16.625 17.375 17.625 17.75 17.625 17.125 17.375 17.8125 18.6875 19.1875 19 18.6875 18.3125 18.4375 18.625 19 19.125 18.875 18.8125 18.125 17.875 17.6875 17.5625 17.125 17 16.625 16.0625 16.125 15.875 16.25 16.0625 15.9375 15.0625 14.75 14.75 14.0625 14.4375 13.9375 13.625 13.6875 13.0625 13.25 13.25 13.3125 14.4375 15.9375 13.9375 13.6875 16.25 14.125 14.3125 15.25 15.125 14.625 14 14 14.125 14.75 15.5 15.375 15.875 16.3125 16.8125 16.9375 17 19.1875 17.625 17.75
16.1875 16.625 16.375 16.75 17.3125 17.5 18.0625 18 18 17.4375 18.4375 18.875 19.1875 18.875 19.0625 19 18.9375 19.875 19.8125 19.5625 19.0625 19.0625 19.1875 18.6875 18.6875 17.875 18 17.3125 17 16.3125 16 16.25 16.875 15.5 14.375 14.0625 14.8125 15.4375 14.5625 13.6875 15 15.3125 15.3125 15 13.875 12.3125 13.5625 14.5625 13.625 13.0625 13.3125 13.8125 13.8125 14.1875 14.6875 14.4375 14.125 14 14.0625 14.5 14.1875 15.5625 15.25 16.0625 16.1875 16.0625 16.3125 17.6875 17.1875 17.6875 18
16.5625 17 16.8125 17 17 17.75 17.375 17.8125 17.8125 18.5625 19 19.5 19.9375 19.9375 19.6875 19.3125 19.125 19.625 19.75 20.5 20.5 20 19.5 18.875 18.1875 17.8125 17.375 17.0625 16.875 16.875 16.75 16.0625 15.3125 15.625 14.6875 14.4375 14.375 19.0625 19.125 15.625 17.6875 17.625 17.1875 15.25 16.3125 15.0625 15.8125 14.9375 13.375 15.5 14.4375 13.875 14.25 14.875 15.3125 14.375 14.75 14.5625 14.4375 14.75 14.75 14.75 14.875 15.875 16.5625 16.4375 16.8125 18.0625 17 17 18
16.5 16.875 16.5 16.9375 17.3125 17.9375 17.9375 18 18 18.1875 19.4375 19.75 20.375 19.875 19.5625 19.9375 20.0625 19.8125 20.3125 20.5625 20.0625 20.0625 19.25 18.5 18.1875 17.875 17.6875 17 17 16.9375 16.5 16.1875 15.9375 15.8125 14.8125 15.25 16.0625 24.125 21.75 18.0625 18.6875 19 17.6875 18.0625 18.3125 15.875 14.5 13.0625 13 13.5625 14.4375 14.5625 14.375 15.5625 14.9375 14.9375 14.8125 15.6875 14.5 14.6875 14.6875 14.125 14.8125 16 15.9375 16 16.6875 17.5625 17.125 17.3125 17.8125
16.125 16.0625 16.5 16.8125 17 17.125 17.5 18.1875 18.8125 18.6875 19.0625 20.1875 20.25 20.6875 20.9375 20.5 20.5625 20.25 19.6875 20 20 19.375 19.5 19.125 18.75 18.1875 17.875 17.5 17 16.375 16 15.9375 14.1875 14.625 22.25 21.0625 21.375 22.5 26 23.125 22 26 22.6875 20.1875 18.375 14.6875 12.5625 13.5 14.6875 14.6875 14.6875 15.0625 15.5625 14.625 15.125 15.875 15.9375 15.9375 14.75 15.6875 15.3125 15 15.25 15.9375 16.25 16.0625 16.75 17.375 17.9375 17.5 18
16.5625 15.875 16 16.3125 16.5625 16.75 17.25 18.1875 18.9375 19.5625 19.5625 19.1875 20.0625 20.875 20.75 20.4375 21 20.625 20.625 20.4375 19.8125 19.3125 19.6875 19.0625 17.9375 17.625 17.5625 17.125 16.8125 16.4375 15.8125 15.25 13.75 20 25.75 24.875 15.5625 13 16.625 17.5 22.125 24.3125 24.1875 20.125 17.3125 15.5 13.3125 13.4375 13.8125 14.1875 15.625 14.6875 13.1875 13.125 13 13.4375 14.1875 14.1875 15 15.6875 15.125 14.8125 14.875 15.9375 16 16.0625 16.375 17.5625 17.875 18.25 18.625
15 15.125 15.0625 16.4375 17.375 16.1875 16.625 17.375 18.5 19.4375 20.1875 20.0625 20.6875 20.8125 21.25 21.25 21.625 21.75 21.375 20.8125 20.3125 19.625 19.5625 19.125 18.375 18.5 17.875 17.3125 16.9375 16.25 15.6875 14.3125 19.6875 21.5 21.5 23.8125 19.75 16.9375 13 15.875 20.25 24.1875 25.3125 19.5 18.0625 16.8125 15.625 14.375 13.6875 13.875 15 13.75 13.0625 13 13 14.1875 14.1875 14 14.5 15.1875 15.1875 14.8125 16.4375 16.3125 16.5625 16.875 17.1875 17.1875 17.6875 18 18.625
15.625 15.1875 18 18 17.1875 17.875 16.875 17.1875 17.625 18.5625 19.875 19.9375 20.375 20.5625 21.3125 21.9375 21.875 22 21.875 21.5625 21.0625 20.6875 20.125 19.6875 19.0625 18.5 18.25 17.0625 16.5 16.3125 14.875 13.6875 19.625 20.75 19.9375 19.3125 21 14.625 12.9375 15.875 19.9375 23.0625 25.5 21.0625 19.375 18.875 19.625 16.75 13.8125 14.5625 13.9375 13 13 13 13.0625 14.25 14.9375 14 14.0625 14.3125 15.4375 15.875 16.1875 16.3125 16.4375 17.0625 17 17.1875 17.6875 17.8125 18.5625
16.5 16.5 16 15.9375 15.9375 16.125 16.5625 17 17.375 18.4375 19.375 19.5625 19.625 20.25 20.75 21.375 21.3125 21.0625 21.5 22 21.8125 21 20.8125 20.3125 19.4375 18.8125 18.0625 17.5625 16.6875 15.875 14.1875 13.25 20.0625 22.375 20.375 16.1875 20.5 13.75 12.9375 15 19.5625 22.875 22.8125 21.5625 20.1875 19.75 20 18.875 15.875 13.3125 13.625 13.3125 13.0625 13 13 13.3125 13.6875 13.1875 13.75 14.9375 15.6875 16.0625 17 17.1875 16.5625 16.75 16.75 16.9375 17.0625 17.9375 18.25
17.4375 17.125 17.25 17.4375 17.5 17.75 18.1875 18.125 18.75 18.875 19 19.125 19.625 19.875 20.5 20.9375 21.1875 21.4375 21.5 21.375 22 21.0625 20.625 20.5625 19.6875 18.8125 18.0625 17.5625 16.875 15 13.0625 13.3125 19.5625 21.9375 21.3125 22.375 16.8125 13.375 13.3125 16.1875 18.8125 21 24.5625 24.875 23.8125 20 19.9375 19.5625 18 16.375 15.1875 13.75 13 13 13 13 13.1875 13.625 14.4375 15 15.0625 15.4375 16.0625 15.6875 15.75 16.5 17.0625 17 17.125 18 18
17.375 18.25 19.5625 19.1875 19.4375 19.125 18.4375 18.0625 18.5 19.125 19 19.625 19.625 19.8125 20.0625 20.9375 21.25 21.6875 22 22 22 21.6875 20.9375 20.0625 19.375 19.0625 17.875 17.375 16.9375 14.6875 12.8125 13.3125 19.5625 21.375 21.75 18.6875 14.8125 14.0625 14.875 17.3125 18 19.4375 20.9375 22.0625 23.6875 20.5 19.5 17.8125 16.75 15.1875 14.4375 14.3125 13.3125 13.25 13.1875 13.625 14.25 14.3125 14.8125 15 15.5 15.4375 15.9375 16.1875 15.875 16.3125 17.1875 17.625 18.25 18.5625 18.75
16.875 19.125 19.8125 19.9375 20 20.125 19.875 18.9375 18.8125 18.9375 19 19.625 20.25 20.4375 20.3125 20.875 21.1875 21.75 21.875 22 22 21.6875 21.0625 20.125 19.8125 18.9375 18.1875 17.125 16.6875 16.0625 13 16.6875 19.9375 20.9375 20.375 18.1875 15.625 14.25 15.75 17.25 17.9375 18.0625 19.125 20 20.5625 20.4375 15.0625 14.125 14.0625 14.5 14.5 14.0625 13.9375 13.625 13.6875 14 14.1875 14.75 14.875 15 15.3125 15.5625 15.9375 16.3125 16.6875 16.6875 17.3125 17.1875 17.75 17.8125 18.625
18.125 19.375 19.75 19.8125 20.4375 20.25 20.125 20 19.5 19.25 20.0625 20 20.5 20.3125 20.75 21.0625 21.0625 21 21.4375 21.25 21.1875 21 20.75 20.0625 19.25 18.4375 17.5625 17 16.3125 16.4375 17.6875 22.25 19.875 19.875 20.5625 18.8125 16.5 15.5 16.125 16.8125 17.8125 18.4375 19 20.375 20.8125 20.125 15.25 13.6875 13.6875 14 14.0625 14.3125 14.125 14.3125 14 14.0625 14.1875 15.125 15.1875 15.375 15.5 15.5 16.625 17.125 17.4375 17.5 17.5625 17.375 17.5625 17.4375 18
18.6875 19.1875 19.6875 19.875 20.0625 20.625 20.5625 20.125 20 19.5625 19.625 20.5625 20.375 20.1875 20.875 20.5 20.625 20.5 20.5 20.125 20.25 20.0625 19.75 19 18.375 17.875 16.6875 16.375 15.5625 16.1875 21.375 24.5 20.6875 18.6875 21.6875 19.125 16.75 16.8125 16.625 17 18.4375 20.1875 20.0625 21 20.9375 17.125 14.25 13.9375 14 14.1875 14.8125 15.125 14.875 15 14.6875 15.0625 14.875 15.1875 15.8125 15.625 16.5 16.5625 16.75 16.8125 17.1875 17.25 17.375 17.3125 17.1875 17.5 17.625
18.875 19.25 19.25 19.9375 20.0625 20.125 20 20 20.25 20.25 20.4375 19.6875 20.75 20.8125 20.0625 20 20 20.0625 19.8125 19.3125 19.0625 18.8125 18.75 18.125 17.6875 17.25 16.125 15.625 15.75 15.5625 16.6875 17.25 18.25 18.75 20.0625 21.3125 19.6875 17.5 18.125 19.0625 19.5 19.4375 20.5625 20 16.75 13.5625 13.75 14.5 14.625 14.625 15.0625 15.25 15.1875 15.3125 15.25 15.4375 15.25 15.5 15.625 16.1875 16.1875 16.9375 16.8125 17.4375 17 17 17.0625 17 17 17.3125 17.6875
17.6875 18.375 19.25 19.875 20 19.875 20 20 20.1875 20.125 20.875 19.5625 19.375 20.3125 19.9375 19.625 19.4375 19.4375 19.375 19.0625 18.875 18.3125 18 17.4375 17.125 16.75 16.5625 16.25 15.9375 16.25 16.9375 17.375 16.5 16.8125 16.625 17.75 17.0625 16.5 16.8125 18.6875 20.25 20.0625 18.5 15.9375 14.0625 14.1875 14.375 14.4375 14.9375 15.1875 15.375 15.625 16 16.125 16.0625 16 16.1875 16.3125 16.25 15.75 16 16.9375 17.4375 17.0625 17 17.0625 17.125 16.75 16.8125 17.625 18
17.4375 17.5625 17.875 18.6875 19.8125 19.6875 19.6875 19.875 20.0625 20.5625 20.6875 19.9375 19.25 19.125 19.1875 19 18.625 18.875 18.9375 18.9375 18.625 18.0625 17.3125 17.0625 16.0625 16 16 16.3125 15.9375 16.375 16.9375 17.3125 17.875 18.3125 17.3125 15.8125 15.75 15.8125 15.5625 15.5 17.375 17.8125 16 14.6875 15.3125 15.25 15 15.0625 15.25 15.8125 16 16.0625 16.4375 16.5625 17 16.5625 16.5 16.1875 16.3125 16.375 16.5 17.125 17.5625 17.125 16.875 16.8125 16.5625 16.375 16.8125 17.875 17.9375
17.625 17.25 17.875 17.75 19.125 19.5 19.125 19.4375 19.9375 20 20.5 20.5625 19.5 19.1875 19 19 18.5 18.1875 18 18 17.5 17.5 17.0625 16.875 16.1875 15.9375 15.6875 16.125 16.625 17.125 20.625 22.8125 17.8125 18.1875 18 16.6875 15.3125 14.8125 15.3125 15.3125 14.875 14.9375 14.375 14.5 15.4375 14.75 15.3125 16.25 16.9375 16.4375 16.25 16.875 16.9375 17.25 17.0625 16.5 16.6875 16.875 16.375 16.4375 17.125 17.625 18 17.5 16.9375 16.5 16.875 17 17.75 18 18.1875
