input_data/future_climate/CNMR_585/_bio15_a.asc
ncols  331
nrows  193
xllcorner  17.833372883333
yllcorner  37.9999896166667
cellsize 0.1666667
NODATA_value  -9999
[rows 60 to 79 of 193, columns 184 to 229 of 331]
31.9562206268311 32.3361434936523 33.0789413452148 33.3438720703125 33.5728912353516 34.0099792480469 34.6724548339844 34.7857093811035 34.8266105651855 34.3129806518555 33.999210357666 34.3582801818848 34.588306427002 34.3829498291016 34.2096824645996 34.3853378295898 34.3433685302734 34.0309944152832 33.761646270752 33.6967735290527 33.2483596801758 32.3646125793457 32.2749061584473 32.3184204101563 32.2315635681152 31.5489730834961 31.205228805542 31.4743099212646 31.6021595001221 32.2351188659668 32.1897354125977 32.7037620544434 33.2343673706055 33.1001968383789 33.336181640625 33.4438781738281 33.6653366088867 33.1826019287109 32.2520294189453 31.7075595855713 31.1829051971436 30.9485130310059 30.4694671630859 30.0067291259766 29.5727519989014 28.5232105255127
31.7711296081543 31.9850521087646 32.3502540588379 32.8425636291504 33.3067779541016 33.019344329834 33.3421211242676 33.7235984802246 33.9866752624512 34.332103729248 34.1216850280762 33.5214385986328 33.9843864440918 33.9196357727051 33.4796257019043 33.474193572998 33.5417556762695 33.0874137878418 33.3262481689453 32.865966796875 32.6911811828613 32.2790412902832 32.2526245117188 31.7332191467285 31.6257457733154 31.2495670318604 30.7357044219971 31.299919128418 32.1409149169922 32.5548477172852 32.5986328125 33.1582450866699 33.0993690490723 33.8890380859375 34.1763000488281 34.2047805786133 34.2150421142578 33.9196472167969 33.3665657043457 32.1151237487793 31.8795280456543 31.7933769226074 30.9583435058594 30.2320442199707 29.6468944549561 29.1944828033447
31.3500308990479 31.7691802978516 31.8341197967529 32.3588981628418 32.2014312744141 31.715892791748 32.1410140991211 32.6475601196289 33.289192199707 33.8336944580078 33.651008605957 33.7889099121094 33.5804290771484 33.0087776184082 32.9099731445313 33.1214714050293 33.2735633850098 33.1101760864258 33.2298774719238 33.0860404968262 32.5924606323242 31.5033130645752 30.7308712005615 30.4872264862061 30.608377456665 30.5829277038574 31.1411304473877 31.6273975372314 31.5473937988281 32.0759811401367 32.2392463684082 33.2660751342773 33.9074592590332 34.1430244445801 34.0400276184082 34.2350196838379 34.570728302002 34.5632438659668 33.9171371459961 33.6251068115234 32.6786766052246 32.0007858276367 31.113395690918 30.7206726074219 29.7665367126465 29.2340602874756
31.2809505462646 31.3268756866455 31.499044418335 31.6083812713623 31.5058689117432 31.6315479278564 32.7787399291992 33.5705451965332 33.538761138916 32.5075721740723 32.9323234558105 33.2426147460938 32.9721221923828 33.1735763549805 32.8396224975586 33.0989151000977 32.6637496948242 32.1653480529785 32.4904441833496 32.6724967956543 32.021842956543 31.3794288635254 30.5614490509033 29.7924556732178 30.2686176300049 30.6751537322998 30.9118537902832 31.3702735900879 31.4763317108154 32.1411590576172 32.6833267211914 33.056640625 33.6831970214844 33.6803894042969 34.3838500976563 34.9154739379883 35.2908973693848 35.2362098693848 35.3533706665039 34.8035926818848 33.2812576293945 32.4302978515625 31.9117336273193 30.429615020752 29.8197898864746 30.1753196716309
31.1447467803955 31.072135925293 31.1421127319336 31.1039791107178 31.30615234375 31.6942462921143 32.1193809509277 32.7350845336914 33.0301208496094 32.9526138305664 32.4319725036621 31.972843170166 32.3043518066406 32.3871688842773 32.165470123291 32.4779052734375 31.9134654998779 31.5343742370605 31.1951293945313 31.6786212921143 31.6526470184326 31.062427520752 30.7861499786377 30.3486385345459 29.8385887145996 29.9504146575928 30.640438079834 31.000150680542 31.4100570678711 32.1485939025879 32.4805526733398 32.921085357666 33.2639312744141 34.0856552124023 34.4436988830566 34.9998321533203 35.2810211181641 36.1869506835938 36.157039642334 35.5576515197754 34.4163360595703 33.2050247192383 32.6034126281738 31.6080646514893 31.0228271484375 30.3503265380859
30.8055400848389 31.2456302642822 30.7322540283203 30.7572402954102 31.641658782959 31.2611961364746 31.7942180633545 31.8702602386475 31.7205581665039 32.561222076416 32.4521903991699 31.9154663085938 31.953125 32.0577545166016 31.8824520111084 31.7397747039795 31.8501453399658 32.043514251709 31.3892421722412 30.2289028167725 31.205638885498 30.4102058410645 29.9224967956543 30.2492656707764 29.9374008178711 29.8798370361328 29.5700740814209 30.0124282836914 30.7174968719482 31.0688076019287 31.9606132507324 32.5019454956055 33.011661529541 33.645336151123 34.2674102783203 35.2273330688477 36.2897605895996 36.3091011047363 36.0423278808594 35.5301246643066 34.9805335998535 34.1188697814941 33.1409912109375 32.1974601745605 31.671329498291 31.0602207183838
31.4651679992676 30.5107383728027 30.3508052825928 30.3116283416748 30.6096744537354 30.4963283538818 30.4020557403564 31.1286182403564 31.1759281158447 31.6402473449707 31.2992210388184 31.6731338500977 31.9182090759277 31.904239654541 31.4330101013184 31.1447448730469 31.4163684844971 31.2279052734375 30.5565185546875 29.9502506256104 29.51881980896 29.3344993591309 28.9926242828369 28.7547435760498 28.6626529693604 28.3392200469971 28.3897132873535 28.3942890167236 28.9187679290771 29.9227428436279 30.9928245544434 32.3154182434082 33.4434928894043 33.9388771057129 34.6845741271973 35.9182395935059 37.253059387207 37.1221618652344 36.1411437988281 35.4939041137695 34.7064361572266 33.637825012207 33.0899391174316 32.6262512207031 31.500675201416 30.7583103179932
32.2265930175781 31.0005168914795 30.4253425598145 30.728666305542 30.5976161956787 30.662166595459 30.5174179077148 30.5044898986816 30.7257823944092 31.0847282409668 31.5138416290283 31.6211833953857 31.476634979248 31.8146190643311 31.3080444335938 31.4815120697021 31.2773475646973 30.8537693023682 30.1066741943359 29.8427867889404 28.8591289520264 28.2565422058105 27.5230808258057 27.0142860412598 26.9912891387939 26.919828414917 27.0290832519531 27.1475219726563 27.7851448059082 29.1730709075928 30.2544441223145 31.6408748626709 32.4887619018555 32.9298820495605 34.1480407714844 35.6813507080078 36.9342422485352 37.509349822998 36.6705284118652 35.6478576660156 35.1527442932129 33.6315002441406 33.3689956665039 32.9483413696289 32.0558090209961 30.6716423034668
31.2352161407471 30.8547954559326 30.6174430847168 30.8276958465576 30.3082237243652 30.2813529968262 30.5403842926025 30.9621353149414 31.2581005096436 31.7923774719238 31.8858261108398 32.002082824707 31.4375381469727 31.3216800689697 31.2907772064209 31.4989204406738 30.9803848266602 30.6249828338623 29.8771286010742 29.1428375244141 28.0847568511963 26.9976291656494 25.9719905853271 25.0287666320801 25.0145034790039 25.1889324188232 25.2158966064453 25.754789352417 26.794116973877 27.9204559326172 29.0687160491943 30.442497253418 32.3981628417969 33.6614303588867 33.7946357727051 34.9331092834473 36.2199401855469 36.4282073974609 35.8551292419434 35.1330032348633 34.790584564209 33.7750129699707 33.1083450317383 32.6543922424316 31.7265644073486 30.9856071472168
31.7446556091309 31.4594879150391 30.9179000854492 30.4060573577881 30.4035091400146 30.8607444763184 30.6025333404541 31.1674327850342 31.4803123474121 31.5749950408936 31.697473526001 31.4852180480957 31.382755279541 31.0066871643066 31.5246696472168 31.3926200866699 30.8639602661133 30.6694641113281 29.5820827484131 28.253002166748 27.1598720550537 25.3297424316406 24.3106117248535 23.5101737976074 23.2425117492676 23.7082557678223 24.9364852905273 25.4574756622314 25.7235698699951 27.2237491607666 28.9229640960693 30.0235328674316 30.9002075195313 32.489070892334 33.5234985351563 34.3395195007324 35.297534942627 35.4773750305176 35.0358924865723 34.5978736877441 33.9870414733887 33.5353698730469 32.9111824035645 32.6465034484863 31.7751083374023 31.2051181793213
31.5730037689209 31.3897495269775 31.313907623291 31.5091247558594 31.2626628875732 31.4449996948242 31.6978931427002 31.948938369751 32.1491622924805 32.0362701416016 31.9646759033203 31.3680858612061 31.6324157714844 31.4346942901611 30.9519596099854 30.5925369262695 30.0495090484619 29.9764728546143 29.3524265289307 27.7692642211914 26.0669651031494 24.2445411682129 23.5271034240723 22.7587814331055 22.0599098205566 21.820650100708 22.8699760437012 23.7284965515137 24.9792156219482 26.4302005767822 27.7774429321289 29.6797580718994 30.8369693756104 32.3499565124512 33.5308570861816 34.2773590087891 35.0801086425781 34.9914207458496 34.1753196716309 34.0173492431641 33.9310684204102 33.5755767822266 33.2500228881836 32.8791236877441 32.3994102478027 31.839807510376
32.4682540893555 31.4646587371826 31.3749675750732 31.4234313964844 31.4281711578369 31.5780696868896 32.0184516906738 32.3184814453125 32.0593490600586 31.8315963745117 31.8988380432129 31.9724102020264 31.8486423492432 31.5158309936523 30.747615814209 30.7851505279541 30.2595043182373 29.7436275482178 28.7811584472656 27.6148433685303 25.5535621643066 23.5914478302002 22.4640960693359 21.301399230957 20.5331382751465 20.6517353057861 21.4767608642578 22.5310115814209 24.103063583374 25.7773456573486 27.7307262420654 29.7751808166504 31.2271881103516 32.1991729736328 33.055980682373 34.0049324035645 34.0389862060547 34.0238800048828 34.1404647827148 33.6449851989746 33.4354972839355 33.1112937927246 32.8372611999512 32.4878883361816 32.1994552612305 31.9780044555664
32.7608604431152 32.4709243774414 32.202205657959 31.624568939209 31.8669624328613 31.7477684020996 32.1156120300293 32.0917663574219 32.360466003418 32.4492645263672 32.3459167480469 32.0069351196289 31.5925426483154 31.2922954559326 30.9717197418213 30.6001415252686 29.988353729248 29.4046421051025 28.4380207061768 26.9307498931885 25.4334926605225 23.9131546020508 22.2102832794189 20.7016410827637 19.9416828155518 19.7283172607422 20.8717479705811 22.8334865570068 24.506368637085 26.6512145996094 28.8123207092285 30.4489345550537 31.589958190918 32.4834327697754 33.101375579834 33.3344535827637 33.4214019775391 33.2552032470703 33.1619453430176 32.9653549194336 32.688060760498 32.4705810546875 32.1441688537598 32.2288475036621 32.1629638671875 32.7191505432129
32.6644744873047 32.9241905212402 32.8275032043457 32.4767417907715 32.4612922668457 32.5222473144531 32.3218650817871 32.4899711608887 32.7385025024414 32.6713905334473 32.242317199707 31.5726623535156 31.1930904388428 30.9828338623047 30.1931781768799 29.9438743591309 29.3646259307861 28.6806240081787 27.5487995147705 26.2031497955322 24.6324214935303 23.4530735015869 22.2344665527344 21.1127643585205 20.0596828460693 19.7743911743164 20.9810028076172 22.9421138763428 24.9098987579346 27.258674621582 29.5641479492188 31.1430797576904 32.2818832397461 32.415210723877 32.6355667114258 33.040599822998 33.4164886474609 33.0206184387207 32.974292755127 32.7082939147949 33.0205192565918 33.0588493347168 32.8774871826172 32.8938217163086 32.4035720825195 32.3729820251465
32.5618858337402 32.7347793579102 33.0484657287598 32.7121505737305 32.6164512634277 32.3685760498047 31.9888858795166 32.1992454528809 32.6961936950684 32.4559593200684 31.1476287841797 31.5930366516113 30.8795738220215 30.5929336547852 30.2926979064941 29.6210155487061 28.8405208587646 28.0898036956787 27.4927291870117 26.0063247680664 24.5724220275879 23.5937004089355 22.3909759521484 21.4187927246094 20.9641094207764 21.1536502838135 21.8567523956299 23.3304347991943 25.5109081268311 28.0720634460449 30.660816192627 32.5464134216309 33.2603645324707 32.7172966003418 32.7101020812988 32.6147537231445 32.6002960205078 32.9939994812012 32.7966804504395 32.7771186828613 32.8897399902344 33.1518707275391 33.0355339050293 33.2820892333984 33.6876106262207 33.9427070617676
32.8470726013184 33.1200103759766 33.1897048950195 32.9495582580566 32.7483291625977 32.6245231628418 32.5460548400879 32.2462043762207 31.917516708374 31.420467376709 31.6579875946045 31.3468589782715 30.8683261871338 30.1929550170898 29.8198528289795 29.1596431732178 28.5451068878174 27.8305263519287 26.8017349243164 25.7581806182861 24.768798828125 23.776538848877 22.9174633026123 22.4996585845947 22.1478862762451 22.9565143585205 23.2120056152344 24.6875228881836 26.9813957214355 28.9647445678711 31.1563930511475 33.1368942260742 33.8195571899414 33.5590934753418 33.4943504333496 32.8249626159668 32.5023994445801 32.299243927002 32.3790245056152 32.5476608276367 32.895824432373 32.9431495666504 32.8584938049316 33.2925567626953 33.7713203430176 34.1630859375
33.9056358337402 33.6060676574707 33.6326789855957 33.5652008056641 33.0679588317871 32.4743385314941 32.2715148925781 31.8609104156494 31.0648250579834 31.6683197021484 31.3511371612549 30.3550758361816 30.3522529602051 30.4246101379395 29.72021484375 29.0447273254395 28.5002326965332 27.6254005432129 26.9972324371338 25.8456230163574 25.4804382324219 24.4225292205811 23.7996520996094 23.4216556549072 23.1867694854736 23.8139743804932 24.9906921386719 26.3527812957764 28.1504459381104 30.0099315643311 31.5097808837891 32.7698707580566 33.3068809509277 33.408935546875 33.0629844665527 32.1325149536133 32.2745933532715 31.9892635345459 31.6309719085693 31.6107330322266 32.4634094238281 33.0499229431152 33.5485191345215 33.9498596191406 33.9804801940918 34.513011932373
34.1199836730957 34.138053894043 33.849308013916 33.4193420410156 32.5952835083008 31.9859867095947 31.7118339538574 31.3054504394531 31.0608825683594 30.9032707214355 31.2101821899414 30.6823616027832 30.4213676452637 30.0316352844238 28.8819217681885 28.1617240905762 28.1593761444092 26.6594696044922 26.3660755157471 26.1152191162109 25.4360485076904 24.912109375 24.5974655151367 24.9597644805908 25.229471206665 25.6261425018311 26.2425270080566 27.7789001464844 29.453685760498 30.566333770752 31.6581726074219 32.4094276428223 32.5887680053711 32.958740234375 32.4505348205566 31.7681617736816 31.3611278533936 30.7391529083252 30.4223117828369 31.0489711761475 31.6610984802246 31.8283386230469 32.5949668884277 33.8989372253418 33.8899192810059 34.8603439331055
34.8951110839844 34.8829078674316 34.2137069702148 33.7137184143066 32.6598091125488 31.9976806640625 31.674747467041 31.1311798095703 30.9314193725586 30.299503326416 29.8195266723633 29.9314632415771 29.9350414276123 28.9917106628418 28.6084423065186 28.0718688964844 27.5955562591553 26.9481868743896 26.4598426818848 26.0749588012695 25.740816116333 25.6365146636963 25.6864719390869 25.7280559539795 25.7567386627197 26.4269523620605 27.7625694274902 29.0060901641846 30.6431007385254 31.2989330291748 31.6221141815186 31.6510734558105 31.6575832366943 31.6128349304199 31.6543121337891 31.2565517425537 30.6620254516602 30.1653690338135 29.7880249023438 30.7944774627686 31.0151996612549 31.6422252655029 32.3093147277832 33.2656669616699 34.1894340515137 34.8915061950684
34.5602226257324 34.7691612243652 34.0014305114746 33.6844291687012 32.4876365661621 32.0848693847656 31.6488418579102 31.2853908538818 30.4817657470703 29.9797992706299 29.656343460083 29.1409130096436 28.8835468292236 28.3549346923828 27.8449230194092 27.2984027862549 27.1265602111816 27.1074962615967 26.9361267089844 26.0811309814453 26.2764072418213 26.300874710083 26.3991470336914 26.3522796630859 26.8541011810303 27.5361213684082 28.9808902740479 29.7845554351807 31.327730178833 31.5481071472168 31.5884799957275 31.8976268768311 31.2199878692627 31.1562728881836 30.7877578735352 30.5174674987793 30.5432929992676 30.1402130126953 30.1495723724365 30.7477035522461 30.9185199737549 31.9301891326904 32.1654891967773 33.0222129821777 33.7582740783691 34.3599281311035
