input_data/future_climate/CNMR_585/_bio19_a.asc
ncols  331
nrows  193
xllcorner  17.833372883333
yllcorner  37.9999896166667
cellsize 0.1666667
NODATA_value  -9999
[rows 30 to 59 of 193, columns 0 to 68 of 331]
116.8125 116.1875 112.8125 115 116.5625 117 115.5 113.625 107.9375 106.375 106 108 111.6875 114.9375 116.9375 119.25 126.0625 125.875 122.5 118.4375 115.5625 115.125 114.222221374512 105 -9999 -9999 -9999 -9999 -9999 -9999 -9999 -9999 -9999 -9999 -9999 -9999 -9999 -9999 -9999 -9999 105.800003051758 105.800003051758 105.900001525879 108 109.714286804199 109.866668701172 109.9375 110.125 110.875 114.5625 119.0625 122.6875 121.8125 119.75 117.375 115.5 115.6875 119.9375 125.5 130.9375 139.1875 137.625 137.5625 134.8125 131 126.75 122.1875 118.0625 113.75
113.25 111.6875 110.625 110.3125 109.4375 110.875 114.25 112.625 114.9375 113.125 112.5625 111.5625 109.9375 112.4375 116.125 119.1875 119.9375 123.5 119.9375 117.6875 114 112.5 -9999 -9999 -9999 -9999 -9999 -9999 -9999 -9999 -9999 -9999 -9999 -9999 -9999 -9999 -9999 -9999 -9999 -9999 105 104.181816101074 103.888885498047 102.125 100.769233703613 99.0625 102.6875 104.875 106.75 110.25 114.3125 117.4375 118.9375 117.8125 115.5625 112.25 112.75 118.25 123.8125 131.3125 140.3125 141.3125 136.8125 132.125 126.75 124 123.4375 121.8125 118
119.875 111.4375 110.5 109.625 109.25 111 111.1875 109.25 108.9375 114.5 116.625 117.875 118.125 118.5625 118.625 119.875 121.1875 123.5 124.125 121.125 120.875 -9999 -9999 -9999 -9999 -9999 -9999 -9999 -9999 -9999 -9999 -9999 -9999 -9999 -9999 -9999 -9999 -9999 -9999 103 103.571426391602 103.9375 103.3125 102.25 99.5625 98.3125 101 102.5625 104 107.375 111.6875 114 115.6875 116.5 116.0625 115.5625 115.75 119.1875 123 128.4375 136.625 141.0625 133.1875 124.5 119 121.1875 125.125 126.125 123.5
123.9375 118.375 115.25 114.3125 107.9375 106.625 107.75 108 106.0625 109 113.1875 118.9375 121.25 123.125 126.4375 126.3125 125.875 129.0625 129.4375 130.25 128.428573608398 126.545455932617 125.5 -9999 -9999 -9999 -9999 -9999 -9999 -9999 -9999 -9999 -9999 -9999 -9999 -9999 -9999 -9999 100 102.466667175293 103.75 106.25 105.75 103.8125 101.625 101.4375 102.0625 102.125 103.5625 107.125 110.875 113.1875 113.1875 114.5 116.0625 116.875 116.375 117.125 119.0625 122.8125 126.0625 129.875 127.5 121.1875 119.0625 122.625 127.875 132.375 129.875
127.25 125.125 129.4375 125.3125 110.0625 109.625 104.5 102.75 105.3125 107.3125 110.5 116.625 125.375 130.5625 134.8125 130.5625 134.8125 137.75 137.3125 136.3125 134.875 131.1875 127.571426391602 -9999 -9999 -9999 -9999 -9999 -9999 -9999 -9999 -9999 -9999 -9999 -9999 -9999 99 98.3000030517578 98.625 100.9375 104.3125 107.6875 108.5625 106.0625 104.75 103.25 102.1875 100.8125 101.625 106.5625 111.6875 111.875 111.125 113 116.875 119.25 117.4375 114.5625 112.6875 114.125 118.3125 121.9375 123.6875 120.75 120.875 124.625 131.0625 136.4375 132.875
123.5 118.9375 123.0625 128.875 112 105.4375 103 105.375 108.5625 110.25 115.625 123.125 134.6875 141.3125 141.8125 140.625 140.9375 143.3125 141.75 138.9375 136.375 134 -9999 -9999 -9999 -9999 -9999 -9999 -9999 -9999 -9999 -9999 -9999 -9999 88.3333358764648 86.8888854980469 98.5 97 97.5625 100.3125 103.5 106.8125 108.875 107.6875 107.1875 106.3125 103.5625 100.4375 101 105.8125 110 109.25 107.875 110.625 114 117.1875 117.375 113.875 110.375 111.0625 116.5625 120.0625 123.125 122.125 121.625 123.9375 126.625 127.9375 126.875
127.875 125.3125 117.4375 109.625 114.75 115.1875 110.8125 108.4375 112.375 121.6875 128.0625 135.25 139.875 146.75 145 141.3125 144.0625 145.1875 144.923080444336 141 -9999 -9999 -9999 -9999 -9999 -9999 -9999 -9999 -9999 -9999 -9999 -9999 -9999 92 89.3333358764648 101.875 99.9375 98.0625 98.375 100.8125 103.8125 106.75 109 109.3125 108.75 107.125 104.5 103.3125 104.375 108.3125 111.25 110.375 108.375 111.9375 115.375 116.5 116.875 116.25 116 118.5625 122.125 122.75 124.0625 122.4375 121.5 121.625 122.8125 123.4375 121.5625
136.0625 129.6875 118.75 112.375 119.875 124.6875 126.75 126.5625 124.3125 135.5 142.75 146.125 149.4375 148.25 141.1875 140.6875 142.8125 143.866668701172 144.66667175293 -9999 -9999 -9999 -9999 -9999 -9999 -9999 -9999 -9999 105 105 106.857139587402 110.714286804199 111.75 107.800003051758 106.5625 104.4375 102.75 101.8125 102.25 103.625 105.5625 107.375 109.3125 109.6875 108.5625 108 106.625 105.5 107.1875 109.125 112.9375 115.3125 114.0625 113.8125 115.6875 118 119.125 119.6875 122.0625 123.5 125.6875 128.8125 129.9375 125.375 122.125 120.375 120.625 123.1875 125.3125
136.0625 137.3125 129.5625 119.4375 128.75 143.6875 155.4375 154.75 151.6875 151.6875 159.0625 159.1875 149.625 144 137.0625 138.857147216797 140.700012207031 140.5 137.33332824707 127 -9999 -9999 -9999 -9999 -9999 -9999 -9999 -9999 106.272727966309 105.25 106.75 109.5625 109.875 108.4375 106.625 105.9375 105.75 105.625 105.1875 106 107 108.375 110.3125 111.25 110.0625 110.1875 110.5625 110.75 111.125 114 113.8125 114.125 115 115.75 116.125 117.0625 119.9375 124.375 129.5625 131.0625 131.625 132.375 133.6875 131.0625 122.625 117.875 117.6875 122.3125 126
124.6875 131.3125 126.8125 133.8125 134.0625 163.5625 191.3125 180.5 165.625 151.133331298828 155.8125 154.733337402344 146.600006103516 141.5 138 -9999 -9999 128 126 -9999 -9999 -9999 -9999 -9999 -9999 -9999 102.5 104.166664123535 106.875 107.6875 106.75 107.0625 107.1875 106.3125 105.0625 106 106.625 108.0625 109.1875 109.3125 107.625 108.125 110.625 112.1875 112.0625 112.5 114 113.6875 115.0625 117.125 117.375 117.4375 117.375 118.3125 118.75 116.875 118.6875 127.1875 134.25 136.3125 135.5 135.6875 135.8125 134.1875 131.125 122.3125 119.375 123.375 129.25
131.25 131.625 134.3125 135.375 150.875 164.5625 179.1875 173.6875 159.923080444336 149.444442749023 150.75 152 147 -9999 -9999 -9999 -9999 -9999 -9999 97.6666717529297 109 110.333335876465 110 109.16667175293 105.66667175293 102.700004577637 100.363632202148 99.625 106.625 108.1875 105.125 104 103.6875 103.3125 103.9375 105.125 106.8125 108.9375 110.4375 113.375 111.75 109.375 110.25 112.4375 112.9375 113.1875 114.75 116.4375 117.75 117.3125 117.5 119.3125 120.1875 123.1875 125.6875 124.4375 121.625 128.1875 137.5 139 138.5 139.375 139.375 138 137.625 133.875 131.0625 129.4375 133.4375
147.375 151.0625 149 144.8125 147.625 150.0625 160.533325195313 162.08332824707 159.333343505859 -9999 -9999 -9999 -9999 -9999 -9999 -9999 -9999 119 -9999 109.5 109.625 110.25 111.25 108.4375 104.933334350586 103.6875 99 94.25 100.5625 102.125 99.5 97.75 98.375 100.125 101.375 103.4375 106.375 109.75 113.1875 114.625 115.0625 114.0625 113.0625 111.4375 113.125 113.4375 115.75 116.9375 117.25 118.9375 118.9375 120.8125 122.625 124.9375 127.9375 125.4375 121.625 126.0625 133.1875 136.6875 138.5625 139.8125 140.6875 139.875 138.6875 138.5 137.6875 137.625 136.6875
148.75 162.1875 160.25 157 149.333343505859 150.142852783203 153 -9999 -9999 -9999 -9999 -9999 -9999 -9999 -9999 -9999 -9999 110.66667175293 106.5 114 111 109.615386962891 111.4375 107.75 106.0625 108.4375 103 98.4375 97.25 96.625 92.5625 90.375 90.75 94.125 97.4375 102.0625 106.25 110.5625 115.25 116.5 116.4375 116.875 115.1875 111.75 111.4375 110.5625 112.4375 114.25 115.625 118.6875 121.6875 123.25 124.25 124.6875 124 121.9375 119.875 122 125 127.6875 130.9375 134.9375 137.75 139.1875 139.375 137.75 138.25 139.75 139.375
147.5 157.4375 160.375 159.66667175293 152.199996948242 -9999 -9999 -9999 -9999 -9999 -9999 -9999 -9999 -9999 -9999 -9999 -9999 110 108 102 113.307693481445 109.9375 106.5 107.375 110.3125 111.75 106.9375 101.1875 97.5 96.25 93.4375 91.5625 88.4375 92.125 97.9375 103.625 107.8125 112.6875 117.6875 119.0625 119.75 118.3125 117.4375 113.5625 109.5625 109.75 110.6875 112.125 113 116.875 120.75 124.125 125.0625 125.4375 122.1875 119.6875 119.25 120.4375 123.0625 124.6875 127.5625 130.4375 134.4375 137.375 137.25 136.8125 135.9375 134.5625 133.625
154.125 158.266662597656 158 -9999 -9999 -9999 -9999 -9999 -9999 -9999 -9999 -9999 -9999 -9999 -9999 -9999 -9999 -9999 -9999 121.222221374512 118.625 115.1875 109.5 113.9375 120 119.875 114.3125 107 102.6875 101.5625 99.125 97.5625 96.1875 97.125 99.375 104.9375 112 116.6875 120.875 123.3125 123.4375 121.5625 119.8125 115.125 109.9375 107.3125 110.375 110.6875 111.375 115.5 117.4375 122 125.8125 127.4375 122.6875 118.5625 118.3125 120.125 121.25 123.0625 125.875 127.75 131.25 132.9375 132.6875 133.3125 132.1875 127.5625 128.625
152.642852783203 154.33332824707 -9999 -9999 -9999 -9999 -9999 -9999 -9999 -9999 -9999 -9999 -9999 -9999 -9999 -9999 -9999 -9999 -9999 125 124.8125 124 126.625 134.75 133.375 129.375 120.4375 111.3125 108.875 108.1875 107.625 105.875 104.5625 104.875 103.0625 105.6875 113.375 119.875 124.375 126 126.6875 127.4375 128.125 122.5625 114.25 113.5 113.9375 112.5 115.5 115.6875 116.6875 122.5625 126.5 127.5 124.125 119.625 118.5625 119.1875 119.3125 121.0625 126.125 128.8125 129.6875 130.1875 129.9375 130.5625 128.5625 126.125 126.125
133 -9999 -9999 -9999 -9999 -9999 -9999 -9999 -9999 -9999 -9999 -9999 -9999 -9999 -9999 -9999 -9999 -9999 -9999 129 129.866668701172 132.3125 136.875 144 140.8125 135.1875 125.1875 114.5625 113.75 115.375 117.0625 115.8125 113.9375 112.875 109.0625 110.25 117.25 124.125 127.1875 124.4375 124.6875 127.0625 131.1875 129.5 124.6875 123.9375 124.9375 121.875 117.375 118.3125 120.9375 125.5625 128.4375 129.625 126.875 124.625 123.3125 121.75 120.4375 122.4375 128.8125 129.8125 129 129.8125 129.125 128.9375 128.25 127 125.75
-9999 -9999 -9999 -9999 -9999 -9999 -9999 -9999 -9999 -9999 -9999 -9999 -9999 -9999 -9999 -9999 -9999 -9999 -9999 -9999 134 136.1875 137.9375 132.875 139.375 146.75 139.125 121.375 121.375 123.9375 126.5625 123.5625 122.375 122.8125 120.4375 118.75 121.5 122.625 123.4375 113.125 116.375 123.625 127.125 125.3125 125 127.75 129.3125 126 121.3125 122.5625 124.5625 128.625 131.125 132.0625 129.625 127 126.3125 124 123.375 126.375 129.5625 128.875 127.6875 127.9375 127.8125 127.875 128 126.0625 125.3125
-9999 -9999 -9999 -9999 -9999 -9999 -9999 -9999 -9999 -9999 -9999 -9999 -9999 -9999 -9999 -9999 -9999 -9999 -9999 -9999 139.166656494141 141 144.6875 139.5625 144.5625 155.9375 153.5625 138.1875 132.125 132.75 134.9375 133.5 133.125 133.25 130.9375 126.4375 124.125 120.9375 117.0625 107.6875 107.5 115.4375 119.5 120.625 125.875 129.1875 125.6875 122.8125 123.6875 127.1875 130.3125 129.9375 132.0625 131.5625 126.8125 123.8125 122.3125 123.25 125.1875 126.375 126.25 126.4375 127 126.5625 127.25 127.125 126.5 126.4375 124.75
-9999 -9999 -9999 -9999 -9999 -9999 -9999 -9999 -9999 -9999 -9999 -9999 -9999 -9999 -9999 -9999 -9999 -9999 -9999 -9999 140 142.5 148.1875 147.9375 147.8125 152.25 148.8125 140.9375 138.75 141.6875 141.1875 139.9375 140.375 139.875 135.6875 130.0625 125.875 125 128.0625 120.375 113.875 113.1875 116.5625 117.3125 120 122.5625 120 117.25 119.6875 128.4375 128 127.5 129 127.5625 124.75 123.375 122.5625 123.875 125.1875 126.125 126.125 126.375 127.9375 128.375 128.625 127.25 126.9375 126.875 126
-9999 -9999 -9999 -9999 -9999 -9999 -9999 -9999 -9999 -9999 -9999 -9999 -9999 -9999 -9999 -9999 -9999 -9999 -9999 -9999 -9999 138.16667175293 140.9375 142.5625 143.875 145.25 139.625 133.5625 136.625 146.1875 142.25 138.9375 139.0625 141.25 136.875 128.25 126.9375 130.25 133.9375 128.0625 124.125 119.0625 119.6875 120.625 121 120.0625 117.1875 115.1875 117 122.375 124.3125 124.5625 123.25 123.0625 122.5625 124.625 126.4375 125.375 125.5 127.875 130.5 131.8125 131.875 130.875 130.625 129.9375 128.75 128.125 127.5
-9999 -9999 -9999 -9999 -9999 -9999 -9999 -9999 -9999 -9999 -9999 -9999 -9999 -9999 -9999 -9999 -9999 -9999 -9999 -9999 -9999 130.714294433594 128.5625 127.8125 132.5625 134.75 131.0625 125.0625 125.9375 135.4375 137.1875 137.125 136.4375 140.875 134.875 123.875 122.8125 126.4375 127.75 127.875 127 125.5625 124.375 123.625 122.1875 119 116.4375 116.875 119.5625 121.3125 122.5 121.1875 119.5 118.3125 120.25 123 125.125 124.375 125.0625 127.25 132.75 137.125 136.5 135.9375 135 133.875 132.125 130.6875 129.5625
-9999 -9999 -9999 -9999 -9999 -9999 -9999 -9999 -9999 -9999 -9999 -9999 -9999 -9999 -9999 -9999 -9999 -9999 -9999 -9999 -9999 124.33332824707 120.5 118.4375 123.5625 126.8125 125.875 123.5625 125 129.3125 131 128.9375 130.875 130 123.4375 116.5625 116.125 118.5625 121.875 123.75 125.25 124.5625 124.625 125.25 122.9375 118.8125 116.1875 117.1875 120.625 123.75 123.75 122.3125 120.1875 117.25 119.3125 122.625 124.0625 124.3125 123.375 126.1875 132.5 138.1875 140.25 140.625 141.125 139.4375 136.4375 134.375 131.9375
-9999 -9999 -9999 -9999 -9999 -9999 -9999 -9999 -9999 -9999 -9999 -9999 -9999 -9999 -9999 -9999 -9999 -9999 -9999 -9999 -9999 125.909088134766 121.8125 124.875 129.25 128.5625 125.0625 122.875 124.5 126.5625 125.75 122 121.25 123.125 118.25 112.6875 109.25 114.75 117.125 118.1875 120.0625 121.1875 123 128.375 128.3125 120.8125 117.375 120.5 123.3125 125.5625 127.125 128.375 127.3125 125.625 126.75 126.0625 125.875 125.375 123.25 124.625 133 139.8125 142.6875 144.125 143.5 142.1875 139.6875 136.375 133.875
-9999 -9999 -9999 -9999 -9999 -9999 -9999 -9999 -9999 -9999 -9999 -9999 -9999 -9999 -9999 -9999 -9999 -9999 -9999 -9999 130.600006103516 131.076919555664 131.5625 136.1875 140.625 135.125 129.25 127.5 128.9375 127.25 122.1875 115.25 113.25 117.4375 120.5625 124.375 126.375 123.25 117.875 117.0625 119.75 120.5625 121.625 127.125 128.25 123.4375 125.1875 127.125 128.9375 130.25 132.875 137.1875 138.625 139 137.125 133.875 131.875 131.8125 130.625 132.5 137.6875 142.1875 144.5 145.75 144.75 142.125 140.375 137.6875 135.5
-9999 -9999 -9999 -9999 -9999 -9999 -9999 -9999 -9999 -9999 -9999 -9999 -9999 -9999 -9999 -9999 -9999 -9999 -9999 114 132.066665649414 134.1875 136.1875 139.1875 142.125 139.0625 137.3125 136.375 135.3125 131.25 123.9375 116.5625 116.4375 119.3125 126.4375 137 144.125 134.875 126.6875 123.75 122.75 122.4375 123.5625 126.5625 127.9375 129.25 131.5 131.75 133.1875 134.5 138.75 146.375 147.75 149.3125 145.0625 141.5625 140.3125 142.1875 143.875 144.875 145.125 144.9375 145.375 146.4375 145.5 143.625 141.3125 138.5 136
-9999 -9999 -9999 -9999 -9999 -9999 -9999 -9999 -9999 -9999 -9999 -9999 -9999 -9999 -9999 -9999 -9999 -9999 -9999 112.333335876465 132.399993896484 135.125 137.5625 137.9375 138.9375 142.8125 146.6875 145.375 141.625 138.5625 131.75 123.5625 123.0625 126.6875 133.875 142.3125 146.125 141.375 135.5625 134.375 133.125 130.75 132.1875 134.25 136.75 138.75 138.75 138.125 142.0625 146.3125 148.6875 151.9375 151.25 149.3125 147.625 147.5625 148.5625 151.5625 155.625 156.8125 152.0625 148.9375 147.875 147.375 147.375 145.75 142.75 140 137.125
123.818183898926 120.33332824707 -9999 100.5 -9999 -9999 -9999 -9999 -9999 -9999 -9999 -9999 -9999 -9999 -9999 -9999 -9999 -9999 108.25 108.625 132.071426391602 137.8125 140.625 140.625 143 148.375 158.0625 150.625 148.8125 150.125 144.1875 138 137.5625 140.5625 144.8125 151.5 154.125 150.1875 145 144.3125 145 145.625 144.6875 145.625 148.0625 149.5625 148.9375 148.5625 151.4375 157.5625 159.25 156.75 151.625 147.8125 146.875 149.375 151.8125 156.25 161 158.3125 153.875 150.6875 148.307693481445 146.363632202148 145.933334350586 145.125 143.4375 141.25 138.3125
127.1875 123.599998474121 123.142860412598 115.642852783203 121.5 -9999 -9999 -9999 -9999 -9999 106 108.444442749023 109.899993896484 109.555557250977 107.857147216797 106.5 106 103.800003051758 103.833335876465 104.714286804199 108.666664123535 117.307693481445 124.75 127.8125 152.6875 155.3125 157.4375 154 153.625 156.4375 153.875 151.3125 152.875 156.75 159.75 163.375 161.4375 155.9375 150 149.5625 152.8125 151.0625 149.9375 152.5625 156.0625 159.1875 156.75 155.9375 157.75 161.866668701172 164.466674804688 158.066665649414 149.142852783203 142.600006103516 139.800003051758 116 124.25 152.555557250977 157.800003051758 154.83332824707 153 -9999 -9999 143.833343505859 144.5 143.8125 142.5625 141.1875 139.1875
132.1875 131.4375 131.5625 132.375 128.8125 130 -9999 -9999 105 107.25 108 108.125 128.6875 131.5625 107.800003051758 105.266670227051 102.75 101 101 100.599998474121 102.923072814941 115.153846740723 129 133.0625 134.5625 136.461547851563 162 163.666656494141 164.4375 160.875 160.75 162.0625 166.25 171.25 171.75 168.5 162.625 158.4375 152.0625 151.1875 153.1875 148 146.6875 150.1875 155.538467407227 159.33332824707 161.230773925781 159.416656494141 158.615386962891 160.375 136 -9999 -9999 113 -9999 110 114.5 -9999 -9999 -9999 -9999 -9999 -9999 144 142.857147216797 141.333343505859 140.111114501953 139.125 137.5625
