input_data/future_climate/CNMR_585/_bio15_a.asc
ncols  331
nrows  193
xllcorner  17.833372883333
yllcorner  37.9999896166667
cellsize 0.1666667
NODATA_value  -9999
[rows 0 to 19 of 193, columns 0 to 45 of 331]
-9999 -9999 -9999 -9999 29.3941230773926 27.6109600067139 28.4295234680176 27.0814647674561 27.1012763977051 26.53586769104 27.8121337890625 23.787260055542 24.3072738647461 26.483097076416 -9999 20.8749217987061 21.2457103729248 22.58766746521 24.9509696960449 28.5421371459961 25.1518726348877 24.2591075897217 23.047456741333 23.1596240997314 22.2294502258301 22.5990295410156 23.6017780303955 22.2831516265869 22.1703186035156 21.5634727478027 22.6826286315918 25.7498168945313 21.5956249237061 19.8768138885498 19.4051532745361 19.3133144378662 19.7909183502197 19.6385936737061 20.2825183868408 22.4904651641846 24.8218688964844 25.1280975341797 26.0211715698242 27.1177215576172 27.4621295928955 29.0323467254639
-9999 -9999 -9999 28.2254467010498 29.5934753417969 27.808744430542 26.1912040710449 24.4519214630127 23.8534660339355 25.0619945526123 24.656530380249 24.505687713623 27.670862197876 24.0390663146973 22.7198371887207 25.1048469543457 24.8156127929688 24.8942928314209 26.0096397399902 27.1448402404785 24.6041393280029 24.222770690918 25.4903240203857 26.7041664123535 25.0403499603271 23.1513576507568 23.3141021728516 24.4624805450439 25.4849452972412 25.6975402832031 25.9822845458984 26.4761962890625 26.6327285766602 25.6602897644043 23.0976543426514 22.8182945251465 23.2196464538574 23.7830867767334 25.4820613861084 28.0022010803223 30.2001094818115 31.4018383026123 30.6885299682617 31.312520980835 31.7692222595215 32.7419891357422
-9999 29.4432277679443 26.6062488555908 26.4281940460205 27.022497177124 26.6514129638672 27.7455978393555 27.6199493408203 25.6193466186523 24.197135925293 22.730785369873 25.9927024841309 24.5949783325195 23.041036605835 24.6567535400391 27.8322448730469 25.0870380401611 26.3089542388916 27.2229232788086 26.989128112793 25.8808135986328 26.4647731781006 27.8433380126953 26.2292098999023 26.7750797271729 26.9899559020996 26.239803314209 26.1730918884277 27.4616279602051 28.5865859985352 29.3330230712891 29.9286594390869 30.1345539093018 29.4455165863037 28.947380065918 28.7134323120117 28.7754535675049 29.218729019165 30.0422420501709 31.7670249938965 33.4141044616699 34.7625427246094 36.2800598144531 36.9309997558594 38.0571022033691 38.9935989379883
27.1960468292236 27.5169849395752 26.3717670440674 25.4975490570068 25.9828128814697 28.7546443939209 28.8926906585693 23.5434970855713 23.1716270446777 22.3793659210205 23.28639793396 24.8530216217041 24.3706607818604 25.5884590148926 26.9230937957764 26.933292388916 27.168981552124 28.4739360809326 29.0794353485107 28.9600372314453 29.552526473999 26.9848537445068 27.15771484375 28.1260890960693 28.6467094421387 28.6681041717529 29.3582134246826 29.8309841156006 30.4084739685059 30.7905082702637 32.0539932250977 33.8313865661621 35.6445121765137 35.6741065979004 35.1574935913086 34.9286003112793 35.0328674316406 35.8996276855469 36.9411735534668 38.3946189880371 39.5053405761719 40.2878913879395 41.4760704040527 42.8393478393555 43.4499282836914 44.5303802490234
26.9365234375 28.8728485107422 27.8134021759033 29.1760883331299 27.1240653991699 25.9657096862793 26.8222846984863 24.8142642974854 23.7676448822021 23.1781749725342 24.3826026916504 24.6158008575439 25.9311962127686 27.0755939483643 30.6431579589844 28.5365028381348 29.7371063232422 29.7662124633789 30.2377014160156 30.0060405731201 30.5144863128662 30.6750831604004 29.6467456817627 29.5228080749512 29.5526695251465 30.7891006469727 31.6961078643799 33.169002532959 34.7955207824707 36.1120147705078 37.4089698791504 40.4891586303711 41.5316734313965 41.2656898498535 41.1947631835938 40.5771408081055 41.2230377197266 42.3060340881348 44.3915786743164 46.5225143432617 46.6680679321289 46.4801025390625 46.7041931152344 47.2873191833496 48.1820182800293 48.682918548584
28.9579524993896 26.9847507476807 27.3276863098145 27.480583190918 28.8411655426025 26.4014453887939 26.016300201416 25.8387012481689 25.7753753662109 25.0743579864502 25.1510944366455 27.451904296875 29.4821434020996 29.3541507720947 31.1481075286865 32.772632598877 32.8332786560059 32.4709243774414 33.0529136657715 33.1572761535645 31.7535362243652 32.2410087585449 32.2454147338867 32.6859550476074 33.6726303100586 33.6082954406738 34.422664642334 36.6886711120605 39.5205497741699 42.1392555236816 42.9027214050293 45.3627433776855 46.6322860717773 46.6268157958984 47.0442237854004 46.451717376709 46.6396522521973 47.2385520935059 48.589038848877 50.240119934082 50.1749038696289 49.7993431091309 49.659065246582 49.892822265625 49.385814666748 49.664363861084
26.4105529785156 26.8710289001465 27.4046535491943 28.2013339996338 29.7729377746582 26.8533191680908 25.6317653656006 25.5849723815918 26.7748870849609 26.4507808685303 28.9667587280273 30.5636558532715 32.0093994140625 33.6963882446289 34.5104141235352 35.178409576416 36.2094345092773 38.6792755126953 36.1851692199707 35.4607849121094 35.2627716064453 35.6815032958984 35.509220123291 35.4137306213379 36.0940551757813 37.0351219177246 38.0365295410156 39.4581604003906 41.8577308654785 45.6673355102539 50.4551544189453 52.964298248291 52.0269775390625 51.0258865356445 50.2726783752441 49.8456497192383 49.6024627685547 50.3459281921387 51.5263557434082 52.0804977416992 51.8793449401855 51.6313667297363 51.2405242919922 51.4424896240234 51.1603889465332 50.7466354370117
27.0060043334961 27.6559047698975 27.0839805603027 28.0106620788574 24.4353542327881 25.0957698822021 25.9907169342041 25.6142711639404 27.241117477417 30.157678604126 36.4284210205078 37.1291351318359 36.1218643188477 36.4068222045898 37.8195686340332 39.1408767700195 39.9370803833008 41.350643157959 41.7812118530273 38.7072219848633 37.565731048584 37.0021781921387 36.9644432067871 37.1382675170898 37.9284820556641 38.9128608703613 39.7141799926758 41.2056655883789 43.4289093017578 47.7735290527344 52.1424331665039 54.4057884216309 53.490779876709 53.0401725769043 52.1271324157715 51.0072402954102 50.8400688171387 51.0919532775879 51.7009353637695 52.4382743835449 53.4221115112305 53.3213577270508 52.8863945007324 52.2239036560059 51.9369506835938 50.9137992858887
25.1138973236084 26.7263679504395 25.5213012695313 25.7755966186523 27.3546466827393 25.3667182922363 26.5524520874023 27.2985973358154 29.4983959197998 31.909366607666 36.4058456420898 43.2983055114746 38.7276954650879 39.3301544189453 39.8177680969238 41.4958076477051 40.9196510314941 40.8210906982422 40.731143951416 40.6065483093262 40.4616012573242 39.7234916687012 38.1740646362305 37.9729385375977 38.1285057067871 38.4307670593262 39.6959190368652 40.9071006774902 42.7139701843262 45.4851722717285 48.3972587585449 50.3173332214355 51.1464767456055 51.546558380127 51.6887474060059 49.7727928161621 49.7674255371094 50.5391731262207 51.4944229125977 52.5946731567383 54.0868682861328 54.3615455627441 53.7182502746582 52.688117980957 51.9389152526855 51.3077774047852
24.4449443817139 24.0892448425293 24.4866142272949 23.7146396636963 25.0588855743408 26.1444911956787 28.1052856445313 30.9315204620361 32.7624893188477 35.3534622192383 37.308837890625 42.8342781066895 44.7077789306641 42.8673057556152 43.0587501525879 43.3133735656738 43.9186668395996 43.6001052856445 43.014705657959 41.6930999755859 40.4945411682129 39.5041770935059 40.1286964416504 39.8220596313477 39.7320556640625 39.8119773864746 40.244010925293 40.1590270996094 41.1853408813477 42.9300537109375 44.6792030334473 45.6325263977051 46.5539665222168 47.2716903686523 48.0338020324707 47.8783569335938 49.0762901306152 50.2755508422852 51.3244895935059 52.9028625488281 54.511173248291 55.0265464782715 53.6312141418457 52.3344306945801 50.803825378418 49.062427520752
25.4080600738525 24.7037467956543 25.125150680542 25.5395641326904 27.6099624633789 34.5467338562012 35.5677528381348 35.1186637878418 35.0946311950684 35.4896087646484 40.8132400512695 46.3922805786133 45.7375984191895 46.1033096313477 45.2398109436035 44.1174201965332 43.3098831176758 43.3907203674316 43.381462097168 42.4667625427246 41.289119720459 40.8766746520996 40.2674140930176 39.7824325561523 39.7005195617676 40.2402839660645 40.0726890563965 39.4104347229004 39.9988822937012 41.5937080383301 42.7221984863281 42.7959976196289 42.7670021057129 43.2771835327148 43.6762924194336 45.5044136047363 47.4688262939453 48.7804870605469 50.2565689086914 51.9251289367676 53.4523849487305 54.0562858581543 52.7182655334473 51.2793769836426 50.3862686157227 48.7725028991699
23.973123550415 24.3265247344971 24.7479457855225 25.8614292144775 28.0964221954346 29.8535537719727 31.6151371002197 34.4401206970215 37.2858505249023 40.967472076416 43.6061134338379 45.1860961914063 48.4385108947754 48.4918212890625 46.4579734802246 44.7603530883789 43.9717445373535 42.6887702941895 41.6742134094238 41.3452949523926 41.2682647705078 41.4949684143066 40.7337341308594 40.176685333252 40.1315803527832 39.4484443664551 38.2370872497559 37.7776947021484 38.7512397766113 39.6251258850098 39.7014846801758 39.5765342712402 39.5675201416016 39.9864234924316 40.6423416137695 41.6304550170898 44.1769371032715 46.6088485717773 48.0628700256348 49.746898651123 50.8473510742188 51.0338478088379 50.4494819641113 49.4364929199219 48.3275604248047 47.137752532959
25.1653919219971 25.8733425140381 26.1389465332031 26.5157089233398 27.550220489502 29.4616641998291 31.287353515625 35.129825592041 36.8548393249512 38.902229309082 41.8144454956055 45.5706253051758 46.7490081787109 47.203197479248 47.360179901123 46.1473045349121 44.2284660339355 42.6067924499512 41.5335311889648 41.0093193054199 40.5587768554688 41.6313285827637 41.9226951599121 41.3178558349609 40.0691871643066 39.0903167724609 37.922176361084 36.9323959350586 36.3441925048828 36.588550567627 37.134521484375 36.4504165649414 35.6156158447266 35.4611930847168 37.0752449035645 39.4716567993164 40.9815711975098 42.2375907897949 44.0736541748047 45.679515838623 46.4475708007813 46.9514923095703 46.8059959411621 46.7340278625488 45.9673194885254 45.715015411377
26.3833198547363 25.9498252868652 26.6099395751953 27.9558162689209 30.3632678985596 31.5761566162109 34.9845428466797 36.0883102416992 39.2015953063965 40.8242378234863 42.0789642333984 44.0249900817871 45.5864524841309 46.6718215942383 46.6706275939941 45.8120880126953 44.4875221252441 43.0726013183594 42.2066841125488 41.641227722168 42.0819625854492 42.4913558959961 42.8227958679199 42.1338119506836 41.0462379455566 39.5041122436523 38.1290321350098 36.8688125610352 36.0316619873047 35.8262557983398 35.2117691040039 34.0892868041992 32.9983253479004 32.7429466247559 34.4576072692871 36.623462677002 37.979118347168 38.6400451660156 40.6229667663574 41.9288482666016 42.7058029174805 43.281566619873 43.3652191162109 43.6899948120117 43.4942779541016 42.9002456665039
27.1379928588867 27.5622291564941 28.4526138305664 29.3819732666016 31.7911415100098 32.5193862915039 35.0478820800781 37.3484191894531 39.8975486755371 41.1209678649902 41.5026092529297 42.8587226867676 45.2894744873047 47.1466751098633 46.4250221252441 45.3715209960938 44.1333885192871 42.7973403930664 41.8779411315918 41.4491691589355 41.7648239135742 42.8921012878418 43.7957611083984 41.9792289733887 40.0833778381348 38.6013565063477 37.2046661376953 36.3563919067383 35.6910514831543 34.9353141784668 33.5399894714355 32.9587783813477 32.2625885009766 31.4622287750244 32.130802154541 33.7680702209473 35.2318572998047 36.4158821105957 37.859375 38.5354766845703 39.1592178344727 39.9624214172363 40.0699462890625 40.9123497009277 41.0943183898926 41.107593536377
29.1874504089355 29.8391799926758 29.7682151794434 31.3410720825195 33.1994438171387 36.5767135620117 38.3039398193359 38.6113090515137 38.8518905639648 40.3076057434082 41.6898956298828 42.3576812744141 44.7419548034668 47.9305877685547 48.7352676391602 45.6301307678223 42.949104309082 41.8638954162598 40.9829711914063 40.4947700500488 40.2182960510254 40.610725402832 40.8003997802734 39.4609718322754 37.886547088623 37.1261291503906 36.423698425293 35.8316040039063 35.5368423461914 34.6183280944824 32.4851379394531 32.0407562255859 31.6178321838379 31.3023948669434 31.2225208282471 32.2898941040039 33.313533782959 34.179271697998 34.8994636535645 35.7489852905273 36.4929962158203 37.200611114502 37.5403060913086 38.0872192382813 39.0373573303223 39.0329284667969
30.12939453125 31.6497077941895 32.5253715515137 34.5449371337891 36.8661499023438 40.2446746826172 41.1203193664551 41.4949035644531 41.3186569213867 40.7466621398926 39.9139366149902 40.9890594482422 42.7390060424805 45.7937049865723 46.2881889343262 42.9113731384277 40.6410598754883 39.7171897888184 39.6322975158691 40.0655174255371 38.9380912780762 37.9560508728027 36.6109466552734 35.4198570251465 35.1584167480469 34.7475128173828 34.9372291564941 34.7397155761719 34.7280616760254 33.8421287536621 32.3730773925781 32.3551368713379 31.6974296569824 31.6540946960449 31.4807758331299 32.0252227783203 31.8154029846191 32.183837890625 33.3555717468262 33.8235054016113 34.8543548583984 35.0326232910156 35.7762336730957 36.6282768249512 36.8843078613281 36.9153289794922
30.8590450286865 30.9162158966064 32.5326919555664 34.6722106933594 33.8565139770508 34.73779296875 40.2633476257324 42.4775619506836 39.6375350952148 40.3291168212891 39.6213035583496 39.333927154541 39.3972434997559 42.320255279541 43.5030517578125 42.0717811584473 39.3583068847656 37.2662963867188 37.7626609802246 37.6591300964355 37.2043228149414 36.4232864379883 34.339729309082 32.3660736083984 32.0096473693848 31.7460136413574 32.5644149780273 32.9879150390625 33.8095588684082 33.4947052001953 32.2397804260254 32.1036033630371 31.8206005096436 31.5763149261475 31.944751739502 32.0577659606934 32.0453720092773 32.2013702392578 32.6732482910156 32.9287071228027 33.183349609375 33.2645492553711 33.4545783996582 34.5411529541016 35.1130676269531 35.5368919372559
32.5156555175781 33.700382232666 35.7036476135254 37.0023040771484 38.5568542480469 38.6868438720703 38.4895553588867 40.3350143432617 41.1261749267578 39.7794952392578 37.5519981384277 35.7199249267578 35.8578567504883 37.9462242126465 39.0083618164063 39.482349395752 38.4283103942871 37.5544090270996 35.8832397460938 36.0473022460938 35.7940139770508 35.6533470153809 34.2518997192383 32.1960296630859 30.4281616210938 29.3520469665527 29.6321678161621 31.0293560028076 32.4201126098633 32.2170066833496 31.5736637115479 30.9845104217529 30.9571762084961 31.387565612793 32.1312980651855 32.501636505127 32.6508598327637 32.292797088623 32.3052864074707 32.1849174499512 32.0451736450195 32.0378875732422 32.4568748474121 33.3029022216797 34.1980056762695 34.4743423461914
34.4308128356934 34.3933143615723 36.156120300293 37.8834800720215 39.85546875 40.656364440918 41.8639640808105 42.4925003051758 41.8171081542969 39.5644989013672 37.1376113891602 34.9738464355469 34.1420860290527 35.8079528808594 36.9331398010254 37.4838600158691 36.9350852966309 35.0823211669922 32.9700088500977 32.5168800354004 33.8650932312012 34.8485221862793 34.071346282959 31.8636226654053 30.3438453674316 28.3195838928223 28.3838024139404 29.3137340545654 30.5416145324707 31.0614852905273 30.414363861084 30.265775680542 30.3694400787354 31.715274810791 32.5131988525391 32.411190032959 32.5818977355957 32.0298500061035 31.2462463378906 31.0222015380859 30.4488716125488 30.6548233032227 31.1899375915527 32.313117980957 33.510498046875 33.0329627990723
