input_data/future_climate/CNMR_585/bio1_a.asc
ncols  331
nrows  193
xllcorner  17.833372883333
yllcorner  37.9999896166667
cellsize 0.1666667
NODATA_value  -9999
[rows 0 to 20 of 193, columns 276 to 321 of 331]
-9999 -9999 -9999 -9999 -9999 -9999 -9999 -9999 -9999 -9999 -9999 -9999 -9999 -9999 -9999 -9999 -9999 -9999 -5.17083311080933 -4.10972213745117 -5.04513883590698 -5.37333345413208 -5.45234394073486 -5.53749990463257 -5.56614589691162 -5.54531240463257 -5.57135438919067 -5.65468740463257 -5.75208330154419 -5.78776073455811 -5.87291669845581 -5.96562480926514 -6.03697919845581 -6.09375 -6.13177061080933 -6.17005205154419 -6.30208349227905 -6.22864580154419 -6.18437528610229 -6.24947929382324 -6.31145858764648 -6.36979150772095 -6.39635419845581 -6.54322910308838 -6.56406259536743 -6.61822891235352
-9999 -9999 -9999 -9999 -9999 -9999 -9999 -9999 -9999 -9999 -9999 -9999 -9999 -9999 -9999 -9999 -9999 -5.07916688919067 -5.08222198486328 -5.07833337783813 -5.14348983764648 -5.21927070617676 -5.25624990463257 -5.32942724227905 -5.40546894073486 -5.4375 -5.50156259536743 -5.56979179382324 -5.63593721389771 -5.63255214691162 -5.67343759536743 -5.74609375 -5.83255195617676 -5.91979169845581 -5.98020839691162 -6.00755214691162 -6.05859375 -6.09999990463257 -6.16484355926514 -6.17578125 -6.25104141235352 -6.33567714691162 -6.32994794845581 -6.36171865463257 -6.42343759536743 -6.46432304382324
-9999 -9999 -9999 -9999 -9999 -9999 -9999 -9999 -9999 -9999 -9999 -9999 -9999 -9999 -9999 -9999 -9999 -5.00208330154419 -4.93307304382324 -5.03020811080933 -5.11380195617676 -5.13255214691162 -5.15572929382324 -5.22890615463257 -5.29609394073486 -5.35963535308838 -5.40468740463257 -5.48593759536743 -5.54531240463257 -5.44322919845581 -5.47942686080933 -5.56223964691162 -5.66640615463257 -5.76770830154419 -5.83567714691162 -5.89036464691162 -5.94869804382324 -5.91901063919067 -6.02161455154419 -6.09348964691162 -6.19374990463257 -6.25416660308838 -6.21927070617676 -6.34375 -6.35859394073486 -6.39973974227905
-3.70729160308838 -3.70749998092651 -3.72083330154419 -9999 -9999 -9999 -9999 -9999 -9999 -9999 -9999 -9999 -9999 -9999 -9999 -9999 -9999 -4.8652777671814 -4.63214254379272 -4.77430534362793 -4.9375 -4.96666669845581 -5.07037019729614 -5.08500003814697 -5.11276054382324 -5.10520839691162 -5.14505195617676 -5.22812509536743 -5.33385419845581 -5.37395858764648 -5.31458330154419 -5.42812490463257 -5.52578115463257 -5.55364561080933 -5.64401054382324 -5.72552108764648 -5.77968740463257 -5.87317705154419 -5.96145820617676 -6.07890605926514 -6.15520811080933 -6.19270849227905 -6.24843740463257 -6.27604198455811 -6.27057313919067 -6.30520820617676
-3.86380195617676 -3.83203148841858 -3.82500004768372 -3.79638886451721 -3.85749983787537 -3.9466667175293 -9999 -9999 -9999 -9999 -9999 -9999 -9999 -9999 -9999 -9999 -9999 -9999 -4.69236135482788 -3.94192695617676 -4.73750019073486 -4.80000019073486 -4.47083330154419 -9999 -5.04479169845581 -4.97583341598511 -5.01796865463257 -5.13177108764648 -5.26093769073486 -5.32838535308838 -5.26171875 -5.30416679382324 -5.31953096389771 -5.39401006698608 -5.42786455154419 -5.53932285308838 -5.59713554382324 -5.68098974227905 -5.74843740463257 -5.83697891235352 -5.92942714691162 -5.97161483764648 -6.03828096389771 -6.07343769073486 -6.12812519073486 -6.13229179382324
-3.69843745231628 -3.68984365463257 -3.75104165077209 -3.78828120231628 -3.83359384536743 -3.91611123085022 -4.02083349227905 -3.96287870407104 -3.87916660308838 -3.83958339691162 -9999 -9999 -9999 -9999 -9999 -9999 -9999 -9999 -9999 -9999 -9999 -9999 -9999 -9999 -9999 -4.91291666030884 -4.87968730926514 -4.93489599227905 -5.05911445617676 -5.14375019073486 -5.13437509536743 -5.18723964691162 -5.22864580154419 -5.27135419845581 -5.32369804382324 -5.37239551544189 -5.45520830154419 -5.47604179382324 -5.56223964691162 -5.68020820617676 -5.6875 -5.72239589691162 -5.78958320617676 -5.87786483764648 -5.97031259536743 -6.06041669845581
-3.55833339691162 -3.62734389305115 -3.61249995231628 -3.64296865463257 -3.68489575386047 -3.75312495231628 -3.85677075386047 -4.05130195617676 -4.10677099227905 -4.09270858764648 -3.95104169845581 -3.83173084259033 -3.88402771949768 -3.97575759887695 -4.02291679382324 -3.92708325386047 -9999 -9999 -9999 -9999 -9999 -9999 -9999 -9999 -9999 -9999 -4.89416646957397 -4.86083316802979 -4.89010429382324 -4.953125 -4.91874980926514 -5.01510429382324 -5.08463525772095 -5.16770839691162 -5.20130205154419 -5.27317714691162 -5.35442733764648 -5.37447929382324 -5.47630214691162 -5.56744766235352 -5.63776063919067 -5.75286483764648 -5.83776044845581 -5.87031221389771 -5.91249990463257 -5.98932313919067
-3.48098945617676 -3.44427061080933 -3.44687509536743 -3.45598959922791 -3.51328110694885 -3.64270830154419 -3.84635424613953 -4.07864570617676 -4.12265634536743 -4.09166669845581 -4.06458330154419 -4.08802080154419 -4.07135438919067 -4.00078105926514 -3.95494794845581 -3.92083334922791 -3.92333340644836 -3.98645830154419 -3.95208334922791 -3.95833325386047 -9999 -9999 -9999 -9999 -9999 -9999 -9999 -4.90000009536743 -4.86666679382324 -4.89513874053955 -4.89166688919067 -4.89375019073486 -4.95078134536743 -5.03307294845581 -5.11223983764648 -5.15598964691162 -5.21250009536743 -5.32161474227905 -5.41249990463257 -5.48307275772095 -5.51536464691162 -5.57838535308838 -5.70286464691162 -5.84505224227905 -5.87734365463257 -5.94817733764648
-3.52421879768372 -3.42421865463257 -3.61510419845581 -3.74843740463257 -3.67473959922791 -3.54765629768372 -3.58307290077209 -3.75729155540466 -3.73906254768372 -3.67317700386047 -3.84635424613953 -3.89765620231628 -4.02369785308838 -4.06302070617676 -4.10182285308838 -4.10807275772095 -4.06041669845581 -3.98020839691162 -3.96588540077209 -3.93601179122925 -3.58375000953674 -4.07708311080933 -9999 -9999 -9999 -9999 -9999 -9999 -9999 -9999 -4.81875038146973 -4.80777788162231 -4.83906221389771 -4.91328144073486 -4.95338535308838 -5.05234384536743 -5.06354141235352 -5.171875 -5.26171875 -5.29036474227905 -5.34947919845581 -5.44114589691162 -5.55000019073486 -5.69140625 -5.74817705154419 -5.77083349227905
-3.68463540077209 -3.68359375 -3.68958353996277 -3.66927075386047 -3.63307309150696 -3.45260405540466 -3.46067714691162 -3.75104188919067 -3.66796875 -3.53437495231628 -3.59843754768372 -3.72161459922791 -3.83203101158142 -3.85989570617676 -3.95494794845581 -4.01848936080933 -4.05703115463257 -4.09609365463257 -4.06145811080933 -4.05833339691162 -3.99401044845581 -3.9661111831665 -3.91833329200745 -3.88750004768372 -9999 -9999 -9999 -9999 -9999 -4.55625009536743 -4.64198684692383 -4.64531230926514 -4.71744775772095 -4.79531240463257 -4.85338544845581 -4.90130186080933 -4.94817686080933 -5.04114580154419 -5.13124990463257 -5.19401025772095 -5.26901054382324 -5.36692714691162 -5.50729179382324 -5.59140634536743 -5.59218740463257 -5.60442686080933
-3.84010410308838 -3.78515625 -3.66510415077209 -3.50729155540466 -3.39322924613953 -3.31328129768372 -3.36770844459534 -3.43619799613953 -3.46510410308838 -3.39010405540466 -3.50911450386047 -3.64322900772095 -3.69322919845581 -3.67708349227905 -3.97890639305115 -3.99817705154419 -4.21953153610229 -4.19999980926514 -4.22942686080933 -4.20833349227905 -4.16536426544189 -4.08567714691162 -4.09869766235352 -4.00937509536743 -4.02569437026978 -4.06203699111938 -2.32916665077209 2.96250009536743 -4.43583345413208 -4.45722198486328 -4.46979188919067 -4.52421903610229 -4.59140634536743 -4.66145849227905 -4.74375009536743 -4.78359365463257 -4.83541679382324 -4.92239570617676 -5.03776025772095 -5.15052080154419 -5.24765634536743 -5.28072929382324 -5.37109375 -5.43906259536743 -5.44374990463257 -5.46875
-3.58489584922791 -3.50312495231628 -3.40286445617676 -3.30781245231628 -3.22057294845581 -3.27135419845581 -3.35286450386047 -3.29453110694885 -3.17864584922791 -3.19192695617676 -3.31666660308838 -3.64505195617676 -4.10208320617676 -4.39140605926514 -4.50546884536743 -4.78125 -4.70416688919067 -4.56848955154419 -4.5078125 -4.52916669845581 -4.42994785308838 -4.38385438919067 -4.23802089691162 -4.09557294845581 -3.91744780540466 -3.97473955154419 -4.00937509536743 -4.05937480926514 -4.17416667938232 -4.24505233764648 -4.30494785308838 -4.37239599227905 -4.45234394073486 -4.51276016235352 -4.58463525772095 -4.67994785308838 -4.75911474227905 -4.84348964691162 -4.89531278610229 -4.98515653610229 -5.0546875 -5.17734384536743 -5.20833349227905 -5.21614599227905 -5.28828144073486 -5.34427070617676
-3.50911450386047 -3.42031264305115 -3.28723978996277 -3.15416669845581 -3.11015629768372 -3.05234360694885 -3.18984365463257 -3.12604165077209 -3.04921865463257 -3.30078125 -4.34999990463257 -4.52552080154419 -4.72317695617676 -4.87057304382324 -4.90234375 -5.24166679382324 -4.54036474227905 -4.37760400772095 -4.18880224227905 -4.05494785308838 -4.03385400772095 -4.09973955154419 -4.12317705154419 -3.91015625 -3.765625 -3.84114575386047 -3.90286469459534 -3.99296879768372 -4.00416660308838 -4.10468769073486 -4.17552089691162 -4.2265625 -4.27578115463257 -4.35208320617676 -4.45156240463257 -4.55182313919067 -4.62942695617676 -4.72968769073486 -4.83098983764648 -4.93229150772095 -4.96302080154419 -5.01328134536743 -5.04791641235352 -5.04296875 -5.12135410308838 -5.19036436080933
-3.43046879768372 -3.39739584922791 -3.32656264305115 -3.29010415077209 -3.29166650772095 -3.10130214691162 -3.23385429382324 -3.25572919845581 -3.18229150772095 -3.31145834922791 -3.79713535308838 -4.06328105926514 -4.35026073455811 -4.70208311080933 -4.65000009536743 -4.72526025772095 -4.34270811080933 -4.26145839691162 -3.94479155540466 -3.99192690849304 -3.85494780540466 -3.72057294845581 -3.62734365463257 -3.66432309150696 -3.65338540077209 -3.72864603996277 -3.77682304382324 -3.85104179382324 -3.85807299613953 -3.97447919845581 -4.11432313919067 -4.23593759536743 -4.32421875 -4.35260438919067 -4.47083330154419 -4.51406240463257 -4.57916688919067 -4.67317724227905 -4.72291660308838 -4.79348993301392 -4.89296913146973 -4.90963554382324 -4.91979169845581 -4.89296865463257 -4.94192695617676 -5.00130224227905
-3.31406259536743 -3.25963544845581 -3.14192700386047 -3.11380195617676 -2.96223974227905 -2.94192719459534 -3.12343740463257 -3.18463540077209 -3.20234370231628 -3.359375 -3.63958334922791 -4.03593730926514 -4.62916660308838 -4.97057294845581 -4.44218730926514 -4.39036464691162 -4.41848945617676 -4.25234365463257 -3.91614580154419 -3.56744766235352 -3.55859351158142 -3.53307294845581 -3.52578115463257 -3.68281245231628 -3.76406264305115 -3.79531240463257 -3.88984394073486 -3.88645839691162 -3.90130209922791 -3.95937490463257 -4.06197929382324 -4.09557294845581 -4.16380214691162 -4.29947900772095 -4.40156269073486 -4.45078134536743 -4.47265625 -4.56458330154419 -4.66276025772095 -4.76197910308838 -4.84635400772095 -4.92994785308838 -4.98854160308838 -4.98411417007446 -5.04140615463257 -5.11223936080933
-3.13802075386047 -2.93307280540466 -2.9765625 -2.87395834922791 -2.81796860694885 -2.77838540077209 -2.73255205154419 -2.82291674613953 -3.03229165077209 -3.24505186080933 -3.87239575386047 -4.29947900772095 -4.68880224227905 -4.74114561080933 -4.50156259536743 -4.77213525772095 -4.25807285308838 -4.26640653610229 -3.68802094459534 -3.38880205154419 -3.47005200386047 -3.45494794845581 -3.45052075386047 -3.47239589691162 -3.51302075386047 -3.56640625 -3.73255205154419 -3.87083339691162 -3.89375019073486 -3.84375 -3.89947915077209 -3.97890615463257 -4.08828115463257 -4.17109394073486 -4.19713544845581 -4.25 -4.38307285308838 -4.46640634536743 -4.59348964691162 -4.66432285308838 -4.67526054382324 -4.74322938919067 -4.83515644073486 -4.92578125 -4.96588563919067 -5.01458358764648
-3.04999995231628 -3.02187514305115 -2.90104174613953 -2.78619790077209 -2.6796875 -2.69817709922791 -2.97447896003723 -2.82239580154419 -2.78802084922791 -3.00156235694885 -3.66484379768372 -4.00468730926514 -4.31432294845581 -4.43229150772095 -4.31223964691162 -4.22942686080933 -4.09479188919067 -4.77031278610229 -4.27317714691162 -3.66536450386047 -3.57421875 -3.44817709922791 -3.34114575386047 -3.24687504768372 -3.32578110694885 -3.44114565849304 -3.46015620231628 -3.54531240463257 -3.60703134536743 -3.67317700386047 -3.77499985694885 -3.85208320617676 -3.90963554382324 -3.96276044845581 -4.06822919845581 -4.15130233764648 -4.19270849227905 -4.29609394073486 -4.36901044845581 -4.48593759536743 -4.55807304382324 -4.59791660308838 -4.62057304382324 -4.68984413146973 -4.82526016235352 -4.84244823455811
-2.89036440849304 -2.79036450386047 -2.86354184150696 -2.77135419845581 -2.94661450386047 -3.01380228996277 -3.16822910308838 -3.27812504768372 -3.97473955154419 -3.80130195617676 -3.67161464691162 -3.77890634536743 -4.39739608764648 -4.42864561080933 -4.59765625 -4.70494794845581 -4.16223955154419 -3.98854184150696 -3.70885443687439 -3.64036440849304 -3.72838544845581 -3.62708330154419 -3.46432304382324 -3.20651030540466 -3.20000004768372 -3.30208325386047 -3.34348964691162 -3.41354179382324 -3.46406245231628 -3.54609370231628 -3.60729169845581 -3.67395830154419 -3.76484370231628 -3.83984398841858 -3.94869780540466 -3.98203110694885 -3.99192714691162 -4.09713554382324 -4.17734384536743 -4.28541660308838 -4.39557313919067 -4.4453125 -4.44687461853027 -4.48359346389771 -4.60885429382324 -4.63098955154419
-2.66640639305115 -2.63098978996277 -2.58489584922791 -2.55807280540466 -2.60026025772095 -2.69817709922791 -2.94192719459534 -3.29401040077209 -3.40703129768372 -3.25833344459534 -3.36041665077209 -3.85312509536743 -4.27317714691162 -4.44843721389771 -4.00130224227905 -3.86458349227905 -3.82083320617676 -3.91041660308838 -3.89609360694885 -3.71953129768372 -3.54140615463257 -3.34270834922791 -3.16770815849304 -3.06380200386047 -3.05625009536743 -3.07473945617676 -3.15260410308838 -3.24609375 -3.33437514305115 -3.43437504768372 -3.52526044845581 -3.55260419845581 -3.61848950386047 -3.68333339691162 -3.75416660308838 -3.82994794845581 -3.88932299613953 -3.92135429382324 -4.01458358764648 -4.09557294845581 -4.15442705154419 -4.24713516235352 -4.31822919845581 -4.35364580154419 -4.45989561080933 -4.50546884536743
-2.55364584922791 -2.55520820617676 -2.60442709922791 -2.52578115463257 -2.53489589691162 -2.80026030540466 -3.19895839691162 -3.92057299613953 -4.12552070617676 -4.171875 -3.66640615463257 -3.16432285308838 -3.42317700386047 -3.54296851158142 -3.72708344459534 -3.86302089691162 -3.68932294845581 -3.58958339691162 -3.62838554382324 -3.46197915077209 -3.26510405540466 -3.09531259536743 -2.96822905540466 -2.86432290077209 -2.87343764305115 -2.88697934150696 -2.97213530540466 -3.07708334922791 -3.20026040077209 -3.29999995231628 -3.35963535308838 -3.41614580154419 -3.51692700386047 -3.56119799613953 -3.61901044845581 -3.66484379768372 -3.74140644073486 -3.81692695617676 -3.88437485694885 -3.94427108764648 -4.00572919845581 -4.09661436080933 -4.26093769073486 -4.33880186080933 -4.37630224227905 -4.41041660308838
-2.89401054382324 -3.01432275772095 -3.46250009536743 -4.14427089691162 -4.12526035308838 -3.58177089691162 -3.10208320617676 -2.91484379768372 -2.78515625 -2.93802070617676 -2.97057294845581 -2.98880219459534 -3.12682294845581 -3.30520820617676 -3.48151040077209 -3.62369799613953 -3.61562514305115 -3.52734375 -3.36197924613953 -3.25338530540466 -3.07473945617676 -2.87343764305115 -2.71848964691162 -2.63072919845581 -2.66562509536743 -2.73776030540466 -2.80651044845581 -2.88027787208557 -2.94201397895813 -3.06041669845581 -3.22630214691162 -3.25104188919067 -3.32500004768372 -3.34583330154419 -3.45624995231628 -3.50651025772095 -3.57916665077209 -3.69218754768372 -3.77656269073486 -3.89166665077209 -3.95260429382324 -4.05572891235352 -4.13255214691162 -4.20130205154419 -4.25416660308838 -4.29505205154419
