input_data/future_climate/CNMR_585/bio1_a.asc
ncols  331
nrows  193
xllcorner  17.833372883333
yllcorner  37.9999896166667
cellsize 0.1666667
NODATA_value  -9999
[rows 105 to 125 of 193, columns 184 to 229 of 331]
8.14947891235352 7.84661436080933 7.75416660308838 7.62812519073486 7.52994775772095 7.48750019073486 7.43307304382324 7.37213563919067 7.40390634536743 7.52161455154419 7.46041679382324 7.51953125 7.57682275772095 7.64322948455811 7.60182285308838 7.52760410308838 7.61770820617676 7.36536455154419 7.14348983764648 7.08151054382324 7.10677099227905 7.26093769073486 7.24557304382324 7.19114589691162 7.15026044845581 7.00651025772095 6.87317705154419 6.95208311080933 6.87916660308838 6.81822919845581 6.73385429382324 6.69114589691162 6.65520811080933 6.62526035308838 6.55572938919067 6.51901054382324 6.40260410308838 6.32317686080933 6.33255195617676 6.40546894073486 6.15729188919067 6.11770820617676 6.18229150772095 5.93489599227905 5.90260410308838 5.56302070617676
8.03828144073486 7.76666688919067 7.58854150772095 7.59140634536743 7.47994804382324 7.43203115463257 7.46953105926514 7.52135419845581 7.64244794845581 7.6953125 7.73151063919067 7.80729150772095 7.77708339691162 7.70729160308838 7.66848945617676 7.55234384536743 7.42942714691162 7.33854150772095 7.37187480926514 7.390625 7.44114589691162 7.37786436080933 7.15000009536743 7.23697948455811 7.11302089691162 7.21953105926514 7.15000009536743 7.13359403610229 7.08932304382324 6.98307275772095 6.93333339691162 6.92031240463257 6.80104160308838 6.64192676544189 6.54505205154419 6.46953105926514 6.37213563919067 6.33984375 6.29557275772095 6.38776063919067 6.53203105926514 6.48854160308838 6.45937490463257 6.35624980926514 6.20208311080933 5.91223955154419
8.06093788146973 7.81119775772095 7.71145820617676 7.66796875 7.59010410308838 7.56588554382324 7.69895839691162 7.79895830154419 7.81302070617676 7.77526044845581 7.67786455154419 7.75598955154419 7.86015653610229 7.90182304382324 7.78749990463257 7.67031240463257 7.51718759536743 7.33906269073486 7.31848955154419 7.37552070617676 7.51406240463257 7.36171865463257 7.19401025772095 7.10130214691162 7.11666679382324 7.12838554382324 7.171875 7.12369775772095 7.09817695617676 7.19453096389771 7.05911445617676 6.86953115463257 6.84791660308838 6.80208349227905 6.77526044845581 6.70182275772095 6.44427108764648 6.40755224227905 6.59192705154419 6.58828115463257 6.69088554382324 6.65130186080933 6.53828096389771 6.49557304382324 6.31276035308838 6.07786464691162
7.97239589691162 7.67343759536743 7.58255195617676 7.67447900772095 7.80104160308838 7.88802099227905 7.9609375 7.90156221389771 7.76979160308838 7.74661445617676 7.69817733764648 7.65260410308838 7.75364589691162 7.87968730926514 7.90442705154419 7.75338554382324 7.57447910308838 7.53020811080933 7.65416669845581 7.46822929382324 7.36484384536743 7.37838554382324 7.38984394073486 7.27552080154419 7.27734375 7.25833320617676 7.19557285308838 7.07135438919067 7.05677080154419 7.10677099227905 7.18411445617676 7.15208339691162 7.06380224227905 6.91145849227905 6.66328144073486 6.57343769073486 6.57734394073486 6.69973945617676 6.76822900772095 6.82734346389771 6.85781240463257 6.83984375 6.79921865463257 6.67682313919067 6.55755233764648 6.44609355926514
8.17812538146973 8.20442676544189 8.17656230926514 8.14088535308838 8.17395877838135 8.26276016235352 8.21822929382324 8.12552070617676 7.99973964691162 7.93802070617676 7.74270868301392 7.68281221389771 7.57187509536743 7.48307275772095 7.50963544845581 7.42942714691162 7.44166660308838 7.55182313919067 7.55416679382324 7.52031278610229 7.43307304382324 7.36119794845581 7.23255205154419 7.20885419845581 7.34401035308838 7.44921875 7.33333349227905 7.21380186080933 7.22942686080933 7.27135419845581 7.16171884536743 7.16276025772095 6.98906230926514 6.90885400772095 6.75911474227905 6.63151025772095 6.71848964691162 6.85078144073486 6.89010429382324 6.91979169845581 6.94166660308838 6.87421894073486 6.89244794845581 6.84427070617676 6.75364589691162 6.67708349227905
8.27786445617676 8.16171836853027 8.05729198455811 8.11458301544189 8.3125 8.43463516235352 8.43671894073486 8.32239532470703 8.18411445617676 8.06276035308838 7.95937490463257 7.95104169845581 7.80755186080933 7.61458349227905 7.63854169845581 7.67135429382324 7.79322910308838 7.8046875 7.62630224227905 7.54374980926514 7.49505186080933 7.54218721389771 7.50859355926514 7.49947929382324 7.54973936080933 7.59557294845581 7.59895849227905 7.60364580154419 7.59479141235352 7.46119785308838 7.42838525772095 7.35494804382324 7.30963563919067 7.18177080154419 7.25807285308838 7.16614580154419 7.10781240463257 7.07265615463257 7.03932285308838 7.28229188919067 7.18854141235352 7.13541650772095 7.10338544845581 6.97786474227905 6.82526016235352 6.72317695617676
8.18072891235352 8.16224002838135 8.17994785308838 8.28776073455811 8.47682285308838 8.56874942779541 8.45755195617676 8.47005176544189 8.46875 8.39947891235352 8.26067733764648 8.16354179382324 8.09062480926514 7.96796894073486 7.80624961853027 7.85624980926514 7.88489580154419 7.98411464691162 7.88385391235352 7.84296894073486 7.81067705154419 7.80677080154419 7.78281259536743 7.78177070617676 7.80625009536743 7.74401044845581 7.70729160308838 7.73593759536743 7.74713516235352 7.74947929382324 7.75963544845581 7.6796875 7.63593721389771 7.56197929382324 7.4375 7.29401016235352 7.23880243301392 7.19401025772095 7.14947938919067 7.11432266235352 7.16588544845581 7.24270820617676 7.17682313919067 7.16432285308838 7.09817695617676 6.97864580154419
8.30703067779541 8.32369804382324 8.421875 8.44349002838135 8.56536483764648 8.70468711853027 8.74062538146973 8.72135448455811 8.64687442779541 8.59739589691162 8.37630176544189 8.15963554382324 8.15130233764648 8.13333320617676 8.046875 8.11848926544189 8.19010448455811 8.15442752838135 8.08307266235352 8.05234336853027 7.97630214691162 7.89609384536743 7.90130186080933 7.8828125 7.79374980926514 7.85234403610229 7.86796855926514 7.85520839691162 7.86744785308838 7.88307285308838 7.97239589691162 7.95989561080933 7.86901044845581 7.76171875 7.60494804382324 7.37812519073486 7.18776035308838 7.0390625 6.99479150772095 7.09765625 7.15729188919067 7.22213554382324 7.04661464691162 7.08124971389771 7.19817733764648 7.19843769073486
8.45833301544189 8.58619785308838 8.57552051544189 8.63697910308838 8.60078144073486 8.63463497161865 8.71041679382324 8.89140605926514 8.66015625 8.53724002838135 8.34609413146973 8.42343807220459 8.421875 8.48880195617676 8.46249961853027 8.35781192779541 8.34088516235352 8.24322891235352 8.11145782470703 8.01848983764648 7.95052099227905 7.98177099227905 8.00052070617676 7.98463535308838 7.89218759536743 7.98776054382324 8.05911445617676 7.95052051544189 7.90729141235352 7.88932275772095 7.98151063919067 8.09479141235352 8.13828086853027 8.04583358764648 7.70885419845581 7.18828105926514 7.04713535308838 6.984375 7.10052061080933 7.08151054382324 7.07395839691162 7.07343769073486 7.12369775772095 7.13515615463257 7.27526044845581 7.22552061080933
8.65677070617676 8.74140644073486 8.71197891235352 8.73619747161865 8.76796913146973 8.70572948455811 8.83333301544189 8.82994747161865 8.84375 8.71484375 8.71458339691162 8.71718788146973 8.65546894073486 8.61979198455811 8.59505176544189 8.49296855926514 8.39817714691162 8.22682285308838 8.29062461853027 8.21380233764648 8.15963554382324 8.11250019073486 7.99817705154419 8.02109336853027 7.97578096389771 8.04557323455811 8.13932323455811 8.13541698455811 7.97942686080933 7.83255195617676 7.92604160308838 8.16354179382324 8.27994823455811 8.29088497161865 7.921875 7.34296894073486 7.23098945617676 7.24687480926514 7.28984355926514 7.31458330154419 7.34322929382324 7.40442705154419 7.37890625 7.16536426544189 7.14270830154419 7.16562509536743
8.66458320617676 8.77604198455811 8.86484432220459 8.88776016235352 8.88645839691162 8.98854160308838 9.11666679382324 9.10911464691162 9.12317752838135 9.0546875 8.99479198455811 8.98229217529297 8.93515586853027 8.85963535308838 8.78958320617676 8.74166679382324 8.57552051544189 8.54244804382324 8.48307323455811 8.40130233764648 8.33385372161865 8.3203125 8.23723983764648 8.10494804382324 7.97994804382324 8.06666660308838 8.20625019073486 8.24348926544189 8.22421836853027 8.04088497161865 8.01015663146973 8.15260410308838 8.26640605926514 8.17890644073486 7.89739608764648 7.52734375 7.39401054382324 7.41458320617676 7.34140634536743 7.32604169845581 7.27239561080933 7.3125 7.46953105926514 7.46953105926514 7.42578125 7.23802089691162
8.77708339691162 8.84713554382324 8.94322872161865 9.09791660308838 9.19635391235352 9.22890567779541 9.26328182220459 9.2734375 9.26354217529297 9.24973964691162 9.23932266235352 9.19765567779541 9.15833377838135 9.07656288146973 9.01432323455811 8.96640586853027 8.88099002838135 8.81354141235352 8.74427127838135 8.62916660308838 8.6171875 8.56067752838135 8.47135448455811 8.38880157470703 8.31223964691162 8.21276092529297 8.16276073455811 8.15234375 8.31640625 8.30650997161865 8.28020858764648 8.13776016235352 8.14869785308838 7.97239589691162 7.72890615463257 7.48958349227905 7.43125009536743 7.54322910308838 7.59348964691162 7.58333349227905 7.45781230926514 7.44140625 7.37369775772095 7.40859365463257 7.42500019073486 7.40859365463257
9.05390644073486 9.05312538146973 9.09895896911621 9.26015663146973 9.30859375 9.35052108764648 9.37369823455811 9.39531230926514 9.37187480926514 9.39401054382324 9.37578105926514 9.34036445617676 9.35312461853027 9.26770877838135 9.25390625 9.14505195617676 9.12916660308838 9.05650997161865 8.91432285308838 8.75468730926514 8.82552051544189 8.76276016235352 8.66145801544189 8.58177089691162 8.47708320617676 8.43255233764648 8.40625 8.29401016235352 8.23671913146973 8.20859336853027 8.29635429382324 8.28463554382324 8.24479198455811 7.96041679382324 7.68125009536743 7.40026044845581 7.46302080154419 7.58828115463257 7.56927061080933 7.66901063919067 7.76640605926514 7.51692724227905 7.33020830154419 7.19869804382324 7.21119785308838 7.28411436080933
9.18072891235352 9.18723964691162 9.26328086853027 9.33385372161865 9.39244842529297 9.42994785308838 9.47265625 9.49140644073486 9.49557304382324 9.5078125 9.45807266235352 9.46354198455811 9.43776035308838 9.38697910308838 9.45677089691162 9.34974002838135 9.39687538146973 9.33880233764648 9.20182323455811 8.96276092529297 8.91666698455811 8.92760467529297 8.84401035308838 8.75234413146973 8.67343711853027 8.59869766235352 8.58932304382324 8.63255214691162 8.52630233764648 8.36822891235352 8.38619804382324 8.23854160308838 8.1640625 8.11197948455811 7.92473983764648 7.70078134536743 7.58463525772095 7.43958330154419 7.53541660308838 7.64583301544189 7.75807285308838 7.81041669845581 7.64036464691162 7.4140625 7.36770820617676 7.17213535308838
9.32291698455811 9.30989551544189 9.33619785308838 9.37369823455811 9.41302108764648 9.47239589691162 9.51484394073486 9.54114627838135 9.53645801544189 9.59531211853027 9.55286502838135 9.56822967529297 9.62239551544189 9.59817695617676 9.63151073455811 9.61927032470703 9.53958320617676 9.50338554382324 9.38802051544189 9.24765586853027 9.09974002838135 9.08489608764648 9.00442695617676 8.88463592529297 8.87135410308838 8.8203125 8.81380176544189 8.75937557220459 8.67864608764648 8.64270782470703 8.57343769073486 8.55156230926514 8.39479160308838 8.13151073455811 8.07656288146973 7.84036445617676 7.82343769073486 7.64114570617676 7.68697929382324 7.66901063919067 7.66276073455811 7.74921894073486 7.79635429382324 7.60312509536743 7.64739561080933 7.35286474227905
9.47604179382324 9.46588516235352 9.44010448455811 9.40416622161865 9.48515605926514 9.50833320617676 9.55000019073486 9.58723926544189 9.60260391235352 9.62864589691162 9.65572929382324 9.67135429382324 9.69635391235352 9.71145820617676 9.73541641235352 9.77994823455811 9.70390605926514 9.60026073455811 9.53411483764648 9.45442676544189 9.37213516235352 9.27213573455811 9.17552089691162 9.11874961853027 9.06875038146973 9.03671836853027 9.02864551544189 8.98124980926514 8.97005176544189 8.85598945617676 8.73854160308838 8.65520858764648 8.52395820617676 8.33046913146973 8.30234432220459 8.07942676544189 7.9609375 8.01796913146973 7.98723936080933 7.90546846389771 7.62708330154419 7.69114589691162 7.85468769073486 7.94687509536743 7.85026025772095 7.7109375
9.55859375 9.52447891235352 9.51302051544189 9.53489589691162 9.52031230926514 9.54140663146973 9.56692695617676 9.61171913146973 9.68150997161865 9.70156288146973 9.69843769073486 9.72552108764648 9.73932266235352 9.77395820617676 9.80182266235352 9.85052108764648 9.82916641235352 9.70260429382324 9.65338516235352 9.578125 9.52864551544189 9.45755195617676 9.42135429382324 9.35703086853027 9.28307342529297 9.24869823455811 9.23880195617676 9.20781230926514 9.15807342529297 9.07135391235352 8.96015644073486 8.84947967529297 8.74479198455811 8.67864608764648 8.52812480926514 8.35104179382324 8.11041641235352 8.25390625 8.16744804382324 7.94088554382324 7.84635400772095 7.81744813919067 7.92786455154419 7.92343759536743 7.81380224227905 7.75026035308838
9.70390605926514 9.65572929382324 9.66093730926514 9.70859336853027 9.59192657470703 9.62239551544189 9.59427070617676 9.671875 9.74609375 9.78437519073486 9.82656192779541 9.84505176544189 9.89270782470703 9.89505195617676 9.91927051544189 9.92213535308838 9.90572929382324 9.87552070617676 9.77135372161865 9.77994823455811 9.71822929382324 9.65625 9.61093711853027 9.52682304382324 9.53671932220459 9.47474002838135 9.40026092529297 9.40338516235352 9.34244823455811 9.27760410308838 9.19140625 9.07994747161865 8.97291660308838 8.86770820617676 8.71067714691162 8.51015663146973 8.25807285308838 8.42994785308838 8.47760391235352 8.36822891235352 8.18854141235352 8.03229141235352 7.96536493301392 7.91979169845581 7.80703115463257 7.73854160308838
9.78203105926514 9.76145839691162 9.74270820617676 9.6875 9.66744804382324 9.65859413146973 9.65260410308838 9.69973945617676 9.77890586853027 9.83567714691162 9.89192676544189 9.92708301544189 9.95651054382324 10.0124998092651 10.0216150283813 9.99869823455811 9.98489570617676 9.98723983764648 9.95729160308838 9.9375 9.91119766235352 9.86536502838135 9.79531288146973 9.76406288146973 9.71796894073486 9.60312461853027 9.54270839691162 9.55260372161865 9.47265625 9.41979122161865 9.36380195617676 9.30885410308838 9.20625019073486 9.10260391235352 8.96744823455811 8.6953125 8.41744804382324 8.57604122161865 8.68567752838135 8.47942733764648 8.44869804382324 8.38619804382324 8.19739627838135 8.16328144073486 7.94713544845581 7.96145820617676
9.94062519073486 9.91224002838135 9.85755252838135 9.80182266235352 9.79453182220459 9.79374980926514 9.76718711853027 9.72942733764648 9.83098983764648 9.88489532470703 9.91588497161865 9.9609375 10.0315103530884 10.0515623092651 10.1091146469116 10.0908851623535 10.0919275283813 10.0859375 10.0994787216187 10.0343751907349 10.0526037216187 10.01171875 9.99895858764648 9.97447967529297 9.89322948455811 9.82109355926514 9.80156230926514 9.74687480926514 9.67239570617676 9.58072948455811 9.59218788146973 9.52031230926514 9.46197891235352 9.27005195617676 9.07630157470703 8.93177032470703 8.83177089691162 8.88567733764648 8.86666679382324 8.82499980926514 8.77890586853027 8.70156288146973 8.47812461853027 8.47135448455811 8.14375019073486 8.22786426544189
10.1486978530884 10.0419273376465 10.02734375 9.96406269073486 9.90338516235352 9.890625 9.82161426544189 9.81223964691162 9.88880157470703 9.97161483764648 10.0356769561768 10.0401039123535 10.1276044845581 10.1395835876465 10.1893224716187 10.2169275283813 10.2192707061768 10.205207824707 10.2005205154419 10.2106771469116 10.1447916030884 10.1809892654419 10.1710939407349 10.1497392654419 10.0643224716187 10.0104169845581 9.95546913146973 9.90937519073486 9.86588573455811 9.85546875 9.80000019073486 9.69817733764648 9.65104103088379 9.47369766235352 9.30859375 9.12968730926514 9.19270801544189 9.06901073455811 8.91640663146973 8.87682247161865 8.82942676544189 8.86406230926514 8.82499980926514 8.73541641235352 8.60677051544189 8.57057285308838
