input_data/future_climate/CNMR_585/bio1_a.asc
ncols  331
nrows  193
xllcorner  17.833372883333
yllcorner  37.9999896166667
cellsize 0.1666667
NODATA_value  -9999
[rows 84 to 104 of 193, columns 184 to 229 of 331]
5.63645839691162 5.51718759536743 5.51171875 5.51328134536743 5.58645820617676 5.56145858764648 5.54062461853027 5.48124980926514 5.35572910308838 5.21380186080933 5.13932275772095 5.10130214691162 5.01380205154419 5.06432294845581 5.16380214691162 5.14401054382324 5.31979179382324 5.48932266235352 5.39609384536743 5.43984365463257 5.45911455154419 5.34973955154419 5.42578125 5.43567705154419 5.35052108764648 5.45989608764648 5.50859355926514 5.38776063919067 5.18984365463257 5.27630186080933 5.22265625 5.25703144073486 5.23645830154419 5.34557294845581 5.32708358764648 5.07421875 4.88854169845581 4.82291650772095 4.77031278610229 4.81692695617676 4.91354179382324 4.97890615463257 4.97630214691162 5.00624990463257 4.98723936080933 4.90078115463257
5.84270858764648 5.79114580154419 5.81692695617676 5.94166660308838 5.86250019073486 5.60651016235352 5.5078125 5.43697929382324 5.32109355926514 5.24661493301392 5.27473974227905 5.18932294845581 5.09322929382324 5.00468730926514 5.11901044845581 5.27760410308838 5.37994766235352 5.57395839691162 5.56458330154419 5.51953125 5.45234394073486 5.56119775772095 5.72708320617676 5.79765653610229 5.80078125 5.86744785308838 5.76276063919067 5.50416660308838 5.37083339691162 5.43229150772095 5.55156278610229 5.51484394073486 5.43619775772095 5.33645820617676 5.26276063919067 5.13307285308838 5.06953144073486 5.08854150772095 5.02786445617676 5.12760448455811 5.19036483764648 5.21197891235352 5.21171855926514 5.21875 5.11302089691162 5.00937509536743
6.03723955154419 5.91067695617676 5.97552061080933 6.32526063919067 5.96432304382324 5.62760400772095 5.69635438919067 5.63046884536743 5.46380186080933 5.39114570617676 5.29583311080933 5.13802099227905 5.11223983764648 5.08541679382324 5.15000009536743 5.15260410308838 5.34635400772095 5.63307285308838 5.61458301544189 5.67031240463257 5.84375 5.93854188919067 6.01093769073486 6.03749990463257 5.77213525772095 5.62630224227905 5.77682304382324 5.79322910308838 5.73359394073486 5.60416650772095 5.51484346389771 5.48854160308838 5.45364570617676 5.43984365463257 5.421875 5.36901044845581 5.40625 5.38776063919067 5.26510381698608 5.25338554382324 5.32890605926514 5.36197900772095 5.30546855926514 5.23749971389771 5.08567714691162 4.95520830154419
5.74166679382324 5.83333349227905 5.84062528610229 6.05911445617676 5.96796846389771 5.89687490463257 5.69114589691162 5.55156230926514 5.49427080154419 5.38437509536743 5.31536436080933 5.27656269073486 5.19635438919067 5.23020839691162 5.26354169845581 5.31614589691162 5.47890615463257 5.59453105926514 5.82630205154419 5.93593740463257 5.83437490463257 5.82578134536743 5.90989589691162 5.77552080154419 5.69427061080933 5.83776044845581 5.78593730926514 5.63203144073486 5.65937519073486 5.67265605926514 5.56145858764648 5.38776063919067 5.44999980926514 5.47187519073486 5.39479160308838 5.4140625 5.46718740463257 5.50442695617676 5.45468759536743 5.48385429382324 5.45156240463257 5.46510410308838 5.50052070617676 5.34322929382324 5.19973945617676 5.07604169845581
5.98124980926514 5.77161455154419 5.81197929382324 6.19843769073486 6.08984375 6.05364608764648 5.90963554382324 5.83880233764648 5.69557285308838 5.76119804382324 5.61640644073486 5.52578115463257 5.49895811080933 5.48281240463257 5.52291679382324 5.67708349227905 5.77916669845581 5.75677108764648 5.84479141235352 5.97213554382324 5.94661474227905 5.95598936080933 5.80937480926514 5.65963554382324 5.87473964691162 5.85026025772095 5.77812480926514 5.81458330154419 5.61302089691162 5.46171855926514 5.41171884536743 5.46354198455811 5.45052099227905 5.25937509536743 5.38229179382324 5.37994813919067 5.41666650772095 5.53411436080933 5.53229141235352 5.56848955154419 5.60755205154419 5.75234365463257 5.68020820617676 5.50807285308838 5.35338544845581 5.17343759536743
6.17552089691162 6.02526044845581 5.93802070617676 5.93906259536743 6.18307304382324 6.18880224227905 6.11093759536743 5.98932266235352 5.86536455154419 5.74192714691162 5.69427061080933 5.53593730926514 5.38411474227905 5.38437509536743 5.58984375 5.77916669845581 5.86197900772095 5.74088525772095 5.62473964691162 5.66328096389771 5.94661474227905 6.11380195617676 5.80416679382324 5.61276054382324 5.85104179382324 5.81458330154419 5.84166669845581 5.83281230926514 5.72473955154419 5.32161474227905 5.34322929382324 5.38072919845581 5.34322929382324 5.19036436080933 5.25833320617676 5.41588544845581 5.4375 5.42369794845581 5.44765615463257 5.55130195617676 5.70182275772095 5.76822900772095 5.63359355926514 5.56901025772095 5.27916669845581 5.06328105926514
6.02447938919067 5.98932266235352 5.95234394073486 6.24557304382324 6.30833339691162 6.17317724227905 6.09869813919067 5.96406269073486 5.81276035308838 5.60911464691162 5.58046865463257 5.50494813919067 5.49401044845581 5.51015615463257 5.62005233764648 5.82968759536743 6.05156230926514 5.99635410308838 5.92343759536743 5.84348964691162 5.80182266235352 6.0078125 5.86197900772095 5.61484384536743 5.70286464691162 5.70182275772095 5.81197929382324 5.73984384536743 5.80677080154419 5.35390615463257 5.32187509536743 5.38463544845581 5.20677089691162 5.16249990463257 5.22109365463257 5.38906240463257 5.36536455154419 5.50130224227905 5.59739589691162 5.68307304382324 5.68541669845581 5.72994804382324 5.65598964691162 5.59244775772095 5.43828105926514 5.26770830154419
5.93463516235352 5.99869775772095 6.28489589691162 6.28255224227905 6.20052099227905 6.18437528610229 6.06510400772095 5.85390615463257 5.85052108764648 5.70156240463257 5.71067714691162 5.61302089691162 5.59921884536743 5.72317695617676 5.82343769073486 5.93697929382324 6.08645820617676 6.15416669845581 6.14270830154419 5.95208311080933 5.82187509536743 5.83072900772095 6.03697919845581 5.94687509536743 5.73411464691162 5.55026054382324 5.59088516235352 5.60807275772095 5.71770811080933 5.79010391235352 5.515625 5.40078115463257 5.18046855926514 5.14973926544189 5.06953144073486 5.19348955154419 5.28984355926514 5.43515634536743 5.64036464691162 5.54036426544189 5.57239580154419 5.64401006698608 5.63697910308838 5.54166650772095 5.59218788146973 5.57578134536743
6.15807294845581 6.18880176544189 6.46302080154419 6.31796884536743 6.25078105926514 6.10624980926514 5.94765663146973 5.84088516235352 5.88593769073486 5.91093730926514 5.76432275772095 5.72760438919067 5.80781269073486 6.02994775772095 6.08098936080933 6.14791679382324 6.12031269073486 6.12135410308838 6.15885400772095 6.08619785308838 5.90598964691162 5.75026035308838 5.58177089691162 5.81796884536743 5.80156278610229 5.58854150772095 5.42994785308838 5.51406240463257 5.65286445617676 5.67447900772095 5.75156259536743 5.37604141235352 5.33229160308838 5.26067686080933 5.13046884536743 5.26953125 5.46276044845581 5.58697938919067 5.52083301544189 5.55572938919067 5.55312490463257 5.54609394073486 5.44921875 5.42604160308838 5.69739580154419 5.71536445617676
6.61536455154419 6.56927061080933 6.46250009536743 6.39270830154419 6.25130176544189 6.12421894073486 6.04765605926514 5.92630195617676 6.00312519073486 5.94973945617676 5.83359384536743 5.91979169845581 6.11432313919067 6.20598983764648 6.35520839691162 6.38541698455811 6.35494804382324 6.23932313919067 6.28333330154419 6.07057285308838 6.03151035308838 5.91510438919067 5.68802070617676 5.58984375 5.67500019073486 5.47942686080933 5.48229169845581 5.46770858764648 5.66458320617676 5.83307313919067 5.67682313919067 5.72369813919067 5.51197910308838 5.45104169845581 5.24140644073486 5.32317733764648 5.53098964691162 5.46666669845581 5.40104150772095 5.36744785308838 5.49791669845581 5.59427070617676 5.49322938919067 5.45130205154419 5.55130195617676 5.47109365463257
6.71588516235352 6.61328125 6.53776025772095 6.40651035308838 6.25651025772095 6.17473983764648 6.12890625 6.09557294845581 6.14427089691162 6.18229198455811 6.16536474227905 6.23541688919067 6.29895830154419 6.44739580154419 6.58333349227905 6.62552070617676 6.42526054382324 6.18463516235352 6.13229179382324 6.16067695617676 5.88697910308838 5.85911464691162 5.67630195617676 5.671875 5.5 5.43489599227905 5.46302080154419 5.60104179382324 5.57343769073486 5.80286455154419 5.32109355926514 5.40156269073486 5.49635410308838 5.47031259536743 5.12291669845581 5.43802070617676 5.49531269073486 5.37812519073486 5.53854179382324 5.59973955154419 5.68098926544189 5.40989589691162 5.41796875 5.49192714691162 5.45260429382324 5.43385410308838
6.69374990463257 6.61848974227905 6.57395839691162 6.45052099227905 6.27734375 6.31510400772095 6.43619775772095 6.44973945617676 6.39635419845581 6.39713525772095 6.38541650772095 6.36484384536743 6.46223974227905 6.53125 6.52057266235352 6.46406269073486 6.44479179382324 6.30677080154419 6.24296855926514 6.11484384536743 5.94843769073486 5.80390644073486 5.69374990463257 5.59869813919067 5.61067724227905 5.50494766235352 5.45468759536743 5.35624980926514 5.55859375 5.69140625 5.44817686080933 5.29166698455811 5.07526063919067 5.34583330154419 5.05416679382324 4.98411464691162 5.30286455154419 5.59765625 5.61848974227905 5.77682304382324 5.59062480926514 5.49687480926514 5.54062509536743 5.40442705154419 5.44557285308838 5.3359375
6.80312490463257 6.88828134536743 6.65520811080933 6.54505205154419 6.64973974227905 6.68463563919067 6.63880205154419 6.65833330154419 6.62343740463257 6.45182275772095 6.42942714691162 6.62916660308838 6.54843759536743 6.68489599227905 6.60208320617676 6.40494775772095 6.45390605926514 6.51953125 6.40468740463257 6.30989599227905 6.19583320617676 6.05729150772095 5.85208320617676 5.82994794845581 5.73046875 5.61250019073486 5.50104188919067 5.57890653610229 5.58151054382324 5.76223945617676 5.57552099227905 5.39218759536743 5.21536445617676 5.12265634536743 5.08567714691162 4.93697929382324 5.17604160308838 5.49557304382324 5.92109394073486 5.77682304382324 5.48619794845581 5.52864599227905 5.57968759536743 5.50677061080933 5.39192676544189 5.29401016235352
6.12265634536743 6.63333320617676 6.90156269073486 6.90963506698608 6.84765625 6.82395839691162 6.70989561080933 6.640625 6.61067724227905 6.54869794845581 6.57135438919067 6.70364570617676 6.59036445617676 6.49635410308838 6.66536474227905 6.68932294845581 6.71432304382324 6.52604150772095 6.32760429382324 6.24973964691162 6.07526016235352 5.95182275772095 5.90234375 5.890625 5.81927061080933 5.80677080154419 5.70416688919067 5.64244794845581 5.60572910308838 5.63593769073486 5.73151063919067 5.51328134536743 5.33411455154419 5.14453125 5.16562509536743 5.10729169845581 5.27369785308838 5.44869804382324 5.69270801544189 5.78151035308838 5.53515625 5.64869785308838 5.54218721389771 5.49140644073486 5.38489580154419 5.43437480926514
6.43619823455811 6.74401044845581 7.12473964691162 6.97942733764648 6.92135381698608 6.85677099227905 6.73255205154419 6.56406259536743 6.49453115463257 6.578125 6.81380224227905 6.75651025772095 6.71067714691162 6.92161464691162 6.91067695617676 6.6875 6.69140625 6.57916688919067 6.48723936080933 6.375 6.26692724227905 6.20859384536743 6.25312519073486 6.06510400772095 6.02786445617676 6.04583311080933 6.01484394073486 5.94609355926514 5.69244813919067 5.58880186080933 5.80234384536743 5.66328096389771 5.49583339691162 5.265625 5.2890625 5.50182294845581 5.62343740463257 5.66770839691162 5.69088554382324 5.46328115463257 5.46666669845581 5.54869794845581 5.45703125 5.43776035308838 5.62526035308838 5.69505214691162
6.67447900772095 6.67552089691162 7.10781240463257 7.04270839691162 7.16223955154419 7.12291669845581 6.94869804382324 6.66822910308838 6.61093759536743 6.74609375 6.95364570617676 7.00026035308838 7.06562519073486 7.00937509536743 6.83437490463257 6.72265625 6.78333330154419 6.64322900772095 6.65989589691162 6.68723964691162 6.52369785308838 6.39088535308838 6.28307294845581 6.26015615463257 6.19557285308838 6.18203115463257 6.13333320617676 5.96692705154419 5.91848945617676 5.68411445617676 5.64505195617676 5.52760410308838 5.49114608764648 5.46354150772095 5.60312509536743 5.65026044845581 5.65260410308838 5.45234346389771 5.34088516235352 5.25598955154419 5.44973945617676 5.51302099227905 5.57708358764648 5.59817695617676 5.81614589691162 5.64140605926514
7.02864599227905 6.89791679382324 6.99375009536743 7.17942714691162 7.14348936080933 6.97421884536743 6.92031240463257 6.67812490463257 6.75598955154419 6.97239589691162 6.98906278610229 6.97187519073486 6.91380214691162 6.859375 7.01432275772095 7.09947919845581 7.03749990463257 6.99166679382324 6.97057294845581 6.86458349227905 6.70364570617676 6.53046894073486 6.40364599227905 6.31718730926514 6.23567676544189 6.26901054382324 6.30729198455811 6.31979179382324 6.23124980926514 5.99296855926514 5.81067705154419 5.75078153610229 5.79166698455811 5.84921884536743 5.80364561080933 5.78151035308838 5.61197900772095 5.43151044845581 5.33880233764648 5.12604188919067 5.37239599227905 5.53567695617676 5.69270849227905 5.79374980926514 5.90156269073486 5.59895849227905
7.32499980926514 7.20442724227905 7.19114589691162 7.21250009536743 7.16640615463257 6.96432304382324 6.84453105926514 6.82187509536743 7.00911474227905 7.30651044845581 7.39583349227905 7.23411464691162 7.30703115463257 7.33229160308838 7.33723974227905 7.31744813919067 7.23932266235352 7.06406259536743 6.91588544845581 6.82421875 6.68437480926514 6.54401063919067 6.40052080154419 6.2890625 6.30651044845581 6.30338573455811 6.25859355926514 6.21536445617676 6.19479179382324 6.33046865463257 6.28255224227905 6.18177080154419 6.02109384536743 5.94921875 5.86614561080933 5.70833349227905 5.69453144073486 5.53229188919067 5.40416669845581 5.26406240463257 5.46328115463257 5.64713525772095 5.79010438919067 5.71822929382324 5.79296875 5.39973974227905
7.65000009536743 7.59218740463257 7.49973964691162 7.4609375 7.46484375 7.45807313919067 7.32552099227905 7.35520839691162 7.42135429382324 7.43958330154419 7.37447929382324 7.32656240463257 7.36328125 7.45520830154419 7.38671875 7.27135419845581 7.33932304382324 7.23515605926514 7.10885429382324 7.00911474227905 6.81223964691162 6.68906259536743 6.5859375 6.49453115463257 6.51276063919067 6.46640634536743 6.38541650772095 6.36770820617676 6.24739599227905 6.26171875 6.31015634536743 6.18255233764648 6.09817695617676 6.05052089691162 6.02135419845581 6.04531240463257 5.88619804382324 5.72499990463257 5.48307275772095 5.42317724227905 5.55026006698608 5.70546865463257 5.65078115463257 5.62838554382324 5.76171875 5.61302089691162
7.82604169845581 7.72265625 7.58697938919067 7.50442695617676 7.54817724227905 7.55078125 7.53776025772095 7.47499990463257 7.35598945617676 7.34244775772095 7.35364580154419 7.29218769073486 7.36822938919067 7.52734375 7.58906269073486 7.58098936080933 7.55364561080933 7.45598936080933 7.35286474227905 7.19453144073486 7.11119794845581 7.00937509536743 6.84348964691162 6.61562538146973 6.69192695617676 6.71692705154419 6.74453163146973 6.72604179382324 6.65026044845581 6.62552070617676 6.49921894073486 6.43229150772095 6.43229150772095 6.32942724227905 6.11302089691162 5.92109394073486 5.96119785308838 6.07239580154419 6.02942705154419 5.72760391235352 5.69427108764648 5.55859375 5.47083330154419 5.58906269073486 5.84739589691162 5.62447929382324
8.0078125 7.83802080154419 7.63828134536743 7.45520830154419 7.47083330154419 7.43723964691162 7.41744804382324 7.35338544845581 7.45729160308838 7.52005195617676 7.51718759536743 7.56979179382324 7.56770849227905 7.55078125 7.55052089691162 7.60859346389771 7.62005186080933 7.39374971389771 7.24270820617676 7.17109394073486 7.06197929382324 7.10520839691162 7.20572900772095 6.99557304382324 6.83281230926514 6.65156269073486 6.60755205154419 6.66145849227905 6.66119813919067 6.63958358764648 6.62239599227905 6.67031240463257 6.64531230926514 6.46145820617676 6.32291650772095 6.17291688919067 5.99375009536743 6.14583349227905 6.20885419845581 6.12057304382324 5.81901025772095 5.82656240463257 5.74062490463257 5.68151044845581 5.63359355926514 5.53020858764648
