input_data/future_climate/CNMR_585/bio1_a.asc
ncols  331
nrows  193
xllcorner  17.833372883333
yllcorner  37.9999896166667
cellsize 0.1666667
NODATA_value  -9999
[rows 105 to 125 of 193, columns 92 to 137 of 331]
8.19062519073486 8.10546875 8.11406230926514 8.23776054382324 8.19843769073486 8.07343769073486 7.94817686080933 7.87317705154419 7.86979150772095 7.87369775772095 7.84791660308838 7.80625009536743 7.78046894073486 7.79583311080933 7.85572910308838 7.85494804382324 7.93046903610229 7.79348945617676 7.72552061080933 7.66562509536743 7.55937480926514 7.54661464691162 7.60338544845581 7.64791679382324 7.69869756698608 7.74166679382324 7.671875 7.83177089691162 8.01249980926514 8.01822948455811 7.97994804382324 7.92682266235352 7.83776044845581 7.81302070617676 8.04869747161865 7.81874990463257 7.67057323455811 7.60807275772095 7.90364599227905 7.68229150772095 7.6171875 7.55781221389771 7.56328105926514 7.56380224227905 7.57552099227905 7.64140605926514
8.18645858764648 8.22291660308838 8.24270820617676 8.20338535308838 8.13515663146973 8.07135391235352 8.01432323455811 7.98645830154419 7.97526025772095 7.99062538146973 7.98958349227905 7.90364599227905 7.8515625 7.91328096389771 7.86041641235352 7.84453153610229 7.81458330154419 7.81718730926514 7.7109375 7.69322919845581 7.67604160308838 7.65026044845581 7.60807275772095 7.65703105926514 7.66666650772095 7.77500009536743 7.84010410308838 7.8828125 8 8.10026073455811 7.9296875 7.84661483764648 7.80703115463257 7.96927070617676 8.24973964691162 8.16458320617676 8.11874961853027 8.08151054382324 7.89218759536743 7.7109375 7.77786445617676 7.76927089691162 7.69374990463257 7.72109365463257 7.7109375 7.73098945617676
8.17890644073486 8.28515625 8.22526073455811 8.06302070617676 7.90651035308838 7.91796875 8.01458358764648 8.07291698455811 8.06562519073486 8.08489608764648 8.03802108764648 8.00312519073486 8.07161426544189 8.16536426544189 8.02552127838135 7.97109365463257 7.94114589691162 7.86302089691162 7.81119775772095 7.76927089691162 7.76822900772095 7.80130195617676 7.78541660308838 7.79661464691162 7.80703115463257 7.82760429382324 7.76145839691162 7.88828134536743 7.86041688919067 8.00677108764648 7.89401054382324 7.90442705154419 8.03697872161865 8.23958301544189 8.50130176544189 8.66692733764648 8.57213497161865 8.37447929382324 8.08541679382324 7.86223936080933 7.86666679382324 7.88489580154419 7.84557294845581 7.86276054382324 7.80807256698608 7.80911445617676
8.30390644073486 8.31145858764648 8.14765644073486 7.95234394073486 7.80598974227905 7.82265615463257 7.89713525772095 8.07317733764648 8.22109413146973 8.18593788146973 8.25677108764648 8.30650997161865 8.29036426544189 8.19375038146973 8.15182304382324 8.08385467529297 8.01041698455811 7.90156269073486 7.88723945617676 7.90520811080933 7.78072929382324 7.7734375 7.83098983764648 7.83229160308838 7.91145849227905 7.91302061080933 7.84531259536743 7.93463563919067 7.88932275772095 8.04088497161865 7.98802089691162 7.97213554382324 8.10859394073486 8.29869842529297 8.51536464691162 8.89427089691162 8.76692676544189 8.55208301544189 8.29973983764648 8.06614589691162 7.95520830154419 7.93880176544189 7.94453144073486 7.93932294845581 7.98098993301392 7.95364570617676
8.62031269073486 8.68984317779541 8.58515644073486 8.46302032470703 8.43489551544189 8.39713573455811 8.33802032470703 8.37265682220459 8.45494747161865 8.39817714691162 8.48020839691162 8.52994823455811 8.37812519073486 8.22968769073486 8.11822891235352 8.03697967529297 7.96119785308838 7.93802070617676 7.99713516235352 8.00130176544189 7.94505214691162 7.92812490463257 7.94661474227905 8.05624961853027 8.15781211853027 8.03437519073486 8.03567695617676 8.10520839691162 7.99921894073486 8.11484336853027 8.00833320617676 8.02916717529297 8.02968788146973 8.07291698455811 8.18124961853027 8.35989570617676 8.31276035308838 8.33932304382324 8.16197872161865 8.05833339691162 8.13151073455811 8.12161445617676 8.17578125 8.23854160308838 8.2578125 8.18880176544189
8.77968788146973 8.72291660308838 8.58567714691162 8.53463554382324 8.55078125 8.55729103088379 8.64140605926514 8.65416622161865 8.62552070617676 8.67031288146973 8.64765644073486 8.66510391235352 8.57187461853027 8.3828125 8.38463497161865 8.32578086853027 8.21484375 8.20052051544189 8.28098964691162 8.08984375 8.11744785308838 8.11458301544189 8.04374980926514 8.11406230926514 8.16562461853027 8.1328125 8.16328144073486 8.15052127838135 8.03437519073486 8.15104198455811 8.05052089691162 7.99114608764648 8.23958301544189 8.27265644073486 8.34505176544189 8.51223945617676 8.48411464691162 8.37135410308838 8.31354141235352 8.28723907470703 8.30650997161865 8.23307323455811 8.31692695617676 8.36171913146973 8.36145877838135 8.24088573455811
8.85338592529297 8.75833320617676 8.65755176544189 8.63776016235352 8.76692676544189 8.77369785308838 8.72265625 8.75390625 8.77057266235352 8.88802051544189 8.80442714691162 8.64687538146973 8.59895801544189 8.55156230926514 8.58697891235352 8.46145820617676 8.40390586853027 8.30416679382324 8.26822948455811 8.32291698455811 8.36406230926514 8.26015663146973 8.17838573455811 8.15937519073486 8.24322891235352 8.26822948455811 8.20911502838135 8.21041679382324 8.13906288146973 8.13385391235352 8.11067676544189 8.26458358764648 8.31927108764648 8.37213516235352 8.44036483764648 8.61666679382324 8.73020839691162 8.56927108764648 8.53802108764648 8.43541622161865 8.31614589691162 8.31718730926514 8.35989570617676 8.48359394073486 8.48541641235352 8.44140625
8.90937519073486 8.87291622161865 8.84062480926514 8.84244823455811 8.828125 8.79348945617676 8.81302070617676 8.86093711853027 8.84401035308838 8.86692714691162 8.90859413146973 8.70546913146973 8.57656288146973 8.52499961853027 8.48828125 8.45442676544189 8.41536426544189 8.31822872161865 8.35703086853027 8.29114627838135 8.37526035308838 8.51093769073486 8.44062519073486 8.38411426544189 8.34062480926514 8.44739627838135 8.48411464691162 8.52552127838135 8.4140625 8.36744785308838 8.27525997161865 8.30130195617676 8.33828163146973 8.28541660308838 8.36223983764648 8.56484413146973 8.61640644073486 8.64140605926514 8.63854122161865 8.54791641235352 8.53750038146973 8.52630233764648 8.60078144073486 8.62708282470703 8.66718769073486 8.64244747161865
9.10468769073486 9.01666641235352 8.98984336853027 9.02161502838135 8.99583339691162 8.98281192779541 9.01848983764648 8.9609375 8.94557285308838 8.94192695617676 8.91041660308838 8.88177108764648 8.88515663146973 8.67317676544189 8.55833339691162 8.45468807220459 8.43906211853027 8.48411464691162 8.50130176544189 8.50651073455811 8.42109394073486 8.48671913146973 8.49296855926514 8.38307285308838 8.36640644073486 8.46171855926514 8.63906288146973 8.68828105926514 8.72734355926514 8.41328144073486 8.42161464691162 8.47864627838135 8.43932342529297 8.40078163146973 8.50182247161865 8.53385448455811 8.72500038146973 8.74557304382324 8.78437519073486 8.74583339691162 8.74270820617676 8.76796913146973 8.74557304382324 8.76744747161865 8.78333377838135 8.73124980926514
9.05260372161865 9.03489589691162 9.00911426544189 9.02265644073486 9.0390625 8.95182323455811 9.02942752838135 9.02552127838135 8.96171855926514 8.90807342529297 8.77890586853027 8.78333282470703 8.85026073455811 8.81354141235352 8.80677127838135 8.77005195617676 8.76901054382324 8.71249961853027 8.68150997161865 8.69140625 8.61953163146973 8.54817676544189 8.52604198455811 8.45468711853027 8.42005252838135 8.52395820617676 8.57994747161865 8.62291717529297 8.72760391235352 8.59635448455811 8.66848945617676 8.71510410308838 8.77604198455811 8.74869823455811 8.75885391235352 8.81119823455811 8.84192657470703 8.83697891235352 8.82473945617676 8.94296836853027 8.83645820617676 8.88671875 8.77161502838135 8.83932304382324 8.94166660308838 8.83046913146973
9.06927108764648 9.01041698455811 8.98776054382324 9.00937461853027 9.01302051544189 9.01796913146973 8.99088573455811 8.99088573455811 8.99348926544189 9.13385391235352 9.03463554382324 8.75546836853027 8.75937461853027 8.71484375 8.81510448455811 8.75859355926514 8.79296875 8.83619785308838 8.75156211853027 8.75130176544189 8.83177089691162 8.81145858764648 8.71796894073486 8.64661502838135 8.61145782470703 8.58567714691162 8.62604141235352 8.80052089691162 8.66562461853027 8.59713554382324 8.65364551544189 8.60677051544189 8.62708377838135 8.61848926544189 8.60182285308838 8.82473945617676 8.88020801544189 8.76744842529297 8.86171817779541 8.984375 8.98802089691162 9.04479122161865 8.98645782470703 8.87994766235352 8.85911464691162 8.74270820617676
9.12083339691162 9.16171836853027 9.18593788146973 9.14218711853027 9.11119747161865 9.05338573455811 9.01328086853027 8.98098945617676 8.94322872161865 9.08385467529297 8.97760391235352 8.84114551544189 8.77942752838135 8.69661426544189 8.81093788146973 8.83645820617676 8.82734394073486 8.88359355926514 8.98880195617676 9.04505252838135 9.11145877838135 9.03567695617676 8.87343788146973 8.77499961853027 8.73098945617676 8.62369823455811 8.69973945617676 8.74817752838135 8.84791660308838 8.70208358764648 8.69062519073486 8.85052108764648 8.85494804382324 8.82786464691162 8.94192695617676 8.93385410308838 8.81458282470703 8.70677089691162 8.85338592529297 9.03020858764648 9.09557247161865 9.11041641235352 8.80078125 8.89140605926514 8.97213554382324 8.78072929382324
9.33385372161865 9.34270858764648 9.23906230926514 9.23177051544189 9.18463516235352 9.19453144073486 9.15729141235352 9.22265625 9.15703105926514 8.96328163146973 8.96484375 8.86328125 8.88411426544189 8.88802051544189 8.97604179382324 8.98723983764648 9.07682323455811 9.12812519073486 9.13697910308838 9.25520801544189 9.49557304382324 9.24479198455811 9.01848983764648 8.88880252838135 8.76979160308838 8.71380233764648 8.63515663146973 8.85651016235352 8.79088497161865 8.83828163146973 8.90156269073486 8.94010448455811 9.00989627838135 9.01744747161865 8.96354198455811 8.85703086853027 8.89687538146973 8.84479141235352 8.90078163146973 8.91953086853027 9.17500019073486 9.29401016235352 9.04505252838135 9.15312480926514 8.89765644073486 8.78151035308838
9.55911445617676 9.54010391235352 9.39557266235352 9.37421894073486 9.33072948455811 9.30989551544189 9.30182266235352 9.22708320617676 9.15963554382324 9.0234375 9.08802127838135 9.07526016235352 9.08749961853027 9.13151073455811 9.09375 9.12291622161865 9.15729141235352 9.23906230926514 9.27786445617676 9.29635429382324 9.34244823455811 9.34375 9.25390625 9.03645801544189 8.88776016235352 8.81614589691162 8.81354141235352 8.93671894073486 9.02135467529297 8.88854217529297 8.96510410308838 8.97395801544189 8.92473983764648 9.05052089691162 9.05494785308838 9.08671855926514 9.17031288146973 9.05911445617676 9.23932266235352 9.12473964691162 9.11458301544189 9.39739608764648 9.40729141235352 9.16874980926514 8.95572948455811 8.99244785308838
9.79817676544189 9.71666622161865 9.58255195617676 9.52526092529297 9.49557304382324 9.49453163146973 9.32369804382324 9.36536502838135 9.21614551544189 9.20755195617676 9.30546855926514 9.14895820617676 9.09062480926514 9.03177070617676 9.02005195617676 9.10442733764648 9.33333301544189 9.45885467529297 9.46171855926514 9.45911502838135 9.36770820617676 9.24531269073486 9.32734394073486 9.15572929382324 8.92604160308838 8.75833320617676 8.84765625 8.92630195617676 9.10130214691162 9.22890663146973 9.21328163146973 9.11380195617676 9.04479217529297 9.04296875 9.15833377838135 9.31119823455811 9.34843730926514 9.43411445617676 9.55104160308838 9.36614608764648 9.35026073455811 9.51380252838135 9.46249961853027 9.45885467529297 9.37135410308838 9.16224002838135
10.0192708969116 9.81328105926514 9.72421836853027 9.73645877838135 9.70833301544189 9.59791660308838 9.54062461853027 9.45937538146973 9.31666660308838 9.47474002838135 9.35729217529297 9.11822891235352 9.05104160308838 9.05729198455811 9.12812519073486 9.21041679382324 9.53177070617676 9.63307285308838 9.76796913146973 9.64661502838135 9.44791698455811 9.43567657470703 9.41692733764648 9.15598964691162 8.90208339691162 8.79114627838135 8.93984413146973 9.10546875 9.24270820617676 9.45729160308838 9.36692714691162 9.24713516235352 9.13203144073486 9.18307304382324 9.32630252838135 9.28072929382324 9.22395801544189 9.37942695617676 9.52890586853027 9.56067752838135 9.64192676544189 9.56901073455811 9.57994747161865 9.54609394073486 9.58411407470703 9.51848983764648
10.0523433685303 10.0124998092651 10.0494794845581 9.95703125 9.89296817779541 9.61744785308838 9.58411502838135 9.50833320617676 9.46796894073486 9.56796836853027 9.44114589691162 9.29453086853027 9.10052108764648 9.12864589691162 9.21562480926514 9.36874961853027 9.54166698455811 9.91302108764648 10.1958332061768 9.89999961853027 9.68203163146973 9.50703144073486 9.49062538146973 9.38411426544189 9.16484355926514 9.04661464691162 9.18880176544189 9.35468769073486 9.40677070617676 9.33776092529297 9.39270877838135 9.30234336853027 9.31197929382324 9.40833377838135 9.54947948455811 9.42317676544189 9.39661502838135 9.49062442779541 9.47057342529297 9.47447872161865 9.56276035308838 9.64192676544189 9.75468730926514 9.73932266235352 9.76328086853027 9.48880195617676
10.3273439407349 10.2846355438232 10.1544275283813 10.0713539123535 9.91979122161865 9.84244823455811 9.80260467529297 9.73463535308838 9.74140644073486 9.74713516235352 9.55937480926514 9.42473983764648 9.35598945617676 9.30598926544189 9.38984394073486 9.55572891235352 9.78724002838135 9.88645839691162 9.91822910308838 9.93619823455811 9.87968730926514 9.81302070617676 9.65546894073486 9.54036426544189 9.38958358764648 9.28307247161865 9.44817733764648 9.52994823455811 9.39531230926514 9.42083358764648 9.46796894073486 9.46614551544189 9.41250038146973 9.43203163146973 9.59270858764648 9.66484355926514 9.69583320617676 9.60130214691162 9.54192733764648 9.58958339691162 9.73281288146973 9.63177108764648 9.70416641235352 9.82968711853027 9.68645858764648 9.54036426544189
10.576042175293 10.4156246185303 10.2744789123535 10.1778650283813 10.1380205154419 10.0869789123535 10.0364580154419 9.93932247161865 10.0669269561768 9.96666622161865 9.82135391235352 9.65416717529297 9.61223983764648 9.59192752838135 9.60494804382324 9.63307285308838 9.75286483764648 9.79713535308838 9.76380157470703 9.99531269073486 10.0596351623535 9.94947910308838 9.83515644073486 9.70937538146973 9.55494785308838 9.48463535308838 9.61979198455811 9.67317676544189 9.50104141235352 9.61822891235352 9.67526054382324 9.58802127838135 9.51953125 9.63099002838135 9.59947872161865 9.81041622161865 9.76640605926514 9.66171836853027 9.61536502838135 9.65911483764648 9.67604160308838 9.59583377838135 9.66562461853027 9.62578105926514 9.54062461853027 9.61874961853027
10.7770833969116 10.5554685592651 10.3690099716187 10.3031253814697 10.2927083969116 10.1476564407349 10.2138023376465 10.1059894561768 10.1526041030884 10.1067705154419 9.99114608764648 9.92421913146973 9.86770820617676 9.80286502838135 9.82760429382324 9.84453105926514 9.8515625 9.81979179382324 9.88020801544189 9.87604141235352 9.87421894073486 9.98958301544189 9.99088573455811 9.90312480926514 9.74296855926514 9.68958377838135 9.82083320617676 9.75416660308838 9.59114551544189 9.69973945617676 9.79505252838135 9.65338516235352 9.63645839691162 9.71979141235352 9.82760429382324 9.91171836853027 9.77916717529297 9.74479198455811 9.90234375 9.91354179382324 9.96744823455811 9.96979141235352 9.99401092529297 9.80781269073486 9.68567752838135 9.54635429382324
11.0526037216187 10.7356767654419 10.4950523376465 10.3927087783813 10.2822914123535 10.2807292938232 10.3127603530884 10.3442707061768 10.3263025283813 10.2781248092651 10.2231769561768 10.169792175293 10.1322917938232 10.04296875 9.97552108764648 9.98046875 9.93124961853027 9.98411464691162 9.93124961853027 9.98958301544189 10.015625 9.93072891235352 10.0864582061768 10.021354675293 10.0630207061768 9.97838497161865 10.0153646469116 9.84661483764648 9.78463554382324 9.85520839691162 9.96744823455811 9.80755233764648 9.91380214691162 9.78151035308838 10.0088539123535 9.87656211853027 9.74973964691162 9.86328125 10.1111974716187 10.0450525283813 10.1781244277954 10.0210933685303 9.91250038146973 10.0145835876465 9.94687461853027 9.88515663146973
