input_data/future_climate/CNMR_585/bio8_a.asc
ncols  331
nrows  193
xllcorner  17.833372883333
yllcorner  37.9999896166667
cellsize 0.1666667
NODATA_value  -9999
[rows 126 to 146 of 193, columns 276 to 321 of 331]
-0.418749958276749 -0.395833373069763 -0.415625125169754 -0.458333402872086 -0.351041793823242 -0.117708243429661 0.209374949336052 0.466666668653488 0.773958384990692 1.03125011920929 1.01874995231628 0.820833325386047 0.264583319425583 0.0249999966472387 -0.188541650772095 -0.43645840883255 -0.696875035762787 -1.09270834922791 -1.34479165077209 -1.90625 -2.23645830154419 20.5791664123535 20.357292175293 20.6843757629395 20.6302089691162 20.4093742370605 20.5677089691162 20.7124996185303 20.7927074432373 20.8354167938232 20.841667175293 20.9031257629395 20.9927082061768 21.0656242370605 20.9656257629395 20.8520832061768 20.845832824707 20.8114585876465 20.6968746185303 20.7593746185303 20.779167175293 20.4406242370605 19.9916667938232 20.1135425567627 20.0874996185303 20.1218757629395
-0.27187505364418 -0.282291620969772 -0.407291680574417 -0.494791597127914 -0.493750065565109 -0.231250092387199 0.117708243429661 0.276041656732559 0.498958349227905 0.654166579246521 0.760416626930237 0.676041543483734 0.411458283662796 0.103125013411045 -0.239583298563957 -0.28645846247673 -0.637499928474426 -0.927083373069763 -1.14999997615814 -6.52604198455811 -6.95416688919067 -7.15520858764648 20.6708335876465 20.7250003814697 20.8552074432373 20.875 20.8364582061768 20.997917175293 21.1187496185303 21.125 21.1968746185303 21.1239585876465 21.0249996185303 21.095832824707 21.046875 20.9697914123535 21.1395835876465 21.1489582061768 21.0395832061768 21.0864582061768 20.8791675567627 20.6000003814697 20.375 20.0249996185303 19.9312496185303 19.984375
-0.188541829586029 -0.251041501760483 -0.378125101327896 -0.425000101327896 -0.484375 -0.29583328962326 0.0333333425223827 0.19791667163372 0.265625059604645 0.430208384990692 0.553125143051147 0.490625113248825 0.377083212137222 0.209374889731407 -0.0895832777023315 -5.33645868301392 -5.52291679382324 -5.54583358764648 -5.60729169845581 15.5854167938232 -6.97083330154419 -7.19062519073486 15.4499998092651 15.0364589691162 20.9947910308838 21.1989574432373 21.1531257629395 21.0843753814697 21.3197917938232 21.3322906494141 21.3447914123535 21.3656253814697 21.372917175293 21.4718742370605 21.3125 21.2302074432373 21.3354167938232 21.3916664123535 21.4156246185303 21.34375 21.1822929382324 21.0052089691162 20.576042175293 20.6354160308838 20.5072917938232 20.6218757629395
-0.105208396911621 -0.278125077486038 -0.311458468437195 -0.220833316445351 -0.255208253860474 -0.194791570305824 -0.00624992465600371 0.176041677594185 0.286458402872086 0.258333265781403 0.36041659116745 0.479166626930237 0.342708379030228 -4.91979122161865 -5.01666688919067 -5.234375 -5.34583330154419 -5.35208320617676 -6.12604188919067 -6.69062519073486 -7.05104160308838 -7.21458339691162 -7.22812509536743 -7.08750009536743 15.3125 21.4968757629395 21.5343742370605 21.482292175293 21.4968738555908 21.5125007629395 21.4645843505859 21.5822925567627 21.7739582061768 21.8427085876465 21.736457824707 21.6802082061768 21.6302089691162 21.7645835876465 21.7864589691162 21.747917175293 21.5739593505859 21.404167175293 21.2156238555908 21.0666675567627 21.0229167938232 20.953125
-0.0614583306014538 -0.130208253860474 -0.160416662693024 -0.159375011920929 -0.1156250461936 0.00104161107446998 0.107291541993618 0.233333244919777 0.375000029802322 0.349999964237213 0.357291698455811 -4.72395849227905 -4.765625 -4.85416650772095 -5.02812480926514 -5.26875019073486 -5.70729160308838 -6.30625009536743 -6.58333349227905 -6.80416679382324 -6.93541669845581 -6.98124980926514 -7.10104179382324 -7.12916660308838 -7.19895839691162 -7.21979188919067 -7.34270858764648 -7.35416650772095 21.497917175293 21.4593753814697 21.5979175567627 21.7864589691162 21.9750003814697 22.029167175293 22.0364589691162 22.064582824707 22.0395832061768 22.1020832061768 21.982292175293 21.78125 21.388542175293 21.3468742370605 21.3052082061768 21.1677074432373 21.0427093505859 20.9697914123535
-0.00416666269302368 0.03020840883255 0.0260416064411402 -0.0135416388511658 0.0583333969116211 0.187499940395355 0.354166775941849 0.421874791383743 -4.86458349227905 0.571875035762787 -4.64166688919067 -4.64583349227905 -4.86041688919067 -4.93958330154419 -5.03333330154419 -5.37604188919067 -6.14166688919067 -6.74791669845581 -6.72083330154419 -6.85208320617676 -7.00833320617676 -6.94895839691162 -6.85104179382324 -7.15833330154419 -7.19583320617676 -7.07604169845581 15.8291664123535 15.9010410308838 15.7385416030884 15.8447914123535 -7.24375009536743 16.3270835876465 -7.10416650772095 -7.19999980926514 16.8791656494141 16.8864574432373 16.7781257629395 16.8791656494141 16.7510414123535 16.5302085876465 -0.881250143051147 -0.922916650772095 -1.05833339691162 -1.17083323001862 21.0479164123535 20.779167175293
0.378125101327896 0.34270828962326 0.311458230018616 0.311458319425583 0.323958247900009 0.46041664481163 0.528124988079071 0.591666638851166 0.654166758060455 -4.57708358764648 -4.44479131698608 -4.62291669845581 -4.92500019073486 -5.02083349227905 -5.375 -5.80729198455811 -6.60208320617676 -6.79374980926514 -6.81874990463257 -6.68541669845581 -6.94999980926514 -6.95729160308838 -6.95104169845581 -6.92604160308838 -6.98645830154419 -7.13958358764648 -7.05000019073486 -7.07499980926514 -6.97083330154419 -6.96145820617676 -6.90416669845581 16.752082824707 -7.03333330154419 -7.01874971389771 -6.97083330154419 -6.86354160308838 17.080207824707 16.8510417938232 16.595832824707 -0.714583277702332 -0.666666746139526 16.3916664123535 16.1104164123535 -0.99895828962326 15.8395833969116 -1.01979160308838
0.520833432674408 0.527083456516266 0.545833349227905 0.595833420753479 0.634374916553497 0.641666531562805 0.73541659116745 -4.58750009536743 0.761458277702332 -4.50416660308838 -4.52604150772095 -4.68125009536743 -4.95833349227905 -5.16249990463257 -5.60208320617676 -5.84895849227905 -6.58437490463257 -6.89791679382324 -6.828125 -6.78125 -6.74791669845581 -6.74583339691162 -6.85520839691162 -6.82916688919067 -7.00416660308838 -6.99583339691162 -6.90937519073486 -6.90520858764648 7.37812519073486 7.28958368301392 -6.88124990463257 7.58229160308838 -6.79479169845581 -6.78437519073486 -6.75104141235352 -6.57708358764648 -6.38020849227905 -6.18854141235352 -6 -0.508333265781403 -0.483333468437195 -0.573958337306976 16.1468753814697 -0.839583277702332 15.9437494277954 15.7062501907349
0.665625035762787 0.711458206176758 0.722916603088379 0.703124940395355 -4.70937490463257 0.798958361148834 0.962499916553497 -4.29583358764648 -4.35833358764648 -4.47499990463257 -4.53125 -4.64791679382324 -5.00312519073486 -5.20416641235352 -5.47604179382324 -5.83750009536743 -6.47187519073486 -6.82083320617676 -6.75729179382324 -6.71666669845581 -6.68020820617676 -6.69687461853027 -6.86562490463257 -6.59375 -6.77500009536743 -6.78333330154419 7.79895830154419 7.73958349227905 -6.54583358764648 -6.53749990463257 -6.64479160308838 -6.64270830154419 -6.62187480926514 -6.57708358764648 -6.484375 -6.38749980926514 -6.24166679382324 -5.9375 -5.75416660308838 -5.88437509536743 -6.04375028610229 -6.05104160308838 -0.714583337306976 -0.686458230018616 -0.821874856948853 15.7770833969116
0.816666603088379 0.826041579246521 -4.65000009536743 -4.56666660308838 -4.45729160308838 1.01874995231628 0.993749916553497 1.05416667461395 -4.21562480926514 -4.33750009536743 -4.48020839691162 -4.53645849227905 -4.83020830154419 -5.01250028610229 -5.36458349227905 -5.88958358764648 -6.22291660308838 -6.59687519073486 -6.60312461853027 -6.59687471389771 -6.58750009536743 -6.73958349227905 -6.71145820617676 -6.73020839691162 -6.66666650772095 -6.70937490463257 -6.625 -6.52291679382324 -6.47916650772095 -6.52604198455811 -6.53541660308838 -6.45104169845581 -6.38020801544189 -6.33854150772095 -6.21770811080933 -6.19062519073486 -6.10104179382324 -5.86458301544189 -5.81041669845581 -0.305208206176758 -0.227083265781403 -0.408333271741867 -0.509375035762787 -0.451041579246521 -0.740624964237213 15.654167175293
0.98541671037674 0.946875035762787 -4.48333311080933 -4.40625 -4.328125 -4.25416660308838 -4.23124980926514 -4.21041679382324 -4.21354198455811 -4.23124980926514 -4.32291698455811 -4.41875028610229 -4.70624971389771 -4.921875 -5.07604169845581 -5.57604169845581 -6.06979179382324 -6.13437509536743 -6.328125 -6.42916679382324 -6.41458320617676 -6.47395849227905 -6.53854179382324 -6.60416698455811 -6.47291660308838 -6.4375 -6.52500009536743 -6.39375019073486 -6.25833320617676 -6.20416641235352 -6.10624980926514 -6.13124990463257 -6.22812509536743 -6.16458320617676 -5.96562480926514 -5.95104169845581 -5.875 -5.81354188919067 -5.71770858764648 -0.00937497615814209 0.0322915203869343 -0.18437497317791 -0.283333420753479 -0.338541656732559 -0.583333432674408 -0.563541650772095
-4.30208349227905 -4.33124971389771 -4.28645849227905 -4.15625 -4.09999990463257 -4.109375 -4.08854150772095 -4.16249990463257 -4.15208339691162 -4.22291707992554 -4.24166679382324 -4.28437519073486 -4.56979179382324 -4.76875019073486 -4.99687480926514 -5.32291698455811 -5.74062490463257 -5.94999980926514 -5.99166679382324 -6.03020811080933 -6.03333330154419 -5.98541641235352 -6.21458339691162 -6.3125 -6.20937538146973 -6.24479198455811 -6.24791669845581 -6.18854141235352 -6.09375 -6.04791641235352 -5.96875 -5.76041650772095 -5.93125009536743 -5.96354150772095 -5.79062509536743 8.72604179382324 0.0510415844619274 0.0708333253860474 0.0822917595505714 0.147916853427887 0.0770834386348724 -0.125000134110451 -0.195833161473274 -0.294791698455811 -0.406249970197678 7.68854188919067
-4.15312480926514 -4.08125019073486 -4.02812480926514 -3.87708353996277 -3.81458353996277 -3.84166669845581 -3.88125014305115 -4.02187490463257 -4.07395839691162 -4.12395811080933 -4.15208339691162 -4.28229141235352 -4.47812509536743 -4.68541669845581 -4.86145830154419 -5.14583349227905 -5.42604160308838 -5.59166669845581 -5.71875 -5.70104169845581 -5.80416679382324 -5.75208330154419 -5.85624980926514 -5.81041669845581 -5.78958320617676 -5.83854150772095 0.0854165777564049 -5.84375 -5.81666660308838 -5.62187480926514 -5.60833311080933 -5.640625 -5.75624990463257 8.85520839691162 8.98958301544189 8.99791622161865 8.99479103088379 8.96041679382324 8.90625 8.859375 0.222916632890701 0.110416553914547 -0.135416701436043 8.09791660308838 8.03541660308838 -0.393749982118607
-3.94374990463257 1.49062502384186 1.43750011920929 1.58437490463257 1.60000014305115 1.71145844459534 1.69062507152557 1.60000014305115 -3.89583349227905 -4.07187509536743 -4.14687490463257 -4.28333330154419 -4.33854150772095 -4.40729141235352 -4.63333320617676 -4.90729188919067 -5.12604141235352 -5.35104179382324 -5.50520849227905 -5.54895830154419 -5.49270820617676 -5.39270830154419 -5.51875019073486 -5.52812480926514 -5.50416660308838 -5.65937519073486 -5.49583339691162 -5.48854160308838 -5.37812519073486 -5.20104169845581 9.04374980926514 8.93124961853027 8.72708320617676 8.98124980926514 9.05416679382324 9.08333301544189 9.17083358764648 9.07708358764648 8.90312480926514 8.9375 0.196875065565109 0.0354167930781841 8.44166660308838 8.30937480926514 8.41041660308838 -0.255208373069763
-4.01041650772095 -3.92291665077209 -3.80312490463257 -3.71875 -3.64166665077209 -3.57500004768372 -3.42083334922791 1.69895827770233 -3.56770825386047 -3.84270834922791 -4.01666641235352 -4.05208349227905 -4.15104150772095 -4.12395811080933 -4.29479169845581 -4.53020811080933 -4.67916679382324 -4.96770811080933 -5.12291669845581 -5.171875 -5.13437509536743 -5.24583339691162 -5.28749990463257 -5.13333320617676 -5.16875028610229 -5.28020811080933 -5.29374980926514 -5.24687528610229 -5.01874971389771 9.25104141235352 9.18124961853027 9.16250038146973 9.16041660308838 9.16041660308838 9.23229122161865 9.22916698455811 9.31979179382324 9.29166603088379 8.95416641235352 8.81562519073486 0.185416683554649 8.61874961853027 8.54374980926514 8.65104198455811 -0.0114583177492023 8.69895839691162
-4.03958320617676 -3.91874980926514 -3.79791665077209 -3.82604146003723 1.79270839691162 1.87604165077209 1.89166676998138 -3.29791665077209 -3.16770839691162 -3.54375004768372 -3.80833339691162 -3.73333334922791 -3.78125 -3.84479141235352 -4.02500009536743 -4.24583339691162 -4.46145868301392 -4.640625 -4.69374990463257 -4.74583339691162 -4.77812480926514 -4.78958320617676 -4.89375019073486 -4.81874990463257 -4.79270839691162 -4.97291660308838 -4.984375 -4.95208311080933 9.77812480926514 9.75937461853027 -4.73750019073486 9.48541641235352 9.42708301544189 9.375 9.37708282470703 9.45416641235352 9.49270820617676 9.41770839691162 9.23854160308838 9.16250038146973 8.99374961853027 8.84687519073486 8.82604122161865 0.228125110268593 8.91145801544189 8.77708339691162
-3.66041660308838 -3.74166655540466 -3.78229165077209 -3.79895830154419 -3.56458330154419 2.08437514305115 -3.08333325386047 -3.06666660308838 -3.48229169845581 -3.69479179382324 -3.44374990463257 -3.40833330154419 -3.43020844459534 -3.53958320617676 -3.68333315849304 -3.90000009536743 -4.05312490463257 -4.18333339691162 -4.24895858764648 -4.47916650772095 -4.50624990463257 -4.54895830154419 -4.48333358764648 -4.41875028610229 -4.50624990463257 -4.59687519073486 -4.58750009536743 -4.58854150772095 10.2083330154419 10.2114582061768 10.1520833969116 9.98541641235352 9.91562461853027 9.83229160308838 9.69270801544189 9.53854179382324 9.53020858764648 9.47916603088379 9.42812538146973 9.35208320617676 9.31354236602783 9.328125 9.33645820617676 9.12187480926514 9.01666641235352 -4.96041679382324
-3.36354160308838 -3.38229179382324 -3.52708339691162 -3.37187504768372 2.29791688919067 -3.31874990463257 -3.40104174613953 -3.53125 -3.62083315849304 -3.48229146003723 -3.34479188919067 -3.125 -2.97708320617676 -3.07916665077209 -3.11770844459534 -3.34583330154419 -3.49687504768372 -3.64479160308838 -3.93437504768372 -4.13854169845581 -4.10312509536743 -4.11979198455811 -4.14375019073486 -4.16458320617676 -4.17604160308838 -4.22083330154419 -4.21770811080933 -4.25 -4.11145830154419 10.6666669845581 10.513542175293 10.4604167938232 10.3645839691162 10.2062492370605 10.0697917938232 9.90312480926514 9.79375076293945 9.80000019073486 9.76041603088379 9.68124961853027 9.67916679382324 9.73124980926514 9.53541660308838 9.45625019073486 9.48854160308838 9.42291641235352
-3.26770830154419 -3.19687509536743 -3.09166669845581 2.29895830154419 2.43958330154419 -3.16458344459534 -3.27812504768372 -3.35520839691162 -3.40520834922791 -3.29062509536743 -3.08958339691162 -3 -2.83333349227905 -2.59166669845581 -2.578125 -2.828125 -2.97916674613953 -3.30416655540466 -3.56562495231628 -3.78958344459534 -3.79062485694885 -3.8125 -3.79062485694885 -3.80104160308838 -3.94062495231628 -3.97083330154419 10.9208335876465 -3.96770834922791 10.8489589691162 10.7249994277954 10.5437498092651 10.5 10.421875 10.3479166030884 10.2229166030884 10.2395839691162 10.15625 10.0843753814697 10.0708332061768 10.0177087783813 9.95208358764648 9.98541641235352 9.921875 9.81145858764648 9.78854179382324 9.81145858764648
-3.140625 -3.10729169845581 -3.05520820617676 -2.85729169845581 2.52604150772095 -2.75937485694885 -2.49791669845581 -2.76041650772095 -3.05312490463257 -3.03333330154419 -2.97916650772095 -2.91249990463257 -2.84895825386047 -2.64374995231628 2.95208334922791 2.99687480926514 -2.60833334922791 -2.99270844459534 -3.27395820617676 -3.42604160308838 -3.45729184150696 -3.38854169845581 -3.20416665077209 -3.39479160308838 -3.78437495231628 -3.93020820617676 10.8354167938232 10.8677082061768 10.7531251907349 10.7333326339722 10.7843751907349 10.7218751907349 10.6593751907349 10.560417175293 10.4427080154419 10.3177089691162 10.3874998092651 10.2531251907349 10.203125 10.1687498092651 10.1770839691162 10.1833333969116 10.0833330154419 9.92708396911621 9.75 9.85000038146973
-2.921875 -2.86562490463257 -2.77083349227905 -2.73750019073486 2.53645849227905 -2.640625 -2.58645844459534 -2.57083344459534 -2.57916665077209 -2.54270839691162 -2.59895825386047 -2.61354160308838 -2.54791665077209 -2.51770830154419 -2.34479165077209 -2.18020820617676 -2.69062495231628 -2.87187504768372 -2.99895834922791 -3.04999995231628 -3.01145839691162 -2.99583315849304 -3.26354169845581 -3.36458325386047 -3.43645834922791 -3.50624990463257 11.1343755722046 11.0541667938232 11.0437498092651 11.0260419845581 11.017707824707 11.046875 10.9208326339722 10.798957824707 10.6572914123535 10.5281248092651 10.4802083969116 10.4541664123535 10.40625 10.466667175293 10.4718751907349 10.2624998092651 10.107292175293 10.0145835876465 9.97187519073486 10.0666666030884
