input_data/future_climate/CNMR_585/bio8_a.asc
ncols  331
nrows  193
xllcorner  17.833372883333
yllcorner  37.9999896166667
cellsize 0.1666667
NODATA_value  -9999
[rows 84 to 104 of 193, columns 0 to 45 of 331]
-9999 -9999 -9999 -9999 -9999 -9999 -9999 -9999 -9999 -9999 -9999 -9999 -9999 -9999 -9999 -9999 -9999 -9999 -9999 9.9884614944458 9.70520877838135 9.47395801544189 9.30520820617676 8.97187519073486 8.74479103088379 8.75416660308838 8.73124980926514 16.7864589691162 16.9322910308838 16.982292175293 17.1218757629395 18.2124996185303 18.314582824707 18.4656257629395 18.5843753814697 17.6083335876465 17.7041664123535 17.7062492370605 17.7218742370605 17.7020835876465 18.6187496185303 18.611457824707 18.544792175293 18.6062507629395 18.658332824707 18.705207824707
-9999 -9999 -9999 -9999 -9999 -9999 -9999 -9999 -9999 -9999 -9999 -9999 -9999 -9999 -9999 -9999 -9999 -9999 -9999 10.1027774810791 9.88958358764648 9.57083320617676 9.28854179382324 9.02708339691162 8.83229160308838 8.68854141235352 8.64375019073486 8.63854217529297 16.8718757629395 16.923957824707 18.0708332061768 18.1260414123535 18.220832824707 18.3020820617676 18.408332824707 18.4624996185303 18.611457824707 18.607292175293 18.6791667938232 18.654167175293 18.486457824707 18.5666656494141 18.5656242370605 18.609375 18.6166667938232 18.6656246185303
-9999 -9999 -9999 -9999 -9999 -9999 -9999 -9999 -9999 -9999 -9999 -9999 -9999 -9999 -9999 -9999 -9999 -9999 -9999 10.2700004577637 10.0343751907349 9.71354198455811 9.27395820617676 9.00312519073486 8.92812442779541 8.80729198455811 8.59270858764648 8.54374980926514 16.7906246185303 17.9833335876465 17.939582824707 17.9125003814697 17.9614582061768 18.0927085876465 18.1937503814697 18.3468742370605 18.5 18.5895843505859 18.71875 18.7708339691162 18.4854164123535 18.4718742370605 18.4739589691162 18.517707824707 18.5583324432373 18.701042175293
-9999 -9999 -9999 -9999 -9999 -9999 -9999 -9999 -9999 -9999 -9999 -9999 -9999 -9999 -9999 -9999 -9999 -9999 -9999 10.3666667938232 10.0718746185303 9.84687519073486 9.49895858764648 9.15520858764648 8.96770858764648 8.83958339691162 8.66666698455811 8.55208301544189 16.8791675567627 17.8156242370605 17.8468742370605 17.8937492370605 17.8604164123535 17.9562492370605 18.1104164123535 18.2937507629395 18.4375 18.576042175293 18.5479164123535 18.5708332061768 18.4562492370605 18.392707824707 18.3979167938232 18.4927082061768 18.4750003814697 18.5927085876465
-9999 -9999 -9999 -9999 -9999 -9999 -9999 -9999 -9999 -9999 -9999 -9999 -9999 -9999 -9999 -9999 -9999 -9999 -9999 10.2555561065674 10.0736112594604 9.89687538146973 9.609375 9.31770801544189 9.09166622161865 9.06041622161865 8.96145820617676 8.85416698455811 17.1843757629395 18.1437492370605 18.0708332061768 17.9947910308838 17.9937496185303 18.0499992370605 18.1635417938232 18.3250007629395 18.5 18.5416679382324 18.4593753814697 18.3760414123535 18.265625 18.3177089691162 18.3875007629395 18.3479175567627 18.3958339691162 18.3937492370605
-9999 -9999 -9999 -9999 -9999 -9999 -9999 -9999 -9999 -9999 -9999 -9999 -9999 -9999 -9999 -9999 -9999 10.3999996185303 10.3333330154419 10.216667175293 9.9883337020874 9.86354160308838 9.67812538146973 17.669792175293 17.6208324432373 17.6156253814697 17.6843757629395 17.5895843505859 18.4781246185303 18.4145832061768 18.2864589691162 18.2406253814697 18.1281242370605 18.2302074432373 18.3312492370605 18.4281253814697 18.6156253814697 18.5718746185303 18.4458332061768 18.330207824707 18.298957824707 18.3520832061768 18.236457824707 18.2395839691162 18.2822914123535 18.4458332061768
-9999 -9999 -9999 -9999 -9999 -9999 -9999 -9999 -9999 -9999 -9999 -9999 -9999 -9999 -9999 -9999 10.5388889312744 10.3833332061768 10.3666667938232 -9999 9.90714263916016 17.6052074432373 17.6479167938232 17.6833343505859 17.720832824707 17.720832824707 17.732292175293 18.5625 18.5854167938232 18.5812492370605 18.5187492370605 18.357292175293 18.3406238555908 18.3937492370605 18.421875 18.4760417938232 18.5218753814697 18.4854164123535 18.513542175293 18.408332824707 18.2885417938232 18.1333332061768 18.1375007629395 18.1635417938232 18.2072925567627 18.2072925567627
-9999 -9999 -9999 -9999 -9999 -9999 -9999 -9999 -9999 -9999 -9999 -9999 10.75 10.534722328186 10.3999996185303 10.3102569580078 10.2088890075684 10.1402778625488 10.0388889312744 9.94375038146973 17.7144451141357 17.705207824707 17.75 17.7072906494141 17.6885414123535 18.6302089691162 18.6947917938232 18.622917175293 18.5583343505859 18.5041675567627 18.5635414123535 18.5041675567627 18.4614582061768 18.3031253814697 18.419792175293 18.5552082061768 18.8916664123535 18.6677093505859 18.3958339691162 18.3208332061768 18.3052082061768 18.2437496185303 18.2447910308838 18.2124996185303 18.189582824707 18.234375
17.330207824707 17.5062503814697 17.5520839691162 17.8666667938232 17.8133335113525 17.9333343505859 -9999 -9999 -9999 -9999 -9999 -9999 10.8809518814087 10.6666660308838 10.4239587783813 10.2583332061768 10.0656251907349 9.94479179382324 9.91979122161865 9.83749961853027 17.6833324432373 17.6822910308838 18.4989585876465 18.5343742370605 18.611457824707 18.669792175293 18.7000007629395 18.5947914123535 18.5874996185303 18.5968742370605 18.685417175293 18.622917175293 18.6104164123535 18.5427074432373 18.4427070617676 18.5062503814697 18.5895824432373 18.59375 18.4135417938232 18.1875 18.28125 18.2135410308838 18.2999992370605 18.265625 18.6312503814697 18.375
17.2104167938232 17.3229160308838 17.3510417938232 17.7666664123535 18.158332824707 18.0566673278809 -9999 -9999 -9999 -9999 -9999 15.7866668701172 15.9104166030884 15.5388889312744 10.3690481185913 10.2197914123535 9.99062538146973 9.85312461853027 14.7781248092651 18.439582824707 18.5104160308838 18.5 18.5708332061768 18.7250003814697 18.7625007629395 18.7510414123535 18.7552089691162 18.6906242370605 18.59375 18.46875 18.5479164123535 18.59375 18.6239585876465 18.7135410308838 18.5083332061768 18.5052089691162 18.5406246185303 18.5458335876465 18.4281253814697 18.1749992370605 18.127082824707 18.1843757629395 18.2312507629395 18.3802089691162 18.435417175293 18.0531253814697
17.0125007629395 17.0427074432373 17.0697917938232 17.3958339691162 18.0666675567627 18.5055561065674 18.2666664123535 18.1749992370605 18.158332824707 18.0750007629395 18.1777782440186 15.542857170105 15.4854164123535 15.076042175293 14.798957824707 14.6156244277954 14.705207824707 18.3968753814697 18.5093746185303 18.580207824707 18.6510410308838 18.6645832061768 18.6927089691162 18.716667175293 18.6239585876465 18.6395835876465 18.5375003814697 18.2729167938232 18.0572929382324 17.845832824707 17.90625 18.2135410308838 18.4833335876465 18.6145839691162 18.6479167938232 18.685417175293 18.6322917938232 18.4885406494141 18.216667175293 18.3010425567627 18.25 18.2437496185303 18.2802085876465 18.294792175293 18.2000007629395 18.080207824707
17.1343746185303 17.138542175293 17.0572910308838 17.2510414123535 17.9750003814697 18.3322925567627 18.3187503814697 18.8114585876465 18.8277778625488 18.547435760498 18.203125 18.6364593505859 18.6906242370605 18.533332824707 18.4260425567627 18.3343753814697 18.5739593505859 18.736457824707 18.8979167938232 18.9583339691162 18.9989585876465 19.0114593505859 18.9874992370605 18.877082824707 18.8708343505859 18.638542175293 18.3343753814697 18.138542175293 18.0906257629395 17.872917175293 17.9718742370605 18.064582824707 18.3270835876465 18.4624996185303 18.5385417938232 18.560417175293 18.4989585876465 18.435417175293 18.3739585876465 18.408332824707 18.3427085876465 18.2385406494141 18.2770843505859 18.2718753814697 18.283332824707 18.1875
18.03125 18.0427093505859 18.0406246185303 18.1010417938232 18.4833335876465 18.8374996185303 18.9093742370605 18.9125003814697 18.872917175293 18.8697910308838 18.705207824707 18.6645832061768 18.5864582061768 18.7312488555908 18.6666660308838 18.6864585876465 18.7406253814697 18.71875 18.8062496185303 19.0520839691162 19.1239585876465 19.205207824707 19.1708335876465 19.216667175293 19.0770835876465 18.7385425567627 18.6177082061768 18.4229164123535 18.3218746185303 18.2375011444092 18.267707824707 18.2416667938232 18.4125003814697 18.5750007629395 18.5947914123535 18.6156253814697 18.5229167938232 18.5406246185303 18.4281253814697 18.3541679382324 18.2625007629395 18.1885414123535 18.2333335876465 18.3322925567627 18.2687492370605 18.2614593505859
18.345832824707 18.2749996185303 18.3500003814697 18.5 18.7000007629395 18.845832824707 18.9020843505859 18.7937507629395 18.7229156494141 18.6749992370605 18.5458335876465 18.5104160308838 18.5145835876465 18.6499996185303 18.6729164123535 18.7749996185303 18.6677074432373 18.7552089691162 18.8083343505859 18.9052085876465 19.1677074432373 19.3083343505859 19.546875 19.513542175293 19.2843742370605 19.0541667938232 18.9500007629395 18.7749996185303 18.560417175293 18.3677082061768 18.3343753814697 18.2489585876465 18.314582824707 18.3656253814697 18.4781246185303 18.5531253814697 18.5864582061768 18.4145832061768 18.3395843505859 16.6135406494141 16.6052074432373 16.6812496185303 16.7114582061768 16.7604160308838 18.482292175293 18.419792175293
18.515625 18.5395832061768 18.5385417938232 18.5625 18.6885414123535 18.9104156494141 19.0395832061768 18.6812496185303 18.6218757629395 18.5541667938232 18.5906238555908 18.6499996185303 18.685417175293 18.7020835876465 18.6989574432373 18.9114589691162 18.8843746185303 18.9343757629395 18.9343757629395 19.1395835876465 19.3406257629395 19.5385417938232 19.7781257629395 19.7072925567627 19.517707824707 19.2062492370605 19.0187492370605 18.9645843505859 18.8510417938232 18.6906242370605 18.5510425567627 18.4729175567627 18.388542175293 18.4781246185303 18.4781246185303 18.564582824707 18.6666660308838 18.4489574432373 18.3812503814697 16.640625 16.5833339691162 16.576042175293 16.6666660308838 16.7447910308838 16.7666664123535 16.8822917938232
18.8895835876465 18.7979164123535 18.8343753814697 18.7979164123535 18.859375 19.1604156494141 18.8510417938232 18.8125 18.8197917938232 18.8052082061768 18.8010425567627 18.7437496185303 18.4135417938232 18.5718746185303 18.5874996185303 18.705207824707 18.7614574432373 18.9802074432373 19.1135425567627 19.2697906494141 19.4406242370605 19.5635414123535 19.6916656494141 19.6979160308838 19.595832824707 19.2458343505859 19.1260414123535 19.1010417938232 18.919792175293 18.5927085876465 18.5708332061768 18.544792175293 18.3479175567627 18.390625 18.3364582061768 18.3958339691162 18.4958343505859 18.5531253814697 18.5302085876465 16.7250003814697 16.6166667938232 16.546875 16.5989589691162 16.7697925567627 16.7687492370605 16.7510414123535
19.1322917938232 19.138542175293 19.1499996185303 19.2802085876465 19.1791667938232 19.205207824707 18.9562492370605 18.9906253814697 19.0375003814697 18.9208335876465 18.9260425567627 18.830207824707 18.6177082061768 18.6187496185303 18.5885410308838 18.671875 18.7041664123535 18.9635410308838 19.2239589691162 19.4437503814697 19.6489582061768 19.8531246185303 19.9249992370605 19.8802089691162 19.71875 19.4447917938232 19.1864585876465 19.169792175293 18.8822917938232 18.794792175293 18.6395835876465 18.5656242370605 18.3677082061768 18.298957824707 18.2749996185303 18.21875 18.4583339691162 18.5260410308838 16.7875003814697 16.7572917938232 16.7104167938232 16.671875 16.7270832061768 16.640625 16.5614585876465 16.4927082061768
19.4989585876465 19.4114589691162 19.4249992370605 19.2822914123535 19.1177082061768 19.0635414123535 19.0479164123535 19.0968742370605 19.109375 19.1156253814697 19.1031246185303 18.8125 18.8125 18.7999992370605 18.7583332061768 18.7572917938232 18.9322910308838 19.0427074432373 19.3624992370605 19.5822925567627 19.7510414123535 19.9479160308838 20 19.9416675567627 19.7729167938232 19.5812492370605 19.2822914123535 19.1770839691162 19.0031242370605 18.9291667938232 18.8041667938232 18.5218753814697 18.4437503814697 18.2156257629395 18.1760406494141 18.1937503814697 18.3041667938232 18.1625003814697 18.1354160308838 16.4937496185303 16.392707824707 16.6510410308838 16.6489582061768 16.6791667938232 16.6760406494141 16.4937496185303
19.8427085876465 19.8583335876465 19.611457824707 19.4635410308838 19.421875 19.3697910308838 19.2552089691162 19.3083324432373 19.2145824432373 19.234375 19.1395835876465 19.0114593505859 19.0260410308838 18.9729156494141 18.9229164123535 18.9739589691162 19.0281257629395 19.1281242370605 19.4270839691162 19.564582824707 19.7802085876465 19.9624996185303 20.1499996185303 19.9604167938232 19.720832824707 19.5072917938232 19.3968753814697 19.2218742370605 19.0812492370605 18.9229164123535 18.7843742370605 18.7531242370605 18.5625 18.283332824707 18.2583332061768 18.2093753814697 18.2114582061768 18.2124996185303 18.0708332061768 18.033332824707 16.2531242370605 16.3624992370605 16.5322914123535 16.4229164123535 16.5770835876465 16.6749992370605
19.9541664123535 19.9104156494141 19.7697925567627 19.5968742370605 19.658332824707 19.625 19.513542175293 19.451042175293 19.3833332061768 19.2927074432373 19.3166656494141 19.3333339691162 19.2416667938232 19.1968746185303 19.1770839691162 19.0854167938232 19.1833324432373 19.21875 19.4114589691162 19.6187496185303 19.7572917938232 19.919792175293 19.9520835876465 19.84375 19.7083320617676 19.497917175293 19.3979167938232 19.1958332061768 19.03125 18.955207824707 18.8270835876465 18.716667175293 18.6281242370605 18.484375 18.3739585876465 18.3031253814697 18.1979160308838 18.044792175293 17.908332824707 17.861457824707 17.9718761444092 16.4343757629395 16.4968757629395 16.5364589691162 16.5427093505859 16.5708332061768
20.1343746185303 20.1677074432373 20.1760406494141 19.9322910308838 19.8177089691162 19.7604160308838 19.8208332061768 19.689582824707 19.5854167938232 19.5354156494141 19.5593757629395 19.4718742370605 19.4010410308838 19.3177070617676 19.2802085876465 19.2614593505859 19.2760410308838 19.2770824432373 19.3666667938232 19.5614585876465 19.6604156494141 19.8041667938232 19.7927074432373 19.6666660308838 19.6208324432373 19.5614585876465 19.4260425567627 19.267707824707 19.1604156494141 18.9947910308838 18.9020843505859 18.7541656494141 18.75 18.642707824707 18.451042175293 18.1260414123535 18.0343742370605 17.953125 17.8177089691162 17.8291664123535 17.935417175293 17.9020824432373 16.419792175293 16.548957824707 16.5885410308838 16.7749996185303
