input_data/future_climate/CNMR_585/bio8_a.asc
ncols  331
nrows  193
xllcorner  17.833372883333
yllcorner  37.9999896166667
cellsize 0.1666667
NODATA_value  -9999
[rows 0 to 20 of 193, columns 276 to 321 of 331]
-9999 -9999 -9999 -9999 -9999 -9999 -9999 -9999 -9999 -9999 -9999 -9999 -9999 -9999 -9999 -9999 -9999 -9999 8.14166641235352 7.54444408416748 8.35833358764648 8.43888854980469 8.44166660308838 8.38645839691162 8.40104198455811 8.52812480926514 8.55729198455811 8.49583339691162 8.49374961853027 8.55312442779541 8.52500057220459 8.50416660308838 8.52187538146973 8.52812480926514 8.55937480926514 8.58958339691162 8.50520801544189 8.640625 4.28645849227905 4.32395839691162 4.28437519073486 4.27916669845581 4.33125019073486 4.07604169845581 4.08125019073486 4.09479188919067
-9999 -9999 -9999 -9999 -9999 -9999 -9999 -9999 -9999 -9999 -9999 -9999 -9999 -9999 -9999 -9999 -9999 8.28333377838135 8.36666679382324 8.57222175598145 8.57291698455811 8.54895877838135 8.58749961853027 8.58749961853027 8.58437538146973 8.66354179382324 8.65104198455811 8.62291717529297 8.64375019073486 8.74270820617676 8.81562519073486 8.81770801544189 8.76354217529297 8.68020820617676 8.65416622161865 8.69895839691162 8.69479179382324 8.68020820617676 8.69479179382324 8.66458320617676 8.61041641235352 8.71562480926514 4.18125009536743 4.22187519073486 4.21041679382324 4.1875
-9999 -9999 -9999 -9999 -9999 -9999 -9999 -9999 -9999 -9999 -9999 -9999 -9999 -9999 -9999 -9999 -9999 8.42916679382324 8.65208339691162 8.68124961853027 8.65833377838135 8.69479179382324 8.71354198455811 8.70104122161865 8.72916698455811 8.75208282470703 8.79062557220459 8.75208377838135 8.77083301544189 8.99374961853027 9.05520820617676 9.01145839691162 9.00520801544189 8.921875 8.88749980926514 8.91874980926514 8.90104198455811 8.77812480926514 8.72500038146973 8.78333282470703 8.81666660308838 8.83854198455811 8.69270801544189 8.88333320617676 8.94583320617676 8.92916679382324
9.17708301544189 9.19333362579346 9.32222175598145 -9999 -9999 -9999 -9999 -9999 -9999 -9999 -9999 -9999 -9999 -9999 -9999 -9999 -9999 8.67222213745117 8.74880981445313 8.95555591583252 8.86944484710693 8.96060562133789 8.91666698455811 8.94333362579346 9 9.12604141235352 9.13958358764648 9.15729141235352 9.11145782470703 9.11041641235352 9.21979141235352 9.13958358764648 9.19270801544189 9.29479217529297 9.21249961853027 9.13541698455811 9.12604141235352 9.05312538146973 9.00625038146973 9.015625 9.02499961853027 9.03333377838135 9.10624980926514 9.17708301544189 9.27187538146973 9.31562519073486
9.21875 9.31562519073486 9.37708377838135 9.3711109161377 9.4883337020874 9.4466667175293 -9999 -9999 -9999 -9999 -9999 -9999 -9999 -9999 -9999 -9999 -9999 -9999 8.99722194671631 8.43958282470703 9.1694450378418 9.16666698455811 9.36666679382324 -9999 9.14166641235352 9.23333358764648 9.28020858764648 9.22291660308838 9.17291641235352 9.16979217529297 9.29166698455811 9.26770877838135 9.37083339691162 9.42916679382324 9.52291679382324 9.41770839691162 9.40625 9.40520858764648 9.38229179382324 9.40104103088379 9.41874980926514 9.44791603088379 9.50416660308838 9.5625 9.59791660308838 9.66250038146973
9.57708358764648 9.71666622161865 9.73750019073486 9.74687480926514 9.74270820617676 9.62777805328369 9.39615345001221 9.39999961853027 9.44166660308838 9.43333339691162 -9999 -9999 -9999 -9999 -9999 -9999 -9999 -9999 -9999 -9999 -9999 -9999 -9999 -9999 -9999 9.17666625976563 9.38854217529297 9.47812461853027 9.45625019073486 9.43020820617676 9.52604198455811 9.54583358764648 9.57395839691162 9.61979198455811 9.64375019073486 9.68645858764648 9.66874980926514 9.67604160308838 9.61041641235352 9.58229160308838 9.68229198455811 9.76145839691162 9.79062461853027 9.81666660308838 9.75 9.65625
9.91979217529297 9.91145801544189 9.984375 9.98020839691162 9.95729160308838 9.88645839691162 9.75729179382324 9.43645858764648 9.30520820617676 9.27187538146973 9.39270877838135 9.5230770111084 9.47500038146973 9.28787899017334 8.99444484710693 8.96666717529297 -9999 -9999 -9999 -9999 -9999 -9999 -9999 -9999 -9999 -9999 9.31666660308838 9.52888870239258 9.66145801544189 9.67291641235352 9.81354141235352 9.80729198455811 9.80000019073486 9.76666641235352 9.84583377838135 9.86354160308838 9.83437538146973 9.82395839691162 9.80000019073486 9.78437519073486 9.81458282470703 9.78750038146973 9.79791641235352 9.85624980926514 9.91562461853027 9.82916641235352
10.0093755722046 10.1354169845581 10.169792175293 10.1656246185303 10.1031246185303 9.94791603088379 9.70937442779541 9.44895839691162 9.41458320617676 9.45937538146973 9.50833320617676 9.41874980926514 9.43124961853027 9.43333339691162 9.49687480926514 9.35555553436279 9.31166648864746 9.41250038146973 9.37916660308838 9.31666660308838 -9999 -9999 -9999 -9999 -9999 -9999 -9999 9.33333301544189 9.50625038146973 9.65138912200928 9.81333351135254 9.93437480926514 10.0010414123535 9.97083377838135 9.97187519073486 9.98958301544189 10.0083332061768 9.94375038146973 9.93437576293945 9.96458339691162 10.0458335876465 10.0604162216187 10.0427083969116 9.96041679382324 9.99479198455811 9.984375
10.0062494277954 10.1395835876465 9.93958282470703 9.76666641235352 9.80833339691162 10.0218753814697 10.0239582061768 9.73124980926514 9.75520801544189 9.93437480926514 9.78229141235352 9.69166660308838 9.53958320617676 9.48020839691162 9.421875 9.38333320617676 9.41249942779541 9.45520782470703 9.52395820617676 9.52976226806641 9.03333282470703 9.31666660308838 -9999 -9999 -9999 -9999 -9999 -9999 -9999 -9999 9.76666641235352 9.95555591583252 10.0968751907349 10.1197910308838 10.1729164123535 10.1510419845581 10.201042175293 10.1437501907349 10.1104173660278 10.1843748092651 10.2156248092651 10.2145833969116 10.1968746185303 10.127082824707 10.1468753814697 10.2333335876465
9.88125038146973 9.87187480926514 9.84062480926514 9.89583301544189 9.93229198455811 10.1458330154419 10.1781244277954 9.68854141235352 9.74479198455811 10.046875 10.0770835876465 9.93958377838135 9.78333377838135 9.68958377838135 9.46249961853027 9.38437461853027 9.41770839691162 9.359375 9.44062519073486 9.45416641235352 9.58020877838135 9.66555595397949 9.78333377838135 9.76666641235352 -9999 -9999 -9999 -9999 -9999 9.86666679382324 9.9307689666748 10.1822919845581 10.2375001907349 10.2458333969116 10.3145837783813 10.3697919845581 10.4125003814697 10.3479166030884 10.2895832061768 10.3114585876465 10.3218746185303 10.3156251907349 10.2645835876465 10.2302083969116 10.3229169845581 10.4145832061768
9.76145839691162 9.82083320617676 9.9375 10.122917175293 10.283332824707 10.357292175293 10.2520837783813 10.1510419845581 10.1052083969116 10.2562503814697 10.1489582061768 9.97916698455811 9.88437461853027 9.84791660308838 9.28020858764648 9.17708301544189 8.90312480926514 9.02187538146973 9.05000019073486 9.13020801544189 9.27812480926514 9.46562480926514 9.5625 9.73854160308838 9.9375 9.96296310424805 7.96250009536743 2.09999990463257 9.92000007629395 10.0822219848633 10.3104162216187 10.3479166030884 10.4302082061768 10.4656248092651 10.4989585876465 10.5166664123535 10.5239582061768 10.5406255722046 10.4770832061768 10.4322919845581 10.423957824707 10.4937505722046 10.4583330154419 10.484375 10.5531253814697 10.6427087783813
10.1927080154419 10.2697916030884 10.390625 10.4437503814697 10.4989585876465 10.375 10.1760416030884 10.2052087783813 10.4572916030884 10.4854164123535 10.3010416030884 9.70416641235352 8.91770839691162 8.38333320617676 8.32291698455811 8.03750038146973 8.14999961853027 8.42708301544189 8.65312480926514 8.67708301544189 9.02499961853027 9.140625 9.39166641235352 9.68958282470703 10.1156253814697 10.2041664123535 10.1611108779907 10.4145832061768 10.4177780151367 10.5052080154419 10.5822916030884 10.625 10.6552085876465 10.701042175293 10.7229166030884 10.658332824707 10.5739583969116 10.6239585876465 10.6604166030884 10.6447916030884 10.6875 10.6520833969116 10.671875 10.7541666030884 10.8166666030884 10.8416662216187
10.2927083969116 10.3604164123535 10.4697914123535 10.5218753814697 10.3885412216187 10.5552082061768 10.3937501907349 10.3812503814697 10.627082824707 10.1875 8.40625 8.19895839691162 8.06770801544189 7.98541641235352 7.83958339691162 7.21770811080933 8.27916717529297 8.64999961853027 9.12083339691162 9.46770858764648 9.68125057220459 9.67083358764648 9.68437480926514 9.97916698455811 10.372917175293 10.4093751907349 10.4468746185303 10.5114583969116 10.6864585876465 10.734375 10.7843751907349 10.8249998092651 10.8781251907349 10.8979167938232 10.8520832061768 10.828125 10.8354167938232 10.7927083969116 10.7614583969116 10.7104167938232 10.7916660308838 10.9010410308838 10.9614582061768 10.955207824707 10.9875001907349 11.0260410308838
10.345832824707 10.3479166030884 10.328125 10.2937498092651 10.2552080154419 10.6062498092651 10.4354162216187 10.3145837783813 10.4583339691162 10.3447914123535 9.40937519073486 9.09479236602783 8.6875 8.11041641235352 8.04791641235352 7.98958349227905 8.74479198455811 8.90416622161865 9.44166660308838 9.46562480926514 9.77708339691162 10.0760412216187 10.3104162216187 10.3552083969116 10.484375 10.4927082061768 10.5770835876465 10.6395835876465 10.8385419845581 10.8791666030884 10.8958339691162 10.8812503814697 10.9010419845581 10.9802083969116 10.9499998092651 10.9760417938232 10.984375 10.9468755722046 10.9697914123535 10.9791669845581 10.9697914123535 11.0625 11.1052083969116 11.2083330154419 11.1760416030884 11.1781253814697
10.5249996185303 10.5864582061768 10.6760416030884 10.7135419845581 10.8406248092651 10.8291664123535 10.6145830154419 10.5500001907349 10.5989580154419 10.4739589691162 9.72500038146973 9.13541698455811 8.19270801544189 7.43125009536743 8.45729160308838 8.65208339691162 8.59166622161865 8.79583358764648 9.35312461853027 10.0895833969116 10.2979164123535 10.421875 10.4885416030884 10.2895832061768 10.3197917938232 10.4416666030884 10.4177083969116 10.6052083969116 10.8104162216187 10.9635410308838 11.0562496185303 11.1500005722046 11.1770830154419 11.1104164123535 11.0697917938232 11.1374998092651 11.1802082061768 11.1458330154419 11.0927085876465 11.0531253814697 11.03125 10.9958333969116 10.9427080154419 10.9906253814697 10.9583339691162 10.9395837783813
10.6906251907349 10.8604164123535 10.8874998092651 10.923957824707 10.9312496185303 11.0572919845581 11.0833330154419 10.9197912216187 10.7197914123535 10.4020833969116 9.23750019073486 8.64791679382324 8.08749961853027 7.95624971389771 8.42395877838135 8.01770877838135 8.74583339691162 8.74895858764648 9.68854141235352 10.4989585876465 10.6531248092651 10.673957824707 10.7208337783813 10.7229166030884 10.7583332061768 10.8760414123535 10.7822914123535 10.7979164123535 10.9541664123535 11.2052087783813 11.3427085876465 11.3802080154419 11.392707824707 11.3677082061768 11.419792175293 11.4322910308838 11.3395833969116 11.3249998092651 11.1197919845581 11 11.0874996185303 11.0874996185303 11.1416664123535 11.0843753814697 11.0739583969116 11.1135416030884
10.84375 10.8989582061768 11.03125 11.1364583969116 11.1802082061768 11 10.3291664123535 10.5510416030884 10.7875003814697 10.4624996185303 9.39687538146973 9.02395820617676 8.859375 8.71041679382324 8.76354217529297 9.02916622161865 9.30000019073486 8.20416641235352 8.78125 9.79583358764648 10.1083335876465 10.3468751907349 10.5281248092651 10.8666667938232 10.9677085876465 10.9937496185303 11.1395835876465 11.201042175293 11.3666667938232 11.5322914123535 11.5833339691162 11.6072912216187 11.6687498092651 11.703125 11.6291666030884 11.6302080154419 11.6552085876465 11.6125001907349 11.5770835876465 11.3197917938232 11.2708330154419 11.3260412216187 11.4135417938232 11.4072914123535 11.3364582061768 11.421875
10.953125 11.0979166030884 10.9739580154419 11.0291662216187 10.5562496185303 10.5947914123535 10.3447914123535 9.91874980926514 8.68333339691162 8.88749980926514 9.31354141235352 9.48854160308838 8.49583339691162 8.33854198455811 8.16979122161865 8.03333377838135 9.06666660308838 9.36770820617676 9.79895877838135 9.99166679382324 9.81979179382324 9.93020820617676 10.1687498092651 10.6322917938232 10.9499998092651 11.0770835876465 11.2489576339722 11.4145832061768 11.6052083969116 11.7406253814697 11.841667175293 11.8916664123535 11.8770837783813 11.8895835876465 11.8249998092651 11.8770837783813 11.9375 11.8885412216187 11.8541669845581 11.7822914123535 11.6843748092651 11.7375001907349 11.8552083969116 11.8343753814697 11.6156253814697 11.7052087783813
11.2541666030884 11.2041664123535 11.2541666030884 11.2666664123535 11.1927089691162 11.1229162216187 10.5874996185303 9.93437480926514 9.68958377838135 9.97916603088379 9.88125038146973 9.06041622161865 8.40729141235352 8.08854198455811 9.32395839691162 9.74479198455811 10.0968751907349 10.0895833969116 10.0385417938232 10.1843748092651 10.3218746185303 10.4677085876465 10.6916666030884 10.9375 11.1499996185303 11.3645830154419 11.5208330154419 11.65625 11.8395833969116 11.9739580154419 12.0406246185303 12.1281251907349 12.1583337783813 12.1572914123535 12.140625 12.1104164123535 12.1281251907349 12.1677083969116 12.1385412216187 12.1229162216187 12.1458330154419 12.0770835876465 12.0208330154419 12.0031251907349 11.8791666030884 11.9177083969116
11.2447910308838 11.1270837783813 10.9781246185303 11.0416669845581 11.03125 10.5979166030884 9.91250038146973 8.64375019073486 8.15104198455811 8.01458358764648 9.09270858764648 10.3093748092651 10.0583333969116 10.2239589691162 10.3416662216187 10.3791666030884 10.8062496185303 11.1218748092651 10.8656253814697 10.9416666030884 11.1083335876465 11.1614580154419 11.1781253814697 11.2354164123535 11.3531246185303 11.5427083969116 11.7093753814697 11.84375 12.0135412216187 12.1416664123535 12.2229166030884 12.2177085876465 12.1656246185303 12.2531251907349 12.3239583969116 12.3562498092651 12.3479166030884 12.3489580154419 12.3291664123535 12.330207824707 12.3677082061768 12.2760419845581 11.9937496185303 11.9645833969116 11.9968757629395 11.9364585876465
10.4270830154419 10.1281251907349 9.50416660308838 8.23020839691162 8.22500038146973 9.11979198455811 9.97916698455811 10.4250001907349 10.877082824707 10.9541664123535 11.330207824707 11.486457824707 11.3885412216187 11.3406248092651 11.3333339691162 11.3020830154419 11.4343748092651 11.6104164123535 11.5906248092651 11.5218753814697 11.5250005722046 11.4916667938232 11.4802083969116 11.4927082061768 11.6218748092651 11.71875 11.8718748092651 12.0144443511963 12.1819438934326 12.2166662216187 12.2083330154419 12.3406248092651 12.2743587493896 12.4035711288452 12.3531246185303 12.404167175293 12.3595237731934 12.3635416030884 12.3958330154419 12.2635412216187 12.1760416030884 12.0729160308838 12.0187501907349 12.0541667938232 12.0895833969116 12.0666666030884
