input_data/future_climate/CNMR_585/bio8_a.asc
ncols  331
nrows  193
xllcorner  17.833372883333
yllcorner  37.9999896166667
cellsize 0.1666667
NODATA_value  -9999
[rows 63 to 83 of 193, columns 184 to 229 of 331]
17.0479164123535 17.0364589691162 16.9947910308838 17.140625 17.2749996185303 17.4656257629395 17.3812503814697 17.283332824707 17.3395843505859 17.3385410308838 17.3697910308838 17.453125 17.5093746185303 17.4291667938232 17.2447910308838 17.111457824707 17.1291675567627 17.03125 17.0229167938232 17.002082824707 16.9010410308838 16.921875 16.9624996185303 16.9760417938232 17.0927085876465 17.1291656494141 17.0854167938232 16.9874992370605 16.9031257629395 16.8270835876465 16.9135417938232 16.9812488555908 17.0687503814697 17.173957824707 17.3322906494141 17.4072914123535 17.4802074432373 17.4718761444092 17.470832824707 17.4093742370605 17.3010425567627 17.1937503814697 17.252082824707 17.3708324432373 17.4739570617676 17.5354156494141
17.1302089691162 17.1291675567627 17.2468757629395 17.341667175293 17.2885417938232 17.3354167938232 17.5364589691162 17.4874992370605 17.3239593505859 17.375 17.375 17.3489589691162 17.40625 17.5583343505859 17.4031257629395 17.3229160308838 17.3156242370605 17.357292175293 17.372917175293 17.2885417938232 17.2062492370605 17.1843757629395 17.1979160308838 17.203125 17.2666664123535 17.2093753814697 17.078125 16.9052085876465 16.8291664123535 16.7864589691162 16.7979164123535 16.997917175293 17.1395835876465 17.2135410308838 17.2614574432373 17.3802089691162 17.4249992370605 17.419792175293 17.4031257629395 17.3177070617676 17.3041667938232 17.3687496185303 17.3093757629395 17.4208335876465 17.5145835876465 17.5770835876465
17.2645835876465 17.3500003814697 17.466667175293 17.546875 17.4562492370605 17.4729175567627 17.4750003814697 17.6312503814697 17.5416679382324 17.5187492370605 17.388542175293 17.4697914123535 17.5812492370605 17.7572917938232 17.7041664123535 17.611457824707 17.5708332061768 17.5010414123535 17.3312492370605 17.247917175293 17.1177082061768 17.2062492370605 17.2697906494141 17.0572910308838 16.9593753814697 16.9802074432373 17.0583343505859 16.9989585876465 16.7333335876465 16.7510414123535 16.7708339691162 16.8447914123535 17.0218753814697 17.1947917938232 17.2760410308838 17.345832824707 17.4052085876465 17.5302085876465 17.5541667938232 17.4947910308838 17.4364585876465 17.3489570617676 17.4208335876465 17.470832824707 17.5270824432373 17.533332824707
17.3395843505859 17.4614582061768 17.5854167938232 17.6999988555908 17.7666664123535 17.7124996185303 17.6166667938232 17.5677089691162 17.747917175293 17.7552089691162 17.7958335876465 17.7458343505859 17.7541656494141 17.841667175293 17.7572917938232 17.5979175567627 17.466667175293 17.482292175293 17.4406242370605 17.341667175293 17.2749996185303 17.2406253814697 17.3187503814697 17.1552085876465 16.9781246185303 16.9677085876465 16.877082824707 17.1322917938232 17.1499996185303 17.0218753814697 17.0229167938232 16.8937492370605 17.0166664123535 17.310417175293 17.4270839691162 17.5343742370605 17.673957824707 17.8125 17.8843746185303 17.7885417938232 17.7083320617676 17.6614589691162 17.6656246185303 17.5927085876465 17.71875 17.7885417938232
17.5562496185303 17.6104164123535 17.7822914123535 17.9031257629395 17.794792175293 17.796875 17.734375 17.7239589691162 17.7541675567627 17.794792175293 18.0427074432373 17.921875 17.8843746185303 17.923957824707 17.904167175293 17.6520843505859 17.5656242370605 17.4802074432373 17.4541664123535 17.3583335876465 17.232292175293 17.21875 17.3010425567627 17.2260417938232 16.9593753814697 16.9177074432373 16.951042175293 17.1437492370605 17.2864589691162 17.1833324432373 17.2072906494141 17.0302085876465 17.2156257629395 17.4145832061768 17.5968742370605 17.6291656494141 17.6791667938232 17.7135410308838 17.8479156494141 17.8354167938232 17.810417175293 17.8604164123535 17.7718753814697 17.736457824707 17.8999996185303 15.2041664123535
17.7468757629395 17.7104167938232 17.8916664123535 18.0322914123535 18.044792175293 18.0854167938232 18.1354160308838 18.0114593505859 17.9260425567627 18.0385417938232 18.2218742370605 18.0812492370605 17.9635410308838 17.9906253814697 17.8354167938232 17.6812496185303 17.6135406494141 17.5864582061768 17.453125 17.3052082061768 17.2083320617676 17.2062492370605 17.3583335876465 17.3197917938232 17.0416679382324 16.9302082061768 17.017707824707 17.1375007629395 17.3114585876465 17.2645835876465 17.125 17.1864585876465 17.2562503814697 17.4385414123535 17.5208339691162 17.5697917938232 17.6468753814697 17.7625007629395 17.7760410308838 17.8479156494141 17.8125 17.8364582061768 17.8291664123535 17.8020839691162 17.9333343505859 15.4427080154419
18.1479167938232 18.0874996185303 18.1833343505859 18.2302074432373 18.263542175293 18.314582824707 18.548957824707 18.533332824707 18.361457824707 18.3697910308838 18.2843742370605 18.0874996185303 18.0145835876465 17.9854164123535 17.955207824707 17.8708343505859 17.794792175293 17.6499996185303 15.3812494277954 17.3468742370605 17.3135414123535 17.375 17.3270835876465 17.3343753814697 17.2489585876465 17.0187492370605 17.0302085876465 17.0968742370605 17.2458324432373 17.390625 17.3624992370605 17.3520832061768 17.5635414123535 17.6958332061768 17.7281246185303 17.8333339691162 17.8489570617676 17.8635425567627 17.9031257629395 17.984375 18.1510410308838 18.0885410308838 18.1239585876465 18.0927085876465 18.0562496185303 15.7364587783813
18.2749996185303 18.3052082061768 18.2770843505859 18.2781257629395 18.28125 18.2083339691162 18.2093753814697 18.236457824707 18.3020839691162 18.2416667938232 18.2406253814697 18.375 18.3249988555908 18.2437496185303 18.2552089691162 18.2614574432373 15.9781255722046 15.8822917938232 15.8135414123535 15.6833333969116 15.455207824707 15.3635416030884 15.189582824707 17.3020839691162 17.3072910308838 17.2760410308838 17.2312507629395 17.1906242370605 17.252082824707 17.4343757629395 17.4406242370605 17.4187507629395 17.7177085876465 17.9156246185303 18.0385417938232 18.171875 18.1479167938232 18.1104164123535 18.2395839691162 18.34375 18.2645835876465 18.0083332061768 17.8500003814697 17.6395835876465 17.7885417938232 15.3406248092651
18.4020843505859 18.234375 18.1749992370605 18.2072925567627 18.216667175293 18.232292175293 18.247917175293 18.267707824707 18.3052082061768 18.3270835876465 18.2385406494141 18.2666664123535 18.2854156494141 18.2250003814697 18.2843742370605 18.3677082061768 16.1062488555908 15.9416666030884 15.9489583969116 15.8531246185303 15.8697919845581 15.872917175293 15.7468748092651 15.5687503814697 15.5687503814697 15.5072917938232 15.40625 15.3302087783813 15.220832824707 15.2593755722046 17.5062503814697 15.1416664123535 17.7427082061768 17.9937496185303 18.1593742370605 18.3010425567627 18.388542175293 18.470832824707 18.4520835876465 18.265625 18.3156242370605 18.34375 18.1312503814697 17.8520832061768 17.9208335876465 15.3791666030884
18.4614582061768 18.310417175293 18.2729167938232 18.1729164123535 18.1312503814697 18.3177089691162 18.2895832061768 18.3500003814697 18.4833335876465 18.4427070617676 18.4343757629395 18.3510417938232 18.3875007629395 18.3208332061768 18.4125003814697 16.1791667938232 16.138542175293 16.0197925567627 15.9635410308838 15.7760419845581 15.8458337783813 15.8781251907349 15.7937498092651 15.7822914123535 15.765625 15.8500003814697 15.8447914123535 15.6906251907349 15.6197910308838 15.6531248092651 15.6354169845581 15.5229167938232 15.5260410308838 18.017707824707 18.2739582061768 18.361457824707 18.482292175293 18.466667175293 18.5218753814697 18.5895824432373 18.6437492370605 18.6041660308838 16.2302093505859 16.1708335876465 16.0281257629395 15.8656253814697
18.560417175293 18.5 18.3781242370605 18.3333339691162 18.1552085876465 18.1124992370605 18.234375 18.4322910308838 18.6364593505859 18.6552085876465 18.6989574432373 18.747917175293 18.6552085876465 18.4947910308838 18.3427085876465 16.1375007629395 16.1145839691162 15.9906253814697 15.9187498092651 15.8374996185303 15.8187503814697 15.9427080154419 15.9697914123535 15.9145832061768 15.8135414123535 15.857292175293 15.9208335876465 15.9447917938232 15.8645830154419 15.8312501907349 15.7875003814697 15.826042175293 15.7083330154419 15.6645832061768 18.0625 18.372917175293 18.5697917938232 18.6218757629395 18.622917175293 18.8125 18.9635410308838 18.859375 18.6145839691162 16.1520824432373 16.2395839691162 16.2312507629395
18.5343742370605 18.7083339691162 18.5989589691162 18.5499992370605 18.359375 18.2468757629395 18.5052089691162 18.595832824707 18.5687503814697 18.8718757629395 18.986457824707 18.923957824707 18.7531242370605 18.6822910308838 16.2864589691162 16.2552089691162 16.2927074432373 16.2822914123535 16.122917175293 15.9166669845581 15.9583330154419 15.9833335876465 15.951042175293 15.8854169845581 15.8135414123535 15.7677087783813 15.7895832061768 15.7427082061768 15.8020830154419 15.9270830154419 15.9229164123535 15.8791666030884 15.8989582061768 15.9406251907349 15.970832824707 18.607292175293 18.7593746185303 18.6062507629395 18.9187507629395 19.0010414123535 19.0947914123535 19.0197925567627 18.591667175293 18.171875 15.5989580154419 15.4739580154419
18.8250007629395 18.8354167938232 18.9812507629395 18.8239593505859 18.658332824707 18.6843757629395 18.877082824707 18.8697910308838 18.919792175293 18.9906253814697 18.966667175293 18.9697914123535 18.8916664123535 16.6083335876465 16.482292175293 16.4645824432373 16.4343738555908 16.4093742370605 16.283332824707 16.2312488555908 16.2124996185303 16.1156253814697 16.0385417938232 15.9833335876465 15.8812494277954 15.7687501907349 15.7822914123535 15.9177083969116 15.9145832061768 16.033332824707 15.9072914123535 16.0406246185303 16.078125 16.044792175293 18.5989589691162 18.830207824707 18.8687496185303 18.8333320617676 18.7416667938232 18.7843742370605 18.9906253814697 19.0822906494141 18.7531242370605 18.3270835876465 17.7000007629395 15.5874996185303
19.060417175293 18.9739589691162 18.984375 18.779167175293 18.7291660308838 19.0718746185303 19.169792175293 19.158332824707 19.2333335876465 19.0614585876465 18.923957824707 18.9614582061768 18.9270839691162 18.877082824707 16.6916675567627 16.5885410308838 16.5281257629395 16.5343742370605 16.4312496185303 16.4562492370605 16.3583335876465 16.3541660308838 16.2562503814697 16.2406253814697 16.1322917938232 15.8062496185303 15.798957824707 15.9187498092651 18.1802082061768 18.1708335876465 15.9906253814697 16.0187492370605 16.1062507629395 18.5104160308838 18.7739582061768 18.9770832061768 18.9760417938232 19.0072917938232 19.078125 19.1104164123535 18.9458332061768 19.0239582061768 18.9760417938232 16.1625003814697 17.8187503814697 15.4958333969116
18.888542175293 18.8135414123535 18.9895839691162 19.1197910308838 19.1031246185303 19.064582824707 19.1749992370605 19.1666660308838 19.3125 19.345832824707 19.1177082061768 19.1104164123535 19.0416660308838 18.9427089691162 16.796875 16.7770824432373 16.7000007629395 16.6614570617676 16.6635417938232 16.6281242370605 16.5843753814697 16.4874992370605 16.5010414123535 16.4312496185303 16.2875003814697 15.9291667938232 15.9864587783813 18.3916664123535 18.4270839691162 18.5947914123535 16.5031242370605 16.5385417938232 16.6520824432373 16.6864585876465 16.8052082061768 16.8197917938232 18.9916667938232 19.0968742370605 19.4385414123535 19.3406257629395 19.1593742370605 19.2374992370605 19.122917175293 16.2218742370605 17.8645820617676 17.8531246185303
18.8791656494141 19.0583324432373 19.0145835876465 19.1947917938232 19.2083339691162 19.015625 19.0729160308838 19.2822914123535 19.3520832061768 19.4427089691162 19.4750003814697 19.2374992370605 16.904167175293 16.90625 16.8812503814697 16.9874992370605 16.9177093505859 16.8937492370605 16.763542175293 16.6187496185303 16.5593757629395 16.4989585876465 16.5479164123535 16.3635406494141 16.3531246185303 16.28125 16.3552074432373 16.4312496185303 16.4385414123535 18.7072906494141 18.8864593505859 19.064582824707 16.9187507629395 17.0052089691162 17.0062503814697 17.1208343505859 17.298957824707 19.5260410308838 19.5812492370605 19.0041675567627 18.8156242370605 18.877082824707 19.017707824707 18.5572910308838 18.1333332061768 17.7104167938232
18.9031257629395 19.0166664123535 19.0031261444092 19.0885410308838 19.283332824707 19.2281246185303 19.3520832061768 19.3843746185303 19.484375 19.267707824707 17.1802082061768 17.2437496185303 17.1187496185303 17.091667175293 17.0770835876465 17.0854167938232 17.0635414123535 17.0375003814697 16.9229164123535 16.7999992370605 16.7354164123535 16.7541675567627 16.6031246185303 16.576042175293 16.4770832061768 16.4833335876465 18.8031253814697 18.9874992370605 19.095832824707 19.0770835876465 19.1020832061768 19.1833343505859 17.1052074432373 17.3510417938232 17.294792175293 17.0354156494141 16.955207824707 16.8270835876465 19.0354175567627 18.8333339691162 18.8125 18.8406257629395 18.9656257629395 18.5229167938232 18.3989582061768 18.080207824707
19.0395832061768 18.9187507629395 18.8052082061768 18.908332824707 19.2781257629395 19.3708324432373 19.3968753814697 19.4229164123535 19.3802089691162 19.2260417938232 17.1968746185303 17.3156242370605 17.3250007629395 17.1187496185303 16.9906253814697 16.8791656494141 16.872917175293 16.8947925567627 16.9812507629395 17.0479164123535 17.078125 16.9208335876465 16.8541660308838 16.8291664123535 16.685417175293 16.7062492370605 16.6510410308838 19.2124996185303 19.3656253814697 19.2270832061768 19.3760414123535 19.5614585876465 17.2395839691162 19.560417175293 19.3114585876465 19.2229175567627 19.1802082061768 19.1593761444092 19.0083332061768 18.8812503814697 18.8093757629395 18.7552089691162 18.7625007629395 18.7302074432373 18.5166664123535 18.4072914123535
18.9500007629395 18.9895820617676 18.7822914123535 19.0593738555908 19.1333332061768 19.1187496185303 19.1593742370605 19.1875 19.3031253814697 19.40625 17.28125 17.3333339691162 17.3520832061768 17.4177074432373 17.267707824707 17.1166667938232 16.9781246185303 16.8968753814697 16.8343753814697 16.955207824707 16.7906246185303 16.9458332061768 16.9624996185303 16.7093753814697 16.7708339691162 16.9458332061768 17.0427074432373 19.3843746185303 19.1885414123535 19.3500003814697 19.5572910308838 19.7354164123535 17.2906246185303 19.2270832061768 19.0687503814697 19.1479167938232 19.1885414123535 18.9989585876465 18.997917175293 19.044792175293 18.9614582061768 18.8895835876465 18.8156242370605 18.6531257629395 18.689582824707 18.8520832061768
19.0499992370605 19.1729164123535 19.314582824707 19.3958339691162 19.326042175293 19.455207824707 19.4697914123535 19.4031257629395 19.466667175293 19.4937496185303 17.3687496185303 17.4052085876465 17.3395843505859 17.372917175293 17.4729175567627 17.3166675567627 17.28125 17.0906257629395 17.0854167938232 16.9947910308838 16.7916660308838 16.8937511444092 17.0947914123535 16.9125003814697 16.9874992370605 17.1958332061768 19.5927085876465 19.3187503814697 19.4260425567627 19.4770832061768 19.703125 19.9260425567627 19.701042175293 19.5083332061768 19.298957824707 19.2822914123535 19.0812492370605 19.0145835876465 19.0343761444092 19.2177085876465 19.3031253814697 19.3166656494141 19.2843742370605 19.1364593505859 19.0770835876465 19.1499996185303
19.2541675567627 19.3697910308838 19.4281253814697 19.3135414123535 19.4854164123535 19.5770835876465 19.5666675567627 19.4489593505859 19.4364585876465 19.3552074432373 19.3135414123535 19.3479175567627 17.4697914123535 17.455207824707 17.4656257629395 17.497917175293 17.4718742370605 17.3822917938232 17.2604160308838 17.173957824707 17.1729164123535 16.9947910308838 17.0885410308838 17.158332824707 17.2489585876465 17.3374996185303 17.4614582061768 19.5510425567627 19.6031246185303 19.5927085876465 19.6812496185303 19.7458343505859 19.6916675567627 19.6479167938232 19.5197925567627 19.4947910308838 19.484375 19.4020843505859 19.3656253814697 19.3052082061768 19.3166675567627 19.294792175293 19.263542175293 19.2291660308838 19.3218746185303 19.2687492370605
