input_data/future_climate/CNMR_126/_bio19_a.asc
ncols  331
nrows  193
xllcorner  17.833372883333
yllcorner  37.9999896166667
cellsize 0.1666667
NODATA_value  -9999
[rows 124 to 154 of 193, columns 204 to 271 of 331]
57.625 56.8125 56.875 56.5 56.75 56.75 56.6875 57.5 57.25 57.625 58.1875 58.6875 59.0625 59.875 61.625 63.625 64.5 65.8125 66.3125 67.6875 69.6875 70.1875 70.625 70.9375 71.8125 72.0625 72.25 72.75 72.9375 73.125 72.8125 72.1875 71.25 70.25 69.75 69.0625 68.5625 67.3125 66.9375 66.3125 65.4375 64.1875 63.75 61.75 60.5 58.5625 57.3125 55.25 53.6875 51.625 50.4375 49.9375 48.375 47.0625 46.1875 45.75 44.625 43.5625 43.8125 43 42.4375 41.6875 41.625 41.5625 42 41.9375 42 41.8125
56.25 55.5625 55.5625 55.375 55.1875 55.4375 55.8125 55.6875 56.375 56.4375 56.875 56.8125 57.375 58.25 59.375 60.5625 61.125 63.375 64.0625 64.5625 65.5 66.375 67.8125 68.8125 69.4375 69.5625 70.3125 70.4375 70.25 70.8125 70.5 69.4375 69.1875 68.4375 67.4375 66.6875 66 66.125 65.375 64.375 63.8125 63.375 62.125 60.5 58.625 57.625 55.25 54.25 52.25 50.5625 49.875 48.3125 47.125 46.5 45.625 43.8125 43 42.875 42.625 41.0625 41 41 41 40.875 41.0625 40.25 40.8125 40.125
54.4375 54.125 54 54 54 54 54.125 54.1875 54.5 54.75 54.875 55.4375 55.875 56.5 57.5 58.6875 59.25 61.5625 62.4375 62.8125 63.375 64.125 65.75 65.875 66.375 66.9375 67 67.25 67.75 68.1875 68.25 68.25 67.3125 66.3125 65.5 64.875 63.5625 63.4375 63.3125 62.6875 62.625 62.75 60.4375 58.625 57.0625 55.3125 54.625 51.875 50.9375 49.8125 48.0625 47 46.625 44.75 44.0625 43.125 42.5625 41.75 40.625 40.5 40.3125 40.25 39.625 40.125 39.5625 39.3125 39.125 39.875
53.0625 53 52.3125 51.9375 52.1875 52.5 52.4375 52.75 53.5625 53.125 53.375 53.125 53.625 55.3125 55.75 55.875 57.3125 58.5 58.75 59.625 61 62.125 62.6875 64.25 64.8125 65.0625 65.0625 65.5 66.25 66.5 65.9375 65.8125 65.875 64.4375 64.0625 63.125 62.1875 61.8125 61.1875 61 61.4375 61.0625 59.3125 57.3125 55.375 54.5625 52.6875 51.0625 49.5625 48.25 47.125 46.4375 45 43.9375 42.9375 42.4375 41.1875 40.1875 40 40 39.25 38.9375 38.9375 38.6875 39.25 39.125 39 39
51.5625 51 50.5 50.5 50.625 51.125 51.0625 50.9375 51.75 51.9375 52.0625 52.375 52.5625 53.6875 54.4375 54.9375 56.125 57.125 57.75 58.0625 58.1875 59.0625 60.4375 61.1875 61.75 62.8125 63.875 64.125 64.25 64.375 63.875 63.9375 63.8125 62.625 62.1875 61.1875 60.5 59.75 60 60.125 60.6875 60.75 58 55.8125 54.25 53.25 50.5 50 48.25 47.375 46.0625 45.5625 43.75 42.875 42.0625 40.5625 39.4375 39.25 38.4375 37.5625 37.6875 37.3125 37.8125 38 38 38.5625 38.625 38.9375
49.8125 49.6875 49.6875 49.0625 49.25 49.0625 48.75 49.25 49.375 50.1875 50.75 51.0625 52 52.25 53.375 53.9375 54.625 55.3125 56.25 56.875 57.3125 58 58.0625 58.5 59.25 59.9375 60.5625 61.4375 62.5 62.1875 61.75 61.375 61.8125 61 60.125 59.5625 59 57.3125 57.4375 59.1875 59.8125 57.5625 55.625 54.125 53.375 50.9375 50 48.875 47.25 46.875 46 44.0625 43 42.0625 41.0625 39.1875 38.6875 37.3125 37.1875 37 36.0625 36.1875 36.5625 37.6875 38.3125 38.0625 38.4375 38.75
47 47.3125 47.125 47.0625 46.8125 46.125 46.6875 47.5625 48.25 48.1875 48.8125 49.75 49.9375 50.9375 51.5625 51.9375 52.5 53.3125 54.375 54.8125 55.25 56 56.875 56.9375 57.0625 58.5 59.125 59.5 59.8125 60.125 60 59.25 62.3125 59.875 58.625 58.125 57.9375 57 56.8125 58.25 57 55.25 54.0625 53.375 51.5625 49.875 48.9375 47.4375 47 46.625 45.8125 43.3125 42.875 41.9375 40.5625 38.9375 37.375 37.0625 36.75 36.125 36 36 36.125 36.8125 37.9375 38.0625 38.6875 38.6875
45.75 45.25 44.75 44.8125 44.8125 45.1875 45.5 45.8125 46.375 46.9375 47.3125 47.875 48.4375 49.875 50 50.1875 51.125 51.75 52.25 52.625 53.9375 54.625 55.375 57.625 55.5 55.875 56.125 56.125 56 56.3125 55.875 55.375 56.375 56.875 55.8125 56.0625 55.5625 54.75 54.9375 55.5625 54.3125 53.3125 52.6875 51.5625 49.875 49.1875 47.875 46.8125 46.3125 45.75 44.9375 43 42.625 40.875 39.0625 38.125 36.5625 36.1875 35.4375 35.9375 36 36 36.125 36 36 36.0625 36.6875 37.875
42.4375 42.125 42.125 42.5 42.875 43.4375 43.5 43.625 44.125 44.75 45.3125 46.25 46.9375 47.4375 48.3125 49.125 49.75 50.125 50.6875 51.25 51.5 52.25 52.625 53.3125 53.8125 53.8125 54.1875 54.4375 54.375 54.5 54.125 54.5 54.9375 54.625 53.75 53.8125 53.5625 53.5 53.1875 53 52.6875 51.9375 50.5 49.25 49 48.4375 46.375 46 45.8125 44.75 43.75 42.3125 40.9375 39.8125 38.75 37.1875 36.5 36 35.375 35.125 35.5 35.9375 36 36 36 35.875 36 36
41.3125 41.5625 41.1875 41.4375 41.75 42 42.0625 42.5 42.875 43.3125 44 44.5 45 46.25 46.8125 47 48.125 48.75 49.3125 50.3125 50.5625 51 51.0625 51.6875 52 52.25 52.25 52.4375 52.0625 52.375 52.625 52.3125 52.625 53.125 52.5 52.75 52.8125 52.75 52.25 51.5625 51.0625 49.8125 49 48.6875 47.3125 46.1875 46 46 45.25 43.5 42.1875 42 40.625 39.125 37.4375 36.9375 36 36 35.875 35 35 34.9375 35.3125 35.375 36.125 36.4375 36.1875 36.125
39.0625 39.3125 39.625 39.9375 40.3125 40.25 40.25 40.625 41.25 42.125 42.875 43.0625 43.375 44.3125 45.0625 45.4375 46 46.75 47.75 48.375 49.25 50 49.9375 50.4375 49.6875 50.375 50.75 51.1875 51.375 51.6875 51.5625 51.125 51 51.1875 50.875 50.75 51.1875 51.125 50.9375 50.1875 49.1875 48.875 47.9375 46.3125 46.0625 45.75 46 45.1875 43.6875 42.9375 42 41.75 39.8125 38.375 37.0625 36.8125 36.25 36 36 35.5625 35.0625 34.5625 34.5 34.4375 35 35.625 36.0625 36.25
37.625 37.8125 37.625 37.9375 38.375 38.75 39.4375 39.9375 40.125 40.25 40.25 41.3125 42.6875 43 43.4375 43.6875 44.5 45 45.3125 47 48 48 48.375 48.25 48.4375 48.5625 49 49.0625 49 49 49 49 49 49.1875 49.25 49.3125 49.75 49.8125 49.375 48.5625 47.6875 46.625 46 45.75 45.1875 44 44.125 43.0625 42.9375 42.125 41.3125 40.125 39.1875 37.4375 37 37.3125 36.5625 36 36 35.6875 35 34.625 34.25 34.25 35.0625 35.375 36 36.25
36.125 35.5625 35.25 36.0625 36.6875 36.5 37.0625 37.5625 38.6875 38.875 39.75 40 40.6875 41.4375 42.0625 42.8125 43.0625 43.75 44.125 45.625 45.875 45.9375 45.6875 46.125 46.375 46.4375 47 47.5625 47.875 47.75 47.375 47.25 47.75 46.75 47.5 47.6875 48.3125 48 47.5625 47.1875 46.0625 45.4375 44.8125 43.5 44 43.1875 43 42.75 42.375 40.9375 39.875 39 38.9375 38.8125 37.875 37.25 36.5 35.875 35.5 35.6875 34.4375 34 34.125 34.25 34.625 35.125 34.6875 35.3125
34.5625 34.5 34.75 34.9375 35 35 35.375 35.9375 36.375 36.875 37.1875 38.4375 39.625 40.125 40.4375 41.0625 41.3125 41.6875 41.9375 42.9375 43.875 44.375 44.4375 44.8125 45.375 45.75 45.8125 45.9375 46.125 45.75 45.75 45.75 45.9375 45.5625 45.5625 45.375 45.875 46.0625 45.9375 45.4375 44.4375 43.875 43.0625 42.8125 42.8125 42.5 42.25 41.875 41.8125 40.4375 39.1875 38.625 38.1875 37.625 37 36.875 35.8125 35.25 34.375 34.5625 34 34.0625 34.5 34.8125 34.6875 34.875 35.0625 35.8125
34.25 34 34 34.25 34.625 34.9375 35 35 35.5 35.9375 36.125 37.3125 38.375 39.0625 39.75 40 40.1875 40.6875 41.1875 41.4375 41.4375 42.4375 43.1875 43.375 43.5625 44 43.8125 43.75 44.125 44.125 44.875 45.0625 44.8125 44.75 44.5 44.75 45.0625 44.9375 44.6875 43.5625 42.4375 42.125 42 41.9375 43.25 41.875 41.5 41.0625 40.6875 39.9375 39 37.9375 37.3125 37.0625 36.875 36.6875 36.9375 35.3125 34.6875 34.0625 34 34.375 34.9375 35.1875 35.25 35 35.5 36.125
34 34.1875 34.6875 33.6875 32.375 33.5625 33.5625 34.5625 35 35 35.125 36.1875 36.875 38.3125 38.4375 38.5 39.375 40.1875 39.6875 40.5625 40.875 41 41 41.4375 42.0625 42.375 42.75 42.6875 42.9375 43 43.0625 43 43.625 44.8125 44.25 43.875 44.5 43.5625 42.375 42.1875 41.9375 41.5 41 40.125 40.0625 39.8125 39.8125 39.4375 39.25 39.0625 38.0625 36.9375 37 37 36.6875 35.625 35 34.9375 35.125 34.875 34.5625 34.375 35 35 35 35.1875 35.875 36.625
30.1875 30.125 30.9375 31.5 32.0625 32.0625 32 33 33.875 34.75 35 35.0625 35 37 37.9375 37.875 38.1875 38.3125 38.25 38.4375 38.3125 39.8125 40.75 40.9375 41 41.125 41 41.25 41.6875 42.0625 41.9375 42.4375 43.25 44.0625 43.3125 42.875 42.5625 41.8125 41.4375 40.625 39.875 39.25 39.375 39 39 39 39 38 38.1875 38.0625 36.3125 35.75 36.1875 36.0625 35.875 35.4375 35.375 35.6875 36.3125 35.625 35 35 35 35 35 35 35.375 35.5625
29.125 29.875 30 30 30.3125 31.0625 31.875 32 32.375 33.25 34.5625 34.75 34.625 35 35.25 35.875 36.375 37.125 37.5 37.6875 38.0625 38.1875 38.9375 39.8125 39.75 39.8125 40.0625 40.4375 41 41.9375 41.6875 41.8125 41.875 42.0625 42.9375 41.4375 40.6875 40.8125 39.875 38.875 39.1875 39 39.125 38.4375 38 37.6875 38 36 36.3125 35.125 33.25 35.1875 34.6875 34.75 34.5 34.125 34.5625 35.125 35.25 33.9375 34.75 34.75 34.8125 35.125 35.0625 35.1875 35 35.25
28 28 28.375 28.5 28.6875 29.5625 30.5625 31.3125 32.4375 32 32.25 33.4375 32.625 34 34.125 35.1875 35.25 35.5 36.875 37 37.75 38.3125 38.1875 38.3125 38.625 38.9375 39.875 40.1875 40.8125 41.25 41.125 41 41.125 40.9375 40.75 40 40 39.3125 39 38.8125 38.6875 38.6875 37.3125 36.6875 36.1875 36.0625 36.375 35.875 35.375 33.625 34 33.625 31.9375 33.4375 33 33.1875 34.3125 34.4375 33.6875 33.3125 34.25 33.9375 34.75 34.9375 35.125 35.375 35 35.375
28.375 28.375 28.75 28.9375 29 29 29 29.4375 31.625 32 32 32 32.0625 32.3125 32.625 34.5625 34.75 34.8125 35 35.4375 36.0625 37.1875 37.5625 37.5 37.0625 38.5625 39.25 39.75 39.8125 39.9375 40.0625 40.25 40.3125 40 39.75 39.375 38.625 38.375 38 37.75 37.75 37.125 36.3125 35.75 35.5625 35.625 34.5 34.6875 35.125 35 34.5 35.5625 34.875 34.1875 32.3125 33.3125 33.75 32.9375 32.25 32.125 33.5625 33.875 33.9375 34.8125 35.25 35.1875 35.125 35
27.4375 27.3125 28 28.6875 29 29 29 29 30 31.125 31.875 32 32 32 32 32.3125 33.375 34.1875 34.375 34.8125 35.875 36 36.0625 35.9375 36.0625 36.4375 37.5 38.5 38.625 39.1875 38.9375 38.5625 38.5625 38.125 38 38 37.875 37.75 37.125 36.875 36.5625 36.1875 35.625 35 34.75 34.375 35.5 35.75 34.875 34.125 34.625 34.875 34.5625 35.3125 35.3125 35.4375 34.25 33.1875 33.625 33.5625 33.9375 34.25 34.125 35.25 34.8125 35.375 36 36.375
26 26.5 26.75 27.625 28.125 28.0625 28.125 28.9375 29 29.1875 31.0625 31.8125 31.4375 31.25 31.25 31.1875 31.625 32.6875 33.9375 35 35.4375 34.9375 35.25 35.3125 35.625 36 35.5625 36.375 37.875 37.9375 38 37.9375 37.625 37.5 37.25 37 36.3125 36.1875 35.9375 35.4375 35.0625 35.375 34.5 33.3125 33.4375 34.75 40.5 33.625 34.5 35.875 35.1875 34.5 35.3125 35.9375 35.375 34.0625 33.125 32.5 33.5625 33.5625 34.5625 34.125 35.1875 34.25 35.5 36 36.9375 37.0625
25.375 25.375 25.25 26.25 26.9375 26.9375 27.25 28.9375 29 29 29.0625 30 30.75 30.4375 31 30.9375 31 31.0625 32.3125 33.5 34.75 34 34.75 34.8125 34.3125 34.8125 35.375 35.9375 36.9375 37.3125 37.625 36.8125 36.8125 36.3125 36.1875 35.4375 35.75 35.25 35.0625 35 35.375 30.9375 32 36.3125 37.1875 37.4375 35.5 35.75 38.375 37.5625 38.8125 35.8125 35.9375 36.4375 34.9375 32.75 33.75 34.3125 34.0625 34.0625 34.1875 34.1875 34.875 35.375 36.1875 37.1875 37.25 37.0625
25.125 25.25 25.5625 25.5 25.5 26 26.5625 28.3125 28.5625 28.5 28.9375 28.6875 28.25 28.5 29.5 30.6875 31 31.6875 32 32.125 32.6875 32.375 33.375 33.3125 33 33.125 34.25 35.5 36 36.625 36.75 36.1875 36.0625 35.875 35.5625 35 35 34.5625 34.5625 35 34.0625 30 36.5625 41.25 40.1875 31.4375 28.8125 32.4375 32.5 35.3125 38.375 35.3125 35.75 35 35.5625 32.625 32.1875 32.6875 33.25 33.5625 34.125 33.625 33.5625 33.875 35.0625 35.875 36.4375 37
25.5625 25.5625 25.625 25.625 25.625 25.75 25.8125 27.0625 27.5 28.0625 27.8125 28.3125 27.75 27.25 27.5625 28.8125 30 30.5625 31.9375 32.25 32.125 31.375 31.3125 32 33.0625 33.5 34.75 35.1875 36.0625 36.25 36.3125 36 36 36 35.25 34.25 33.9375 33.4375 33.5 33.8125 31.125 36.875 35.875 41.625 39.8125 33.625 30.1875 28 29.125 31.875 36.0625 34.5625 36 36.5 35.8125 35.75 33 32.9375 33.125 34.25 34.1875 33.125 33 33.3125 35 36.75 36.5625 36.9375
26.5625 25.875 25.5 25.75 26.125 27.4375 27.8125 27.375 27.875 27.4375 27.6875 28.8125 28.375 27.5 26.9375 29.25 30.5625 30.125 30.4375 31.1875 31.6875 31.1875 31 31.125 32.625 33 34.5 35.375 36 36.25 36.75 36.25 35.9375 35.5 34.5625 34 33.9375 33.5 33.25 31.25 28.25 36.25 40.5 40.8125 36.875 35.4375 28.5 28 29.875 33.4375 36.6875 34.5 35.6875 36 37.375 38.125 34.625 33.6875 33.6875 33.75 33.3125 33.25 33.125 33.6875 34.75 36.3125 36.5625 37
25.5625 25.1875 25 25 25 25.0625 26.1875 26.5625 27 27.4375 27.125 26.875 26.0625 26.1875 26.6875 26.6875 27.9375 28.8125 29.5625 30.1875 30.375 30.875 31 31.375 31.3125 31.625 33.25 35.25 36 37.5625 38 36.25 35.25 34.9375 33.875 33.3125 33.0625 33.1875 32.5 28.625 27.75 36.75 39.8125 38.75 32.4375 33.25 27.6875 28 29.5 33.125 33.1875 35.125 35.875 36 38.375 39 38.3125 35.875 33.6875 33.4375 33 33 33.3125 33.8125 34.0625 35.0625 35.3125 36.4375
25 25 25 25 25.25 26.75 26.25 26.25 26.1875 26.375 25.25 26.4375 26.8125 28.125 28.875 29 29.125 29.0625 29.1875 29.8125 30.25 30.0625 30.375 31.1875 31.75 32.4375 33.0625 34.8125 36.125 37.5 37.5 35.375 35 34.5 32.4375 32 32 31.75 31.1875 27.625 28.1875 34.375 40.8125 39 38.5 29 27.125 27.875 29.6875 32.6875 32.75 33.5625 34.6875 35.1875 37.75 38.9375 38.5 37.125 35.8125 34.75 33.125 33 33.5625 34 34.0625 34.125 35.1875 36.5625
25.4375 25.1875 25.25 25.0625 25.1875 25.75 25.8125 25.0625 25.8125 24.4375 26.3125 28 28.0625 28 28.5 28.9375 29.125 29.0625 29.1875 29.8125 30 30 30 30.1875 30.875 32.8125 34.375 34.6875 35 35.75 35.6875 34.875 34.3125 33.125 32.3125 32 31.75 31.0625 30.25 25.4375 28.1875 34 39.625 40.125 31.8125 27.0625 26.5 28.8125 30.75 30.5625 32.4375 33.125 33.8125 35.0625 37.375 37.625 36.3125 35.9375 33.6875 33.4375 33.375 33.0625 33.1875 33.875 34.0625 34.875 35.4375 36
25.6875 25.0625 25.25 25.9375 25.875 25.4375 25.625 25 24.625 24.625 27.625 28 28 28 28.1875 28.5 28.625 28.75 29.125 29.9375 30.0625 30 30 30 30 31.5625 32.25 33.875 35 34.9375 34.6875 34.0625 32.75 32.125 31.625 31.25 30.6875 30.5625 31.6875 25.375 29.5 37.6875 39.875 38.9375 29 27.25 27.5 29.6875 31.25 30.6875 31.625 33.3125 36.3125 38.1875 38.1875 34.375 33 32.9375 33.625 34 33.875 33.625 33.25 33.875 34.125 34.8125 35.625 35.8125
25.875 26.25 26.375 26.3125 26.5 26.375 25.875 25 24.625 26.6875 28 28 28 28.0625 28.125 27.9375 28.0625 28 28.875 29.25 29.6875 30 30 30 30 30.1875 31 31.25 32.4375 33.875 33.5625 33.125 31 31 31 30.6875 30 29.9375 31.3125 29.25 34.125 37.0625 37.6875 36.0625 31.0625 28.9375 29.6875 30.8125 29.125 30.1875 32.0625 33.875 37.4375 38.5 38 34.6875 33.0625 33.4375 33.9375 34 34 33.9375 33.9375 34 34.3125 35.0625 36.125 36.0625
