input_data/future_climate/CNMR_126/_bio15_a.asc
ncols  331
nrows  193
xllcorner  17.833372883333
yllcorner  37.9999896166667
cellsize 0.1666667
NODATA_value  -9999
[rows 0 to 19 of 193, columns 230 to 275 of 331]
-9999 -9999 -9999 -9999 -9999 -9999 -9999 -9999 -9999 -9999 -9999 -9999 -9999 -9999 33.6114311218262 33.806884765625 33.8490562438965 33.9166564941406 33.344596862793 33.0613899230957 34.4775428771973 35.4398155212402 35.7945442199707 36.5492477416992 37.5375328063965 -9999 -9999 -9999 -9999 -9999 -9999 -9999 -9999 -9999 -9999 -9999 -9999 -9999 -9999 -9999 -9999 -9999 -9999 -9999 -9999 -9999
-9999 -9999 -9999 -9999 -9999 -9999 -9999 -9999 -9999 -9999 -9999 -9999 -9999 -9999 -9999 34.296875 34.6313896179199 34.8257942199707 34.4923095703125 34.3444747924805 34.6890296936035 34.3369255065918 34.6800918579102 35.5796508789063 36.2399482727051 36.0002326965332 33.478515625 34.2945442199707 34.0848922729492 31.5480785369873 33.515380859375 37.4320602416992 -9999 -9999 -9999 -9999 -9999 -9999 -9999 -9999 -9999 -9999 -9999 -9999 -9999 -9999
-9999 -9999 -9999 -9999 -9999 -9999 -9999 -9999 -9999 -9999 -9999 -9999 -9999 -9999 -9999 -9999 -9999 -9999 -9999 33.6469841003418 34.4176826477051 34.3661575317383 34.6145515441895 35.2449569702148 35.3640899658203 35.2981452941895 34.988151550293 35.1351203918457 34.4238777160645 33.6826438903809 32.2007293701172 31.6106662750244 30.330057144165 29.9802131652832 29.9863128662109 29.4997959136963 29.1887836456299 29.3841953277588 29.5089740753174 29.6149272918701 29.8554267883301 29.1226005554199 30.9870834350586 -9999 -9999 -9999
-9999 -9999 -9999 -9999 -9999 -9999 -9999 -9999 -9999 -9999 -9999 -9999 -9999 -9999 -9999 -9999 -9999 -9999 -9999 -9999 -9999 -9999 33.7393417358398 34.407543182373 34.812572479248 35.4679107666016 35.3506927490234 35.4866638183594 34.7636756896973 32.4342422485352 30.8296604156494 30.4408473968506 29.2106971740723 28.6807422637939 28.6281280517578 28.7083988189697 28.754768371582 28.4016056060791 28.8365478515625 28.5811805725098 29.0302734375 29.5139999389648 29.5294551849365 29.3165588378906 29.5705795288086 29.7785339355469
-9999 -9999 -9999 -9999 -9999 -9999 -9999 -9999 -9999 -9999 -9999 -9999 -9999 -9999 34.032787322998 33.7880020141602 -9999 -9999 -9999 -9999 -9999 -9999 -9999 -9999 34.8955726623535 35.7131042480469 35.7337493896484 36.1299171447754 34.6304931640625 32.7789573669434 32.2521286010742 31.3452262878418 30.5030727386475 29.5272216796875 28.6393547058105 27.0052642822266 27.2905807495117 27.5076732635498 27.5084667205811 27.8492469787598 27.9525699615479 27.9574699401855 27.8169059753418 28.2689304351807 29.2757682800293 29.9408798217773
-9999 -9999 -9999 -9999 -9999 -9999 -9999 -9999 -9999 -9999 -9999 -9999 -9999 -9999 -9999 34.2087860107422 33.9905090332031 34.1351051330566 34.6348495483398 -9999 -9999 -9999 -9999 -9999 -9999 -9999 34.5410423278809 34.1548957824707 33.1311492919922 31.9454975128174 30.8149261474609 30.0517292022705 30.2992992401123 29.0917701721191 27.6677646636963 26.9895896911621 26.9884834289551 26.6599292755127 27.3544597625732 27.8199119567871 27.8546276092529 27.453893661499 27.9983692169189 28.3494644165039 28.6867198944092 29.8844985961914
-9999 -9999 -9999 -9999 -9999 -9999 -9999 -9999 -9999 -9999 -9999 -9999 -9999 -9999 -9999 -9999 -9999 -9999 34.3641586303711 -9999 -9999 -9999 -9999 -9999 -9999 -9999 32.9736480712891 32.2574691772461 32.3933525085449 31.6067504882813 30.29296875 30.3860931396484 29.7153205871582 28.900333404541 27.9838733673096 27.1339092254639 26.8417301177979 27.2663345336914 26.7583503723145 26.8969764709473 26.8803119659424 27.6073455810547 27.9969463348389 28.5095729827881 29.2096118927002 29.6961936950684
-9999 -9999 -9999 -9999 -9999 -9999 -9999 -9999 -9999 -9999 -9999 31.8926773071289 32.2347793579102 32.584831237793 32.9429588317871 33.528636932373 33.675220489502 34.0841979980469 34.2980194091797 -9999 -9999 -9999 -9999 -9999 -9999 -9999 -9999 31.5347461700439 32.3821678161621 31.394458770752 31.2254104614258 30.2206611633301 29.3196964263916 28.8444557189941 28.4239311218262 27.4675846099854 27.2230110168457 26.717565536499 26.8108520507813 26.337438583374 26.0965766906738 25.9285163879395 26.8002510070801 27.1558284759521 27.8008804321289 28.3869361877441
-9999 -9999 -9999 -9999 -9999 -9999 30.5930614471436 30.2049179077148 30.5911903381348 31.0804576873779 31.9317970275879 31.9331665039063 32.5204620361328 33.3562393188477 34.0285377502441 34.4419860839844 34.6621894836426 34.3625907897949 34.5490875244141 33.7046928405762 -9999 -9999 33.0130157470703 33.7775535583496 32.6162376403809 32.5535621643066 32.3518867492676 31.944730758667 31.6099166870117 31.326623916626 30.8174591064453 30.2092018127441 29.3922233581543 29.1882019042969 28.9644622802734 28.2165431976318 27.8360404968262 27.2513980865479 27.1505146026611 26.5318927764893 26.6803646087646 26.4847583770752 26.6722259521484 27.1908874511719 27.4924259185791 27.5502834320068
30.1307754516602 30.2698040008545 30.3078002929688 30.5713233947754 30.6306858062744 30.462553024292 29.7719211578369 30.2818241119385 30.5710964202881 30.817310333252 31.4833889007568 32.0659790039063 32.7243385314941 32.9495582580566 33.5746726989746 33.7234001159668 34.3622169494629 34.4242172241211 34.5991630554199 -9999 -9999 32.9184608459473 33.3824157714844 33.4514465332031 33.2998733520508 33.2070236206055 32.7778282165527 32.4868507385254 32.1067314147949 31.2151489257813 30.2174243927002 30.0455875396729 29.7654132843018 29.0586204528809 29.005443572998 28.3794269561768 28.1564388275146 27.4889507293701 27.1142101287842 27.0093173980713 26.9096450805664 26.5693969726563 26.2973613739014 26.6122779846191 27.5866889953613 27.8610324859619
29.7357234954834 30.327184677124 29.9660472869873 29.5847682952881 30.2549114227295 30.0559234619141 30.1080741882324 30.2492618560791 30.2435913085938 30.5356273651123 30.8860473632813 31.1725368499756 31.5823287963867 32.4007263183594 32.6583709716797 33.12548828125 34.3132705688477 34.4926872253418 34.9438018798828 34.4884185791016 -9999 33.6666831970215 32.81396484375 33.2239875793457 33.2636871337891 32.7785224914551 32.3495750427246 31.6679840087891 31.6300201416016 31.5382995605469 31.2551593780518 30.2378673553467 29.6347408294678 29.1035232543945 29.0089702606201 28.5800685882568 28.3504486083984 27.5914306640625 27.7099571228027 27.3583965301514 27.2299404144287 26.9646244049072 26.7694301605225 26.9249076843262 26.9008865356445 27.2650279998779
28.3252544403076 28.538215637207 29.2683200836182 29.5905609130859 29.9976119995117 30.1080513000488 29.8975982666016 30.021656036377 30.2955932617188 30.9753494262695 30.6821899414063 30.1581439971924 30.5877780914307 31.5034828186035 32.0631294250488 32.3885650634766 33.1524543762207 33.599235534668 33.8134574890137 34.2011070251465 34.3159065246582 34.072566986084 33.4582443237305 33.3423194885254 33.4415817260742 33.1887969970703 32.2224197387695 31.6172523498535 31.1491794586182 30.0968532562256 29.6802635192871 29.1294326782227 28.7256183624268 28.2244319915771 28.1932849884033 28.0781631469727 27.7892475128174 27.2105331420898 27.3498115539551 27.2809753417969 27.4364070892334 27.1516723632813 26.8001651763916 27.0191860198975 27.1072750091553 27.1429195404053
28.7280712127686 29.2872886657715 29.6328067779541 30.0813808441162 30.2356224060059 30.5636444091797 30.3679599761963 30.3512916564941 30.3953514099121 30.7041473388672 31.2084369659424 31.023609161377 31.178092956543 31.6845874786377 32.2100524902344 32.576229095459 32.6814765930176 32.8071098327637 32.9312782287598 33.1587142944336 33.39501953125 33.401741027832 33.064510345459 32.9796371459961 32.5962257385254 31.9977073669434 31.6824951171875 30.6403350830078 29.9532260894775 29.3171634674072 29.0704574584961 28.62624168396 27.9944648742676 28.0863380432129 28.0953712463379 27.9872055053711 27.8051414489746 27.2703342437744 27.3544502258301 27.2723178863525 27.2648124694824 26.9777793884277 26.8773174285889 26.5066947937012 26.7041931152344 26.5296821594238
28.7738761901855 28.7639808654785 28.5931816101074 29.3413963317871 29.6869945526123 29.9798526763916 30.4839839935303 30.182954788208 30.2913188934326 30.1936893463135 30.3883380889893 30.8615608215332 30.6735019683838 31.1259613037109 31.5971622467041 31.8668556213379 32.4197807312012 32.541576385498 32.5737380981445 32.9140205383301 32.6601943969727 32.2689018249512 32.2602195739746 31.8141059875488 31.4437770843506 30.6581478118896 30.4694652557373 30.2876052856445 29.6278972625732 28.9676074981689 28.9697265625 28.8758525848389 29.0474739074707 28.7592163085938 28.3381156921387 27.7791481018066 27.5509853363037 27.5067024230957 27.0211162567139 26.7740917205811 26.3684406280518 26.356559753418 26.2458114624023 26.1917171478271 25.8514423370361 25.7343978881836
28.320671081543 28.3230438232422 28.3415966033936 28.6628761291504 29.2359046936035 29.50026512146 30.0931816101074 29.9405746459961 30.2109832763672 29.9312114715576 30.2347965240479 30.7267074584961 30.9143867492676 31.247034072876 31.7939109802246 32.0612945556641 32.3304862976074 32.2200088500977 32.0197448730469 32.1133651733398 32.2357940673828 31.7111473083496 32.1452369689941 31.6644535064697 31.3463706970215 30.9163494110107 30.519416809082 29.8423748016357 29.3656597137451 29.381799697876 29.1006565093994 29.1577415466309 28.8181247711182 28.7449283599854 28.066255569458 27.9915294647217 27.6676406860352 27.145601272583 26.9563236236572 26.5846824645996 26.4043369293213 26.1807136535645 25.9046058654785 25.6158866882324 25.0722579956055 24.9206199645996
28.2334003448486 28.0493793487549 28.2479228973389 28.6949501037598 29.0051670074463 29.8475646972656 29.8260517120361 30.1961803436279 30.6178932189941 30.6954746246338 30.951416015625 31.2202491760254 31.1418838500977 31.5314445495605 32.0388259887695 32.3980903625488 32.3059234619141 32.5329551696777 32.4822387695313 32.3452911376953 32.6412086486816 32.1985664367676 32.1140518188477 31.5412673950195 31.339729309082 31.2537097930908 30.8620090484619 30.0773448944092 30.1337203979492 30.1686820983887 29.7867946624756 29.2396392822266 28.9357376098633 28.5009899139404 28.2465705871582 28.2164077758789 28.1997299194336 27.9237537384033 27.4113311767578 26.6599864959717 26.1237258911133 25.8689517974854 25.4183769226074 24.9270210266113 24.8502197265625 25.0210609436035
28.4150409698486 28.8212280273438 29.0249977111816 29.4697952270508 29.65598487854 29.9926280975342 30.6254997253418 30.5764198303223 30.6050090789795 30.8839645385742 31.3718547821045 31.8560256958008 32.1480293273926 32.083423614502 32.3572387695313 32.5126533508301 32.7354431152344 32.7763938903809 32.6681137084961 32.5463638305664 32.3400192260742 32.1031646728516 32.0703239440918 32.2601509094238 31.5450572967529 31.4277362823486 31.1920261383057 30.8374500274658 30.0877246856689 29.9039974212646 29.6766529083252 29.5288944244385 29.4053649902344 29.2995891571045 29.122142791748 28.7021141052246 28.224006652832 27.681037902832 27.5179405212402 26.7531299591064 25.7218742370605 25.285343170166 25.1943702697754 25.2662258148193 24.8650646209717 24.1693935394287
28.859037399292 29.2265510559082 29.4623508453369 29.5463962554932 29.8779029846191 29.8343753814697 30.2424392700195 30.5244235992432 31.0970802307129 31.5964298248291 32.3839416503906 32.2670288085938 31.7985725402832 32.2745971679688 32.681079864502 32.7103652954102 32.3884811401367 32.819766998291 32.8285255432129 32.916088104248 32.844612121582 32.6169586181641 32.5241508483887 32.1880302429199 31.9347991943359 31.6057415008545 31.0160636901855 30.8060779571533 30.4617137908936 30.065299987793 29.7576808929443 29.7893543243408 29.5246772766113 29.4456844329834 29.183479309082 28.703649520874 28.4292449951172 28.0220432281494 27.8413524627686 27.3076763153076 26.8402938842773 26.5981216430664 26.2053775787354 25.87109375 25.478235244751 25.2361869812012
29.6093311309814 30.1045627593994 29.3283786773682 29.8473854064941 29.9919414520264 30.2000751495361 30.9499473571777 31.5930671691895 31.2347164154053 31.2216968536377 31.3164749145508 31.1278018951416 31.6552448272705 32.3848075866699 32.965503692627 33.2336692810059 33.0334396362305 33.4272155761719 34.0522346496582 33.7505035400391 33.554027557373 33.2455863952637 32.5801773071289 32.364933013916 32.1794128417969 31.4484443664551 31.041088104248 30.8133449554443 30.8408489227295 30.5488681793213 31.0524940490723 30.9227657318115 30.1594791412354 30.2563018798828 29.1820964813232 28.8912258148193 28.6184978485107 28.4664669036865 28.4725532531738 28.0991477966309 27.6715908050537 27.1028118133545 26.4232425689697 26.3716259002686 26.2537937164307 26.1782741546631
30.6511554718018 29.8720149993896 29.2721385955811 30.3599376678467 30.3753051757813 30.4201507568359 31.3021583557129 31.6327705383301 30.2925090789795 31.1152210235596 30.8440704345703 31.4719409942627 32.0402717590332 32.9306945800781 33.5070114135742 34.3098449707031 33.7781715393066 35.4176979064941 34.8761901855469 34.5130004882813 34.6226692199707 33.3587226867676 33.2061538696289 31.9520568847656 31.5401000976563 30.7976589202881 30.596471786499 31.6432647705078 32.1407356262207 30.8915767669678 30.8226203918457 31.1339721679688 29.9497375488281 29.9036827087402 29.6719989776611 29.1597690582275 28.8450527191162 28.9588642120361 28.915699005127 28.650447845459 28.7841911315918 28.4703712463379 27.234977722168 27.0709323883057 26.7940826416016 26.8999404907227
