input_data/future_climate/CNMR_126/_bio10_a.asc
ncols  331
nrows  193
xllcorner  17.833372883333
yllcorner  37.9999896166667
cellsize 0.1666667
NODATA_value  -9999
[rows 84 to 104 of 193, columns 0 to 45 of 331]
-9999 -9999 -9999 -9999 -9999 -9999 -9999 -9999 -9999 -9999 -9999 -9999 -9999 -9999 -9999 -9999 -9999 -9999 -9999 17.8320503234863 17.8374996185303 17.7864589691162 17.8312492370605 17.6020832061768 17.4489574432373 17.6000003814697 17.6749992370605 17.7729167938232 17.9562492370605 18.0187492370605 18.1958332061768 18.2291660308838 18.3374996185303 18.4906253814697 18.6083335876465 18.6052074432373 18.716667175293 18.7104167938232 18.7416667938232 18.7666664123535 18.6520843505859 18.6593742370605 18.5979175567627 18.6666660308838 18.71875 18.7718753814697
-9999 -9999 -9999 -9999 -9999 -9999 -9999 -9999 -9999 -9999 -9999 -9999 -9999 -9999 -9999 -9999 -9999 -9999 -9999 18.0027770996094 18.048957824707 17.8395824432373 17.7937507629395 17.752082824707 17.7072925567627 17.595832824707 17.6572914123535 17.7708339691162 17.8937492370605 17.9541664123535 18.0833339691162 18.1468753814697 18.2427082061768 18.3343753814697 18.4208335876465 18.4874992370605 18.6437492370605 18.6333332061768 18.705207824707 18.6864585876465 18.529167175293 18.6145839691162 18.6187496185303 18.6656246185303 18.6875 18.7281246185303
-9999 -9999 -9999 -9999 -9999 -9999 -9999 -9999 -9999 -9999 -9999 -9999 -9999 -9999 -9999 -9999 -9999 -9999 -9999 18.1733341217041 18.2281246185303 18.0614585876465 17.7875003814697 17.7447910308838 17.8708324432373 17.828125 17.7531242370605 17.78125 17.7864589691162 17.9874992370605 17.9541664123535 17.9260425567627 17.9750003814697 18.1124992370605 18.2135410308838 18.3760414123535 18.5302085876465 18.6166667938232 18.747917175293 18.8135414123535 18.5281257629395 18.517707824707 18.5239582061768 18.5708332061768 18.6145839691162 18.765625
-9999 -9999 -9999 -9999 -9999 -9999 -9999 -9999 -9999 -9999 -9999 -9999 -9999 -9999 -9999 -9999 -9999 -9999 -9999 18.25 18.2260417938232 18.2781257629395 18.0739593505859 17.9343757629395 17.9270839691162 18.0625 18.0552082061768 17.904167175293 17.8708324432373 17.8031253814697 17.8562507629395 17.904167175293 17.8739585876465 17.9750003814697 18.125 18.3187503814697 18.4791660308838 18.6041660308838 18.5822925567627 18.611457824707 18.5 18.4427089691162 18.4437503814697 18.548957824707 18.5354156494141 18.65625
-9999 -9999 -9999 -9999 -9999 -9999 -9999 -9999 -9999 -9999 -9999 -9999 -9999 -9999 -9999 -9999 -9999 -9999 -9999 18.2000007629395 18.2888889312744 18.3968753814697 18.3072910308838 18.1843757629395 18.1479167938232 18.279167175293 18.263542175293 18.1843757629395 18.1802082061768 18.1520843505859 18.076042175293 18.0104160308838 18.0031242370605 18.0656242370605 18.1843757629395 18.3427085876465 18.5322914123535 18.5843753814697 18.5125007629395 18.4208335876465 18.314582824707 18.3624992370605 18.4416656494141 18.4104175567627 18.4604167938232 18.4677085876465
-9999 -9999 -9999 -9999 -9999 -9999 -9999 -9999 -9999 -9999 -9999 -9999 -9999 -9999 -9999 -9999 -9999 18.1499996185303 18.2309513092041 18.1749992370605 18.2049999237061 18.3177089691162 18.4114589691162 18.466667175293 18.5218753814697 18.546875 18.642707824707 18.5395832061768 18.4812507629395 18.423957824707 18.2927074432373 18.25 18.140625 18.252082824707 18.3531246185303 18.4541664123535 18.6531257629395 18.6145839691162 18.5 18.3812503814697 18.3552074432373 18.40625 18.2895832061768 18.3041667938232 18.3489589691162 18.5197906494141
-9999 -9999 -9999 -9999 -9999 -9999 -9999 -9999 -9999 -9999 -9999 -9999 -9999 -9999 -9999 -9999 18.3111114501953 18.2305564880371 18.25 -9999 18.1869049072266 18.2822914123535 18.3864574432373 18.5114593505859 18.6458339691162 18.658332824707 18.689582824707 18.5822906494141 18.6041660308838 18.611457824707 18.5437507629395 18.3875007629395 18.372917175293 18.4291667938232 18.4614582061768 18.5322914123535 18.5864582061768 18.546875 18.5770835876465 18.4677085876465 18.3552093505859 18.1968746185303 18.2062492370605 18.236457824707 18.2906246185303 18.2895832061768
-9999 -9999 -9999 -9999 -9999 -9999 -9999 -9999 -9999 -9999 -9999 -9999 18.3666667938232 18.2708339691162 18.2769222259521 18.3320503234863 18.3600006103516 18.4208335876465 18.3888893127441 18.3958320617676 18.3766670227051 18.4187507629395 18.5010414123535 18.5093746185303 18.5354156494141 18.6437492370605 18.7291660308838 18.6645832061768 18.6031246185303 18.5406246185303 18.6041660308838 18.5416679382324 18.5031261444092 18.3604164123535 18.4770832061768 18.6239585876465 18.9624996185303 18.7354164123535 18.4677085876465 18.4010410308838 18.3875007629395 18.328125 18.3364582061768 18.3052082061768 18.2864589691162 18.3322906494141
17.513542175293 17.7104167938232 17.7510414123535 18.0692310333252 17.9099998474121 18.1166667938232 -9999 -9999 -9999 -9999 -9999 -9999 18.5952377319336 18.5400009155273 18.4916667938232 18.5885410308838 18.6322917938232 18.4791660308838 18.4166660308838 18.3843746185303 18.3833332061768 18.4187507629395 18.5208339691162 18.5635414123535 18.6458339691162 18.7093753814697 18.7458343505859 18.65625 18.6447925567627 18.6479167938232 18.7375011444092 18.669792175293 18.669792175293 18.6104164123535 18.5145835876465 18.578125 18.6645832061768 18.673957824707 18.4989585876465 18.2708339691162 18.3718757629395 18.3041667938232 18.4093742370605 18.372917175293 18.7437496185303 18.484375
17.4916667938232 17.627082824707 17.6531257629395 18.0885410308838 18.5027770996094 18.283332824707 -9999 -9999 -9999 -9999 -9999 18.716667175293 18.9791660308838 18.7541675567627 18.5892848968506 18.5927085876465 18.5197906494141 18.3875007629395 18.4156246185303 18.4614582061768 18.5395832061768 18.5270843505859 18.6083335876465 18.767707824707 18.810417175293 18.8114585876465 18.8156242370605 18.7604179382324 18.6614589691162 18.5364589691162 18.6197910308838 18.6645832061768 18.7041664123535 18.7979164123535 18.5927085876465 18.5947914123535 18.6364593505859 18.638542175293 18.5208339691162 18.2718753814697 18.2333335876465 18.2916660308838 18.3374996185303 18.4989585876465 18.5510425567627 18.1822910308838
17.3645820617676 17.4093742370605 17.4614582061768 17.796875 18.5153846740723 18.9916667938232 18.6708335876465 18.6208324432373 18.6208324432373 18.533332824707 18.6277770996094 18.7690467834473 18.7687492370605 18.4624996185303 18.2854175567627 18.1760406494141 18.3635425567627 18.4177093505859 18.5437507629395 18.6135425567627 18.6916675567627 18.7072906494141 18.7572917938232 18.7739582061768 18.6906242370605 18.7114582061768 18.6125011444092 18.345832824707 18.1395835876465 17.9260425567627 17.9885406494141 18.3041667938232 18.580207824707 18.7145843505859 18.7416667938232 18.7854156494141 18.7312507629395 18.595832824707 18.3291664123535 18.4229164123535 18.3718757629395 18.3697910308838 18.408332824707 18.4260425567627 18.3354167938232 18.2124996185303
17.5968742370605 17.578125 17.4989585876465 17.6885414123535 18.4583339691162 18.8125 18.7770824432373 18.8052082061768 18.8266658782959 18.5525646209717 18.2156257629395 18.6572914123535 18.7177085876465 18.5572910308838 18.4614582061768 18.372917175293 18.6187496185303 18.783332824707 18.9468746185303 19.0218753814697 19.0583343505859 19.0708332061768 19.0656242370605 18.955207824707 18.9499988555908 18.7260417938232 18.423957824707 18.232292175293 18.1916656494141 17.96875 18.076042175293 18.1677074432373 18.435417175293 18.5666656494141 18.6479167938232 18.6708335876465 18.6166667938232 18.5552082061768 18.4937496185303 18.5375003814697 18.4760417938232 18.375 18.4156246185303 18.4156246185303 18.4291667938232 18.3447914123535
18.015625 18.0229167938232 18.0302085876465 18.0989570617676 18.482292175293 18.8406257629395 18.9114589691162 18.9260425567627 18.8864593505859 18.8947925567627 18.736457824707 18.6968746185303 18.6260414123535 18.7781257629395 18.7114582061768 18.7312507629395 18.7937507629395 18.7760410308838 18.872917175293 19.1177082061768 19.1885414123535 19.2770843505859 19.2541675567627 19.3052082061768 19.1729164123535 18.8385410308838 18.720832824707 18.5270824432373 18.4302082061768 18.3562507629395 18.3812503814697 18.3562507629395 18.5260410308838 18.6968746185303 18.7218742370605 18.7333335876465 18.642707824707 18.6729164123535 18.5614585876465 18.486457824707 18.3999996185303 18.3406257629395 18.3833332061768 18.482292175293 18.4208335876465 18.4302082061768
18.3479175567627 18.2749996185303 18.3677082061768 18.5114593505859 18.7229156494141 18.872917175293 18.9208335876465 18.826042175293 18.75 18.7104167938232 18.5947914123535 18.564582824707 18.5697917938232 18.7062492370605 18.7395839691162 18.8395824432373 18.7468757629395 18.8354167938232 18.8875007629395 18.9947910308838 19.263542175293 19.4031257629395 19.6520824432373 19.6135406494141 19.3937492370605 19.1687507629395 19.0750007629395 18.8937492370605 18.6812496185303 18.4947910308838 18.4635429382324 18.3781242370605 18.439582824707 18.4947910308838 18.6052093505859 18.6885414123535 18.7281246185303 18.5510406494141 18.4895839691162 18.3937492370605 18.3916664123535 18.46875 18.5072917938232 18.5677089691162 18.6552085876465 18.5968742370605
18.5229167938232 18.5520839691162 18.546875 18.5812492370605 18.7104167938232 18.9479160308838 19.0697917938232 18.716667175293 18.6677093505859 18.6104164123535 18.6437492370605 18.7041664123535 18.7374992370605 18.7687492370605 18.765625 18.982292175293 18.9604167938232 19.0197906494141 19.0218753814697 19.2375011444092 19.435417175293 19.6333332061768 19.8833332061768 19.810417175293 19.627082824707 19.3239574432373 19.140625 19.095832824707 18.9770832061768 18.8239574432373 18.6791667938232 18.6135425567627 18.529167175293 18.6124992370605 18.625 18.7041664123535 18.814582824707 18.6020832061768 18.53125 18.435417175293 18.3843746185303 18.3999996185303 18.502082824707 18.5697917938232 18.609375 18.7229175567627
18.8999996185303 18.8187503814697 18.859375 18.8312492370605 18.8875007629395 19.2000007629395 18.8916664123535 18.859375 18.8697910308838 18.8541660308838 18.8541660308838 18.8010425567627 18.4770832061768 18.640625 18.6531257629395 18.7781257629395 18.8427085876465 19.0635414123535 19.2072906494141 19.3666667938232 19.5364570617676 19.6666660308838 19.7999992370605 19.810417175293 19.7104167938232 19.3697910308838 19.2614574432373 19.2291660308838 19.0552082061768 18.7333335876465 18.7072906494141 18.6812496185303 18.486457824707 18.529167175293 18.484375 18.5385417938232 18.6489582061768 18.7156257629395 18.6927089691162 18.5187492370605 18.4385414123535 18.3697929382324 18.4489593505859 18.6375007629395 18.642707824707 18.6239585876465
19.154167175293 19.169792175293 19.185417175293 19.3020839691162 19.216667175293 19.2395839691162 19 19.0302085876465 19.0791664123535 18.9750003814697 18.9812507629395 18.9020843505859 18.689582824707 18.6812496185303 18.6656246185303 18.7510414123535 18.7937507629395 19.048957824707 19.3083343505859 19.5375003814697 19.7374992370605 19.9562492370605 20.0395832061768 19.9947910308838 19.84375 19.5708332061768 19.3125 19.298957824707 19.0218753814697 18.9385414123535 18.7802085876465 18.7041664123535 18.515625 18.451042175293 18.4260406494141 18.3760414123535 18.6187496185303 18.685417175293 18.6281242370605 18.5687503814697 18.5083332061768 18.502082824707 18.576042175293 18.5166664123535 18.4614582061768 18.4177074432373
19.53125 19.439582824707 19.451042175293 19.3114585876465 19.1531257629395 19.0979156494141 19.0906257629395 19.1395835876465 19.171875 19.1843757629395 19.1656246185303 18.8875007629395 18.8812503814697 18.875 18.8333339691162 18.8364582061768 19.017707824707 19.1322917938232 19.4572906494141 19.6802082061768 19.8500003814697 20.060417175293 20.1187496185303 20.0562496185303 19.8937492370605 19.7135410308838 19.4229164123535 19.3197917938232 19.1468753814697 19.0750007629395 18.9541664123535 18.6791667938232 18.59375 18.3656253814697 18.326042175293 18.3552074432373 18.4677085876465 18.3333339691162 18.3083343505859 18.3385410308838 18.2625007629395 18.5208339691162 18.5541667938232 18.6104164123535 18.6124992370605 18.4489593505859
19.8812503814697 19.8958339691162 19.6510410308838 19.5 19.4624996185303 19.4145832061768 19.3187503814697 19.3624992370605 19.2781257629395 19.3010406494141 19.2093753814697 19.0791664123535 19.1010417938232 19.0510406494141 19.0197925567627 19.060417175293 19.1239585876465 19.2270832061768 19.5343742370605 19.6760406494141 19.892707824707 20.080207824707 20.267707824707 20.0864582061768 19.8447914123535 19.638542175293 19.5364589691162 19.3687496185303 19.2281246185303 19.0718746185303 18.9416675567627 18.9052085876465 18.7260417938232 18.4447917938232 18.4145832061768 18.3854160308838 18.390625 18.3895835876465 18.2468757629395 18.2124996185303 18.1218738555908 18.2541675567627 18.4604167938232 18.4291667938232 18.5812492370605 18.6437492370605
20.002082824707 19.9572906494141 19.8166656494141 19.6499996185303 19.7072925567627 19.6937503814697 19.5718746185303 19.515625 19.4593753814697 19.3635406494141 19.3947906494141 19.4156246185303 19.3229160308838 19.2822914123535 19.267707824707 19.1791667938232 19.2822914123535 19.3291664123535 19.5218753814697 19.7312507629395 19.8802089691162 20.0458335876465 20.076042175293 19.9729156494141 19.8385429382324 19.6312503814697 19.5437507629395 19.3385429382324 19.1833324432373 19.1104164123535 18.9791660308838 18.8697910308838 18.7937507629395 18.654167175293 18.5416660308838 18.4791660308838 18.377082824707 18.2312507629395 18.1000003814697 18.0499992370605 18.1677074432373 18.3229160308838 18.4249992370605 18.5458335876465 18.591667175293 18.6031246185303
20.1822910308838 20.2281246185303 20.2270832061768 19.984375 19.8760414123535 19.826042175293 19.8822917938232 19.7531261444092 19.6593742370605 19.6083335876465 19.6468753814697 19.5614585876465 19.4916667938232 19.419792175293 19.3875007629395 19.3635425567627 19.3875007629395 19.3895835876465 19.4812507629395 19.6843757629395 19.7885417938232 19.9291667938232 19.9229164123535 19.8020839691162 19.7572917938232 19.701042175293 19.5729160308838 19.4125003814697 19.3031253814697 19.1458339691162 19.0552082061768 18.9208335876465 18.9125003814697 18.810417175293 18.6260414123535 18.3135414123535 18.2250003814697 18.1510410308838 18.0166664123535 18.0270824432373 18.1416664123535 18.107292175293 18.357292175293 18.580207824707 18.6708335876465 18.8447914123535
