input_data/future_climate/CNMR_126/_bio13_a.asc
ncols  331
nrows  193
xllcorner  17.833372883333
yllcorner  37.9999896166667
cellsize 0.1666667
NODATA_value  -9999
[rows 0 to 30 of 193, columns 213 to 283 of 331]
-9999 -9999 -9999 -9999 -9999 -9999 -9999 -9999 -9999 -9999 -9999 -9999 -9999 -9999 -9999 -9999 -9999 -9999 -9999 -9999 -9999 -9999 -9999 -9999 -9999 -9999 -9999 -9999 -9999 -9999 -9999 45.2222213745117 45.875 46.5 47.0625 47.25 47.4375 47.8125 47.5625 47.0833320617676 47.2222213745117 48 -9999 -9999 -9999 -9999 -9999 -9999 -9999 -9999 -9999 -9999 -9999 -9999 -9999 -9999 -9999 -9999 -9999 -9999 -9999 -9999 -9999 -9999 -9999 -9999 -9999 -9999 -9999 -9999 -9999
-9999 -9999 -9999 -9999 -9999 -9999 -9999 -9999 -9999 -9999 -9999 -9999 -9999 -9999 -9999 -9999 -9999 -9999 -9999 -9999 -9999 -9999 -9999 -9999 -9999 -9999 -9999 -9999 -9999 -9999 -9999 -9999 46 46.6666679382324 46.4000015258789 46.8461532592773 47.25 48.0625 48.5625 48.5 49.4375 48.875 48.0909080505371 47 48 49.75 48.3333320617676 49.3333320617676 57 -9999 -9999 -9999 -9999 -9999 -9999 -9999 -9999 -9999 -9999 -9999 -9999 -9999 -9999 -9999 -9999 -9999 -9999 -9999 -9999 -9999 -9999
-9999 -9999 -9999 -9999 -9999 -9999 -9999 -9999 -9999 -9999 -9999 -9999 -9999 -9999 -9999 -9999 -9999 -9999 -9999 -9999 -9999 -9999 -9999 -9999 -9999 -9999 -9999 -9999 -9999 -9999 -9999 -9999 -9999 -9999 -9999 -9999 46 47 47.6875 48.5625 49 48.5625 48.8571434020996 47.6666679382324 50.6428565979004 52.1875 52.0625 51.8125 51.9230766296387 51.9166679382324 53.1818199157715 53.5 54.25 54 54.5 55.25 55.75 56.25 56 57 -9999 -9999 -9999 -9999 -9999 -9999 -9999 -9999 -9999 -9999 -9999
-9999 -9999 -9999 -9999 -9999 -9999 -9999 -9999 -9999 -9999 -9999 -9999 -9999 -9999 -9999 -9999 -9999 -9999 -9999 -9999 -9999 -9999 -9999 -9999 -9999 -9999 -9999 -9999 -9999 -9999 -9999 -9999 -9999 -9999 -9999 -9999 -9999 -9999 -9999 48 48 49.2000007629395 50 50.8125 51.5625 52.8125 52.5 53.1875 54.1875 54.6875 55.5 55.875 56.9375 57.875 58.125 58.125 58.1875 58.8125 59.6875 60.125 60.375 61.230770111084 61.5 62.375 63 63 -9999 -9999 -9999 -9999 -9999
-9999 -9999 -9999 -9999 -9999 -9999 -9999 -9999 -9999 -9999 -9999 -9999 -9999 -9999 -9999 -9999 -9999 -9999 -9999 -9999 -9999 -9999 -9999 -9999 -9999 -9999 -9999 -9999 -9999 -9999 -9999 48 49 -9999 -9999 -9999 -9999 -9999 -9999 -9999 -9999 50 51.5 52.25 53 53.5 53.9375 55.4375 55.6875 56.125 57.5 59.0625 60 60.125 59.625 60.3125 61.25 62.3125 62.5 63.25 64.25 64.625 64.875 64.9375 65 65.25 65.466667175293 66.3000030517578 66.1999969482422 -9999 -9999
-9999 -9999 -9999 -9999 -9999 -9999 -9999 -9999 -9999 -9999 -9999 -9999 -9999 -9999 -9999 -9999 -9999 -9999 -9999 -9999 -9999 -9999 -9999 -9999 -9999 -9999 -9999 -9999 -9999 -9999 -9999 -9999 49 48.5714302062988 49.4285697937012 49.375 -9999 -9999 -9999 -9999 -9999 -9999 -9999 51.875 52.8125 54.375 55.4375 56.5625 57.0625 57.3125 57.8125 59.125 60.125 61.1875 61.1875 62.4375 63.5625 63.75 63.8125 64.5625 64.8125 65.25 65.8125 65.8125 66.625 68.0625 68.1875 68.3125 68.1333312988281 68.1538467407227 68
-9999 -9999 -9999 -9999 -9999 -9999 -9999 -9999 -9999 -9999 -9999 -9999 -9999 -9999 -9999 -9999 -9999 -9999 -9999 -9999 -9999 -9999 -9999 -9999 -9999 -9999 -9999 -9999 -9999 -9999 -9999 -9999 -9999 -9999 -9999 50.5999984741211 -9999 -9999 -9999 -9999 -9999 -9999 -9999 51.5 51.2857131958008 53 54.625 55.9375 56.625 59.0625 59.9375 60.9375 60.6875 61.4375 62.375 63.125 64.4375 65.1875 65.875 65.5 65.5 65.8125 66.5625 67.4375 68 68.625 69.875 70.625 70.875 70.875 71.4375
53.75 54.7000007629395 54.7000007629395 55.3636360168457 58.625 57.25 55 54.1666679382324 55 53.3333320617676 53 52 52.4285697937012 54.5999984741211 -9999 -9999 -9999 -9999 -9999 -9999 -9999 -9999 -9999 -9999 -9999 -9999 -9999 -9999 51 51.25 51 51.1818199157715 51.3571434020996 51.5 51.625 51.6666679382324 -9999 -9999 -9999 -9999 -9999 -9999 -9999 -9999 53.5 54.1666679382324 54.5625 55.8125 57.0625 58.3125 59.75 60.25 60.75 61.4375 63.125 63.6875 64.4375 64.5625 65.625 67.0625 67.75 67.9375 67.8125 69.25 69.625 70.6875 71.5 72.9375 73.9375 74.8125 75.5
55.25 55.3125 55.25 54.8571434020996 -9999 53 53.75 -9999 -9999 -9999 -9999 -9999 -9999 -9999 -9999 -9999 -9999 -9999 -9999 -9999 -9999 -9999 -9999 51.75 51 51.7272720336914 52 52.2000007629395 52.1875 52.1875 52.5625 52.6875 52.6875 52.75 52.375 52.5625 52.8333320617676 -9999 -9999 55 55 55 55 54.3333320617676 54.9333343505859 55.5625 55.8125 56.1875 57.375 57.8125 58.8125 60.25 61.25 61.5 62.375 63.5 63.9375 64.6875 65.875 66.75 67.8125 68.875 69.3125 70.4375 72.1875 74.25 76.1875 77 77.125 77.75 77.9375
56.6875 56.25 56.7142868041992 56.3333320617676 -9999 -9999 -9999 -9999 -9999 -9999 -9999 53 53.5714302062988 53.625 53.4444427490234 53.0714302062988 53.1333351135254 53.8181800842285 53.7000007629395 53 53.0833320617676 52.3333320617676 52 51.5999984741211 51.7999992370605 52.25 53.25 54.0625 54.125 54.3125 54.75 54.6875 54.5625 54.4375 54 53.6666679382324 -9999 -9999 54 55 56.0625 56 56.125 56.3125 56.75 57.625 57.75 57.375 58.1875 59.6875 59.9375 60.1875 61.75 62.6875 63.25 63.3125 63.5625 65.1875 66.5 67.875 68.5625 70.0625 71.5625 72.5 74.3125 76.5625 78.0625 79.5625 80.25 80.1875 81.4375
57.6875 57.5625 57.2000007629395 56.769229888916 -9999 -9999 56 -9999 -9999 55 54.461540222168 54.5 54.5 54.8125 55.8125 56.0625 55.875 55.4375 54.75 53.9375 53.3125 53.3125 52.8125 53 53 53.6875 54.375 55.5 55.25 55.375 55.4375 55.5625 56.125 56.125 55.5625 56 56 -9999 56 55.5999984741211 56.125 56.6875 56.9375 57.625 57.8125 58.25 59.3125 59.6875 59.5 60.1875 61.25 61.5625 61.5625 62.1875 62.75 63.5625 64.125 65.0625 66.1875 67.75 69.375 71.4375 72.4375 74.3125 75.8125 78.0625 80.25 81.5 82.5 82.375 81.875
59 58.6666679382324 58.5999984741211 57.5833320617676 57.2000007629395 56.75 57 56.7000007629395 -9999 55.6428565979004 55.625 55.75 55.625 56 55.9375 56.1875 55.25 54.75 54.875 54.3125 54 53.9375 53.875 53.875 53.8125 54.375 55.8125 56.25 55.9375 56.3125 56.625 56.75 56.9375 56.8125 56.5625 56.5625 56.75 56.9375 57.3125 57.1875 57.5 58.25 58.6875 59.125 60 60.125 60.4375 62.3125 62.6875 62.1875 62.5625 63 63.0625 62.875 62.875 62.875 63.5625 65.25 67.0625 68.25 69.5 70.375 71.9375 73.25 75.75 78.4375 81.4375 83.9375 85.875 86.75 85.5625
60.0625 59.75 59.5 59.3125 58.25 58.5625 58.375 57.8125 57.1875 56.875 56.875 57.3125 56.9375 56.5625 56.0625 55.8125 55.4375 55.3125 55.0625 55.0625 54.375 54.25 54.3125 53.9375 53.875 54.375 55.125 56.1875 56.5 56.75 57.4375 57.8125 58.125 58.0625 58.5625 58 57.75 57.75 57.875 58.375 59.5 60.5625 61.125 61.5 61.9375 62.1875 62.5 62.625 63 63.125 63.9375 65.0625 64.8125 64.5625 64.25 64.3125 64.75 65.375 66.8125 67.9375 68.875 69.5 70.625 73.375 75.8125 79.0625 82.75 87.1875 89.5 89.75 88.125
60.875 60.75 60.5625 60.375 60.3125 60.375 60.0625 59.3125 58.75 58.625 58.625 58 57.3125 57 56.75 56.8125 56.8125 56.5625 56.875 57 56.5 55.625 55.0625 54.75 54.25 54.6875 55 55.5 56.125 56.0625 57.1875 58.4375 58.75 59.0625 59.3125 59.0625 59 58.5 58.6875 59.6875 60.4375 60.8125 60.625 61.6875 62.1875 62.25 63.0625 63.5 63.8125 64.8125 65.1875 65.4375 65 65.625 65.4375 65.5 65.375 65.8125 66.375 67.6875 68.8125 69.125 70.4375 72.3125 75.4375 79.4375 84.75 89.5625 92.3125 92.375 90
61.625 61.4375 61.625 61.4375 61.1875 61.1875 61.0625 60.625 59.9375 59.625 59 58.625 58.0625 58.125 58.0625 58 58 57.3125 57 57 56.4375 56.4375 56.25 55.6875 55.5 55.5 55.5 56.375 57.1875 57.4375 57.875 59.1875 59.5625 60.0625 59.875 60.125 60.4375 60.1875 60.1875 61.4375 61.6875 61.75 62.125 63.3125 63.375 63.3125 64.1875 64.75 65.25 66 66.625 66.4375 66.375 66.1875 66 66.25 65.6875 66.0625 67.4375 68.875 69 68.75 69.125 70.5625 73.75 78.125 83.5625 88.75 92.125 92.375 90.625
63 62.8125 62.25 62 61.8125 61.4375 61.375 61.3125 60.1875 59.5625 59.1875 58.625 58.375 58.625 58.375 58.0625 57.9375 57.75 56.75 56.3125 56.4375 56.25 56.4375 56.125 56.8125 56.875 56.875 57.1875 57.75 58.0625 59.1875 60.0625 60.875 61.125 61.4375 61.5625 62.0625 62.1875 61.875 63 62.9375 63.1875 64 64.9375 64.8125 65.25 66.3125 66.6875 66.6875 66.875 66.9375 67.125 67.125 67.3125 67.625 67.6875 67.3125 67.875 68.375 68.4375 68.625 69.3125 69.3125 69.25 71.4375 76.875 81.8125 86.625 89.3125 89.4375 88.875
64.125 63.8125 63.8125 62.875 62.875 62 61.9375 61.3125 60.9375 60.375 60.4375 60.1875 59.5 59.125 58.9375 58.0625 57.5 57.25 57 56.875 56.5 56 56.5625 56.5 56.125 56.4375 56.9375 57.625 58.5 58.5625 59.6875 60.0625 60.6875 61.4375 62 62.375 62.8125 63.5 63.3125 63.8125 64.9375 65.375 66.125 66.4375 66.375 66.125 67.5 67.875 67.875 67.8125 68.125 68.125 67.875 67.625 67.6875 67.875 68.125 68.25 69.25 69.4375 69.875 69.9375 69.3125 70 72.625 76.75 81.0625 84.9375 88.125 89.8125 88.375
64.3125 64.75 65.3125 64.625 63.875 63.5 63.1875 62.75 61.625 61.1875 60.75 59.6875 59.3125 58.75 57.875 57.625 57.75 57.5 56.9375 56.9375 56.75 56.5625 56.75 56.875 57 57.375 58 58.5625 58.6875 59.5 60.25 60.9375 61.375 62.125 62.75 63.3125 64 64.4375 65.125 66.0625 66.5 66.9375 67 67.1875 67.25 67.75 68.5625 68.8125 69 68.375 67.625 67.0625 67.6875 67.5 67.6875 68.8125 69.0625 69.25 70.125 70.375 70.875 71.125 71.875 72.75 74.75 78.25 81.4375 85.625 87.25 89 89.6875
64.4375 64.125 64.8125 64.1875 64.375 63.8125 63.75 62.625 61.625 61.625 60.625 59.6875 59.25 58.875 58.5 58.4375 58.8125 58.25 57.8125 57.625 57.25 57.25 57.875 58.125 58.25 58.6875 59.0625 59.5 59.8125 60.6875 61.625 62.375 62.75 63.125 63.9375 64.625 65.5625 66.5625 67.375 67 67.5 68.125 68.25 68.125 68.375 68.75 68.125 68.9375 68.9375 68.5 68.0625 67.875 68.4375 68.5 69.1875 69.8125 69.625 69.4375 70 70.4375 71.125 71.8125 73 75.25 77.3125 78.8125 80.875 82.6875 84.0625 86.3125 88.375
65 64.75 64.25 64.0625 64.25 64.1875 63.8125 62.8125 62.125 62 61.625 60.75 60.5 60.375 59.4375 59.1875 59.0625 58.9375 58.5 58.375 58 58.125 58.3125 58.875 58.875 59.3125 59.875 60.1875 60.8125 62.375 63.0625 64 64.0625 64.5 65 66.3125 66.9375 67.25 67.75 67.9375 68.5 68.875 69 69.0625 69.1875 68.6875 68.4375 68.0625 68.4375 68.5625 69.375 69.625 69.4375 69.625 70.25 70.625 70.75 70.1875 71 71.375 71.875 72.8125 74.1875 76.3125 78.5625 80.375 81.4375 82.4375 84.75 87.25 92.125
65.5625 65.5625 65.0625 65.125 65.25 65.0625 64.375 63.75 63.1875 62.75 62.4375 62 61.625 60.875 60.1875 60.1875 59.5625 59.3125 59.0625 59.25 59.3125 59.1875 59 59.25 59.75 60.3125 60.75 61.125 62.1875 63.8125 64.5 64.75 65 65.5625 66.25 67 67.75 67.75 68.25 68.875 69.6875 69.75 69.5625 69.75 69.625 69.25 68.9375 68.8125 68.8125 69.0625 69.625 69.4375 70.125 70.625 71 70.8125 70.625 71 71.4375 71.625 72.625 74.5 76.6875 79.375 82.0625 85.5 93.6875 93.5625 88.3125 84.4375 82.4375
65.125 65.25 65.5625 65.3125 65.25 65.125 64.6875 63.625 62.8125 62.375 62.0625 62.0625 61.875 61.625 61.4375 61.1875 60.8125 60.375 60.1875 60.25 60 60.25 60.1875 60.4375 60.5 60.6875 61.25 61.9375 63 64 64.5625 65.5 66 66.3125 67.125 67.25 67.6875 68.6875 69.4375 69.4375 69.8125 69.8125 69.9375 70.125 70.25 70 69.875 69.8125 69.1875 69.0625 68.9375 69 69 69.4375 69.375 69.625 69.875 70.6875 71.875 73.375 76.25 80.9375 87.6875 90.5625 88.9375 85.8125 83.8125 80.875 79.625 78.8125 76.0625
65.5 65.625 65.8125 65.5625 65.4375 65.75 65.3125 64.6875 63.75 62.8125 63.0625 63.125 62.625 62.375 62 61.9375 61.0625 60.6875 60.0625 60.625 60.75 60.75 60.75 60.4375 61.125 61.875 62.5 63.25 64.3125 65.125 65.8125 65.9375 65.9375 67.125 67.4375 68.625 69.5625 69.3125 69.5 70 69.375 69.25 69.9375 70.375 70.625 70.8125 71.0625 70.875 70.5625 70.1875 69.25 69.125 69.3125 69.8125 70.8125 71.125 71.8125 73.1875 74.5 79.625 84.5625 83.625 80.75 79.375 77.75 76.9375 76.5 76.5 76.3125 76 75.625
66.6875 66.625 67.0625 67.3125 66.75 66.5 66 65.625 65.0625 64.75 64.0625 63.6875 63.0625 62.3125 62.125 61.5625 61.25 61.3125 61.5 61.1875 61.375 61.8125 62.0625 62 62.4375 63.3125 64.25 65.625 66.0625 66 66 66.5 67.875 69.5625 69.875 70.1875 70.25 70 69.875 69.8125 70.0625 70 70.1875 71.25 71.6875 72 71.875 71.4375 71.875 71 70.3125 70.4375 70.5625 71.1875 72.625 73.5 75.375 78.5625 82.3125 87.625 86.3125 78.125 76.5 76.8125 75.9375 75.6875 76.4375 76.4375 76.25 76.3125 76.3125
68.125 68.0625 67.75 67.6875 67.25 67.1875 66.5625 65.6875 65.6875 65.1875 64.625 63.875 63.5625 63.3125 63.625 63.1875 62.75 63.1875 63.9375 63.5 62.3125 62.8125 62.625 62.5625 63.3125 64.1875 64.9375 65.4375 65.6875 66.25 67.5625 69.1875 70.375 70.9375 70.8125 69.9375 70.0625 70 69.9375 70.0625 70 70.4375 70.9375 71.9375 72.4375 72.3125 72.25 72.125 71.8125 71.625 71.4375 73.125 73.3125 74.5625 76.0625 78.1875 80.375 82.6875 82.4375 80.625 78.375 75.4375 76.1875 75 75.5625 76.1875 77.1875 77.8125 77.3125 76.625 75.9375
70.375 69.875 69.25 69.0625 69.375 68.875 68.25 67.8125 66.875 65.6875 65.1875 65.3125 65.625 65.1875 64.75 64.5 64.25 64.625 64.375 64.3125 64.4375 64.125 63.75 64.0625 63.75 64.8125 65.3125 66.0625 66.8125 67.625 69.4375 70.5625 70.6875 70.75 70.625 70.8125 70.125 69.9375 70.4375 70.75 71.6875 72.375 73.625 73.375 73.375 73.5625 73.0625 72.8125 74.0625 74.75 75.5625 77.25 77.625 79.3125 82.1875 84.0625 87.125 87.5625 84.4375 79.1875 77.875 76.3125 75.625 76.25 76.6875 77 77.375 77.8125 77.9375 76.5625 75.3125
71.5 70.5625 69.875 70.25 69.625 69.1875 68.5625 67.9375 67.6875 67.25 67.4375 67.75 67.1875 67.0625 66.4375 65.8125 65.5625 65.125 65.125 65.25 65.0625 65.4375 65.5625 65.6875 65.625 66.3125 67.1875 68.0625 68.25 69.25 70.9375 71.5 70.875 70.75 71.125 70.9375 71.125 71.0625 71.8125 72.4375 74.0625 74.875 75.75 76.875 76.5625 77.1875 77.0625 77.1875 79.75 81.5 82.6875 88.9375 91.4375 89.1875 86.4375 86.25 85.5 85.1875 81 78.5 77.1875 77.25 77.4375 77 76.625 76.875 76.8125 76.625 76.9375 76.125 76.375
70.8125 70.4375 70.25 69.8125 69.375 69.0625 68.9375 68.25 68.4375 68.3125 68.625 68.9375 68.625 67.75 67.0625 67.125 67.1875 66.5625 66.25 66.4375 66.25 66.3125 65.9375 66.3125 66.8125 68.5 69.1875 69.75 70.375 71.25 72.0625 72.5625 71.6875 71.3125 72 72.9375 73.9375 77.1875 79.5625 76.3125 80.5 79.4375 79.125 81.1875 80.5 80.0625 81.4375 83.3125 86.5 92.1875 91.6875 90.3125 87.3125 82.5 81.875 80.3125 78.75 78.375 78.25 78.75 78.6875 78.25 78.375 78.8125 78.75 77.5625 77.625 77.3125 76.5 76.1875 76.125
71 70.4375 69.75 69.6875 69.6875 69.5 69.25 69.5625 69.5 69.875 69.875 69.5625 69.375 68.5625 68.1875 68 68.125 68.25 68.125 68.4375 68.1875 68 68.0625 68.875 69.9375 71.0625 71.75 72.3125 72.1875 73.3125 73.875 73.8125 73.25 73.875 75.0625 76.75 78.5625 83.6875 82.5625 88.75 87.4375 84 84.875 87.25 83.5625 85.4375 88.125 94.25 99.25 92.1875 86.125 86.4375 82.8125 80.375 79.125 79.125 79.1875 79.1875 79.9375 79.8125 79.125 79.5 79.5 80.1875 80.75 80.8125 80.8125 78.875 76.5625 76 76.125
71.5 71.5 71.875 71.9375 72.0625 71.9375 71.4375 71.5 71.375 71.625 71.5 71.4375 70.625 70.25 70.1875 70.1875 70.0625 70.375 71.125 71.25 70.8125 71.1875 71.4375 72.25 72.875 73.6875 74 74.5625 74.75 74.375 74.6875 75.1875 76.3125 76.6875 78.5625 80.125 82.25 84.125 93.375 98.625 91.6875 96.125 95.75 92.625 94.75 92.125 91.75 99.6875 96.875 89.75 87.5625 86.5 79.25 78.8125 79.5625 80.3125 81.1875 81.4375 81.0625 81.125 80.9375 79.8125 81.25 81.125 82.4375 82.125 79.625 78.1875 77.3125 77.375 76.9375
72.1875 72.125 72.5 72.0625 72.4375 72.6875 72.625 72.875 72.875 72.75 72.8125 72.625 72.1875 71.9375 72.0625 71.875 71.8125 71.875 72.1875 72.3125 73.0625 73.75 73.6875 73.4375 74 74.6875 75.375 75.75 75.875 75.625 76.125 77.375 78.4375 80.1875 82.375 87.375 92.9375 91.6875 96.8125 100.1875 103.6875 99.4375 96.4375 94.75 92.625 93 94.5 93.5625 92.3125 90.3125 88.9375 84 80.125 80 80.875 81.4375 82.375 81.8125 82.375 82.6875 82.125 80.625 80.8125 80.1875 80.25 79.75 79.0625 78.5 77.8125 77.125 76.875
