input_data/future_climate/CNMR_126/_bio15_a.asc
ncols  331
nrows  193
xllcorner  17.833372883333
yllcorner  37.9999896166667
cellsize 0.1666667
NODATA_value  -9999
[rows 80 to 99 of 193, columns 46 to 91 of 331]
25.6258850097656 24.7746505737305 23.6334362030029 22.6713218688965 22.1300811767578 22.8767738342285 23.7457962036133 24.0698204040527 24.7617816925049 25.4793529510498 26.7684459686279 28.176721572876 29.1376285552979 29.3783779144287 29.7933216094971 29.394344329834 29.0312175750732 28.4519996643066 27.6970233917236 27.3470401763916 26.2844982147217 25.7499370574951 25.9002475738525 25.864408493042 26.2544765472412 26.5040912628174 26.9434394836426 27.5851135253906 28.5116634368896 28.9984550476074 29.2506332397461 29.2650032043457 28.830961227417 28.2650585174561 27.2340049743652 26.6608371734619 26.3928127288818 26.5377330780029 26.7895526885986 27.3758964538574 28.1891765594482 28.0602931976318 27.9160709381104 28.1903228759766 28.3326930999756 28.815128326416
24.8319435119629 24.201114654541 23.4471855163574 22.6522731781006 22.2378883361816 22.5697727203369 23.283784866333 23.8223075866699 24.6782283782959 25.5864086151123 27.1649379730225 28.4558048248291 28.913501739502 28.6762657165527 29.0026073455811 29.1516208648682 28.8296756744385 27.8427295684814 27.4312610626221 26.5503463745117 26.5454959869385 26.4113025665283 26.578727722168 26.2888526916504 26.9572067260742 27.4787311553955 27.8162403106689 28.2886924743652 28.9630966186523 29.9818840026855 30.1666946411133 29.6643466949463 29.0659217834473 28.2263984680176 27.0775241851807 26.0676593780518 25.5049133300781 25.7049751281738 26.1630172729492 27.0215721130371 27.1850833892822 27.5649356842041 28.0629329681396 28.1611804962158 28.5821533203125 28.6863117218018
24.6830577850342 24.3192043304443 23.6305179595947 22.7118549346924 22.4066467285156 22.5869655609131 23.2702026367188 23.9374160766602 24.7986850738525 25.7991962432861 26.9186058044434 27.7955894470215 28.1553211212158 28.2824821472168 28.0899486541748 28.0180835723877 28.0214004516602 27.4313888549805 26.5027141571045 26.4511566162109 26.5820407867432 26.6357173919678 26.5473594665527 26.8750610351563 27.9086971282959 27.7137260437012 28.0467300415039 28.5869960784912 29.3870677947998 29.7806987762451 30.0104751586914 29.8570518493652 29.1745872497559 27.7761249542236 27.1391143798828 26.2508125305176 25.5867366790771 25.9872379302979 26.3552417755127 27.1581726074219 27.1153469085693 27.5810585021973 28.0585193634033 28.3846893310547 28.6884689331055 28.8069629669189
24.4646091461182 24.1773109436035 23.7779922485352 23.2757816314697 23.1009559631348 23.0685214996338 23.4019145965576 23.802791595459 24.8027210235596 25.9678630828857 26.7657127380371 27.2339630126953 27.4513931274414 27.881233215332 27.9971523284912 28.0955429077148 27.8200912475586 27.1654567718506 26.5958118438721 26.0036277770996 25.8123188018799 26.0813770294189 26.3134803771973 27.1883544921875 28.156795501709 28.0764560699463 28.2047367095947 28.7678623199463 29.7305355072021 30.278938293457 30.6497192382813 29.7939472198486 28.4253330230713 27.4716110229492 26.8301448822021 26.6944465637207 26.1424083709717 26.2544364929199 26.2423667907715 27.0457458496094 27.3068828582764 27.2705669403076 28.3246154785156 28.2813320159912 28.4627914428711 28.3472862243652
24.7347850799561 24.4882984161377 24.408878326416 24.2596263885498 24.0434494018555 23.9877185821533 24.3398685455322 24.3622646331787 24.8964538574219 25.6887130737305 26.4932022094727 27.048900604248 27.1688194274902 27.4376659393311 27.5662136077881 27.3574829101563 27.3662986755371 26.843599319458 26.766637802124 25.912540435791 25.9636573791504 26.1126041412354 26.6668968200684 27.6239166259766 27.7088470458984 28.1180801391602 28.6945972442627 29.6119136810303 30.0579738616943 30.5074424743652 30.1757488250732 29.9650897979736 28.9723529815674 28.2669143676758 27.5067825317383 26.916690826416 26.7589893341064 26.1315422058105 26.4541492462158 27.193229675293 27.5239543914795 28.043872833252 28.3297443389893 28.0606880187988 28.257719039917 28.4291095733643
24.8374481201172 24.6003646850586 24.5199279785156 24.7340087890625 24.7961578369141 24.9486179351807 25.4274559020996 25.1105785369873 25.4195384979248 25.8047847747803 26.3764324188232 26.6959991455078 27.1041793823242 27.4657001495361 27.4389495849609 26.8451614379883 26.8074321746826 26.9243431091309 26.486442565918 26.0783615112305 26.2174491882324 25.9515743255615 26.3568019866943 27.409086227417 27.8494129180908 28.467643737793 29.1075782775879 29.300910949707 29.8041534423828 30.235782623291 30.1867408752441 29.3582935333252 28.7874317169189 28.1037368774414 27.1997108459473 26.754264831543 26.5590972900391 26.658332824707 27.054386138916 27.5981941223145 27.9355449676514 28.1480484008789 28.2762413024902 28.2633190155029 27.979471206665 28.2803649902344
24.8676471710205 24.6291599273682 25.0298824310303 25.340087890625 25.6209087371826 25.4422359466553 25.1817321777344 25.2486763000488 25.3302040100098 25.4149608612061 26.1897964477539 26.840015411377 27.3533210754395 27.5757846832275 27.4174022674561 26.8100357055664 26.3095855712891 26.2251148223877 26.0221710205078 25.9589424133301 26.0376110076904 26.4849414825439 26.9148750305176 27.3856296539307 27.5748157501221 28.0983142852783 29.2157535552979 29.0699634552002 29.1640033721924 29.4594573974609 29.1751365661621 28.8804893493652 28.6327457427979 28.5690364837646 27.8093318939209 27.3571605682373 27.5274219512939 26.9473991394043 27.3463363647461 26.9894580841064 27.534818649292 28.0275173187256 28.175235748291 28.2909297943115 28.4915447235107 28.7177715301514
24.7798347473145 24.6116313934326 24.8050594329834 25.3193626403809 25.7901058197021 25.5194053649902 24.8486785888672 24.5117073059082 24.7563285827637 25.262035369873 25.6177425384521 26.7542877197266 27.227689743042 27.36789894104 27.4873065948486 27.027925491333 26.5143222808838 26.247709274292 26.0092830657959 25.69287109375 25.758472442627 26.019889831543 26.4020042419434 26.8241214752197 27.4003372192383 27.6096363067627 28.3624229431152 28.7625885009766 29.0657215118408 29.4459629058838 29.4171237945557 28.93088722229 28.5865364074707 28.0871829986572 27.8484401702881 27.3121166229248 26.8862190246582 27.0872688293457 27.6743488311768 27.9267902374268 27.9218711853027 27.7681999206543 27.8089447021484 28.1060390472412 28.0760593414307 28.4079723358154
24.9430751800537 24.7519035339355 24.8049564361572 25.2616310119629 25.3916511535645 24.495626449585 24.010950088501 24.1941547393799 24.7440757751465 25.5519580841064 25.8061618804932 26.9851417541504 27.4959011077881 27.8061771392822 27.8288707733154 27.1026916503906 26.7911949157715 26.7246932983398 26.2664413452148 25.8304996490479 25.6888236999512 25.8626480102539 26.4267978668213 26.4724349975586 26.8142719268799 27.6199436187744 28.0158348083496 28.6894702911377 29.1394004821777 28.9004173278809 28.7383975982666 28.7812957763672 28.8373851776123 28.5873470306396 27.8928318023682 27.2051620483398 27.2182159423828 27.4762306213379 27.5969200134277 27.608341217041 27.2169437408447 27.1086711883545 27.4521713256836 28.25732421875 28.2487468719482 28.7484664916992
24.5974311828613 24.8076248168945 24.427490234375 23.3377552032471 22.3714256286621 22.0953407287598 22.580961227417 23.3323974609375 23.907621383667 25.0280075073242 26.2332859039307 27.082067489624 27.8861312866211 28.034538269043 27.8694133758545 27.7849674224854 26.9643287658691 26.3448810577393 25.8621597290039 25.4562320709229 25.4816570281982 25.6841640472412 26.2311096191406 26.3307342529297 26.7531967163086 27.1879806518555 27.906078338623 28.3585891723633 28.4944534301758 28.1928462982178 28.2879161834717 28.4249992370605 28.0574378967285 27.8248310089111 27.6922168731689 27.4787940979004 27.7835426330566 27.6162757873535 26.9837951660156 26.8721485137939 26.9836235046387 27.1906623840332 27.7626075744629 28.0142498016357 28.3812236785889 28.4308891296387
24.0402050018311 23.6745738983154 23.5960063934326 21.7756690979004 20.5179824829102 20.3822441101074 20.9328765869141 22.1073951721191 23.2655391693115 24.5433654785156 25.9685535430908 27.1256618499756 27.8944492340088 28.6967086791992 28.5070781707764 28.1907558441162 27.6059322357178 26.4059391021729 26.0472545623779 25.4142513275146 25.1811828613281 25.3176383972168 25.9543075561523 26.5370559692383 26.7384376525879 26.8253688812256 27.2995223999023 27.5972862243652 27.8364906311035 28.2334251403809 28.3904418945313 28.322546005249 28.3862838745117 28.2399272918701 28.0657711029053 27.5740222930908 27.462366104126 27.5593109130859 26.886287689209 26.5987529754639 26.9087162017822 27.7263164520264 28.1904678344727 28.8117542266846 28.169828414917 28.091890335083
23.8754482269287 23.328987121582 22.4826946258545 21.9035472869873 20.7821769714355 20.5817718505859 21.05686378479 21.3467426300049 22.6026191711426 24.2669429779053 25.7019271850586 27.2101001739502 28.2174301147461 29.4290676116943 29.3817081451416 28.4677486419678 27.5598831176758 26.5017700195313 25.5682754516602 25.0250720977783 25.1223030090332 25.1640090942383 25.4595108032227 25.7296237945557 25.9878959655762 26.6155109405518 27.0462303161621 27.4970321655273 28.2653293609619 28.4581432342529 28.4694385528564 28.5203113555908 28.3739738464355 28.0579414367676 28.100133895874 27.6787624359131 27.4090156555176 26.9557628631592 27.1173439025879 27.0725860595703 27.1382312774658 27.7323436737061 28.1561508178711 28.6313457489014 28.6389808654785 28.4148178100586
23.6437911987305 23.287223815918 22.7534790039063 22.1346588134766 21.9261474609375 21.0937042236328 21.0737648010254 21.7448997497559 23.4075298309326 24.8296127319336 25.97194480896 27.1980285644531 27.8840084075928 29.1501560211182 29.113582611084 28.3722991943359 27.2543640136719 26.3637313842773 25.636251449585 24.8765735626221 24.5691833496094 24.5621356964111 24.9984703063965 25.4086399078369 25.9735088348389 26.7336463928223 27.1051292419434 27.4452743530273 27.9879169464111 28.1975116729736 28.1745681762695 28.5891075134277 28.5734481811523 28.1574687957764 28.4060173034668 28.1632385253906 27.1724128723145 26.8101005554199 26.800687789917 26.9100723266602 27.2094326019287 27.5547885894775 28.3607044219971 29.3037281036377 29.185022354126 28.6608848571777
23.0865745544434 23.0849494934082 23.1395320892334 22.879566192627 22.6530113220215 22.4167289733887 22.0071601867676 22.9649257659912 24.2493095397949 25.2916488647461 26.106466293335 27.0919189453125 27.8781051635742 28.5072822570801 28.4075698852539 27.7260627746582 27.013858795166 25.9681053161621 25.5601577758789 25.13987159729 24.9379482269287 25.1305274963379 25.0429344177246 25.2525768280029 26.019962310791 26.8398151397705 27.0666618347168 27.5303535461426 27.9058456420898 28.4324417114258 28.3054981231689 28.4960136413574 28.5560264587402 28.1665153503418 28.073371887207 27.8770713806152 26.934268951416 26.8695011138916 27.09397315979 27.1888542175293 27.9234256744385 28.2093677520752 28.6068420410156 29.1562271118164 29.2513370513916 28.8025932312012
22.9393062591553 23.2873554229736 23.5233421325684 23.3551654815674 22.9189109802246 22.6685447692871 22.776481628418 23.937162399292 25.0673599243164 25.6587429046631 26.2250804901123 26.7061214447021 27.3614101409912 27.6133594512939 27.8691577911377 27.3456153869629 26.4711151123047 25.5181941986084 25.5487079620361 24.9811248779297 24.8353290557861 25.0806350708008 25.3842277526855 25.8549671173096 26.443775177002 27.0459384918213 27.6351528167725 28.1461753845215 28.4258213043213 28.8900985717773 28.6284809112549 29.1136703491211 28.8993892669678 28.3975620269775 27.6884689331055 27.1324462890625 27.0397815704346 27.1895771026611 27.4765453338623 27.6227359771729 28.0974674224854 28.4726066589355 29.0242252349854 29.6945381164551 30.0700035095215 29.6505241394043
23.129602432251 23.5559482574463 23.472038269043 23.1233291625977 22.9311428070068 22.947021484375 22.9687023162842 23.3272151947021 24.4176979064941 25.3962020874023 26.4006214141846 26.356237411499 26.5313663482666 26.7012939453125 27.3512916564941 26.974796295166 26.4849243164063 25.9475116729736 25.4871120452881 24.904239654541 25.3498630523682 25.8925018310547 26.0751991271973 26.422384262085 26.4123115539551 26.793270111084 27.662410736084 28.464391708374 28.6562690734863 29.0299625396729 29.1911220550537 29.2137699127197 28.8746109008789 28.471227645874 28.1486759185791 27.667459487915 27.3840427398682 27.3358268737793 27.6814785003662 28.069299697876 28.5121898651123 28.939208984375 29.7271823883057 30.3183288574219 30.7177219390869 30.4659557342529
22.4658012390137 22.557689666748 22.6828880310059 22.5486602783203 22.7863082885742 23.0997524261475 23.186222076416 23.4485492706299 24.044677734375 24.7306842803955 25.2361793518066 25.6061305999756 26.0399856567383 26.3625736236572 26.7680072784424 26.824914932251 26.4685840606689 26.2029914855957 25.7125339508057 25.353588104248 25.2944889068604 25.4314460754395 25.9333190917969 26.4944686889648 27.0289001464844 26.6453075408936 27.1691818237305 28.0882873535156 28.5807571411133 28.9896602630615 28.8011989593506 29.0311698913574 28.6278629302979 28.4991397857666 28.1095790863037 27.5308132171631 27.1744136810303 27.4509696960449 27.6101951599121 27.9509658813477 28.7684631347656 29.6141757965088 30.6499080657959 31.8412570953369 31.9171810150146 30.9919281005859
22.3116874694824 22.3816738128662 22.2032508850098 22.3499317169189 22.5039215087891 23.3178119659424 23.9994697570801 23.8662490844727 24.1355457305908 24.368049621582 24.5676307678223 24.8833312988281 25.729175567627 26.9237976074219 27.3056335449219 27.8146514892578 27.2995910644531 26.7150001525879 26.0419139862061 25.2967472076416 25.413215637207 25.6897773742676 26.1012001037598 26.4773941040039 26.7953929901123 27.2296371459961 27.5016212463379 27.8245372772217 28.2813053131104 28.5931968688965 28.3199729919434 28.1993579864502 27.7424163818359 27.9527683258057 27.5856914520264 27.4711742401123 27.4668025970459 27.4089279174805 28.2855415344238 28.3158340454102 29.0744647979736 29.7135410308838 30.644962310791 31.3290042877197 31.5800476074219 31.2402305603027
22.3423233032227 21.9437484741211 21.6197128295898 21.7993812561035 22.4810390472412 23.4377250671387 23.7996692657471 23.7132339477539 24.1484470367432 24.4145908355713 24.2985820770264 24.855281829834 25.6826572418213 26.4284744262695 26.8633575439453 27.8902072906494 27.9739551544189 27.5721054077148 26.4999465942383 25.9169330596924 25.7680225372314 26.0580635070801 26.4060745239258 26.8190040588379 27.0376434326172 27.34401512146 27.3074817657471 27.5945262908936 27.9426288604736 28.1959247589111 27.4580745697021 27.3710746765137 27.3313961029053 27.9208087921143 27.9909000396729 27.7801322937012 27.7158870697021 27.7725830078125 28.0555095672607 28.6083087921143 28.8726425170898 29.3893489837646 30.2250137329102 31.0404529571533 30.8821392059326 29.6944141387939
22.3045864105225 21.1235504150391 20.9104690551758 21.9187431335449 22.4212532043457 23.4087181091309 24.0129280090332 24.3332595825195 25.1396903991699 24.9805164337158 25.3519535064697 25.36647605896 26.1278095245361 26.8480129241943 27.6947174072266 28.7676906585693 28.9528121948242 27.9281578063965 27.1613636016846 26.510627746582 26.4844760894775 26.6981468200684 27.285795211792 27.9071979522705 27.0979499816895 27.3828964233398 27.0716896057129 26.5826320648193 26.7758655548096 27.2605800628662 27.3773136138916 27.346736907959 27.1476421356201 27.4427433013916 27.1725311279297 27.3538112640381 27.2603187561035 27.3227939605713 27.6241550445557 27.7657833099365 28.1076412200928 28.7011966705322 28.8063831329346 29.4134159088135 29.7126560211182 28.9978313446045
