input_data/future_climate/CNMR_126/_bio10_a.asc
ncols  331
nrows  193
xllcorner  17.833372883333
yllcorner  37.9999896166667
cellsize 0.1666667
NODATA_value  -9999
[rows 126 to 146 of 193, columns 46 to 91 of 331]
19.4302082061768 19.705207824707 19.9249992370605 20.2156257629395 20.2468757629395 20.078125 20.1781253814697 20.0906257629395 19.9895820617676 19.955207824707 19.7197914123535 19.7531242370605 19.9479160308838 20.0874996185303 20.2333335876465 20.486457824707 20.705207824707 20.8322906494141 20.6312503814697 20.357292175293 20.15625 20.1083335876465 20.0822906494141 20.3895835876465 20.6489582061768 21.1260414123535 21.65625 22.1239585876465 21.9145832061768 21.6802082061768 21.2177085876465 20.7541656494141 20.6239585876465 20.638542175293 20.6166667938232 20.7145824432373 20.7072906494141 20.6749992370605 20.8666667938232 20.8958339691162 20.986457824707 21.34375 21.8687496185303 22.4572925567627 22.8708324432373 23.453125
19.6635417938232 20.0406246185303 20.1749992370605 20.2625007629395 20.4937496185303 20.5093746185303 20.4093742370605 20.1791667938232 20.0354156494141 19.9031257629395 19.7645835876465 19.8468742370605 20.0895824432373 20.1937503814697 20.2895832061768 20.5854167938232 20.5989589691162 20.6468753814697 20.7000007629395 20.5656242370605 20.392707824707 20.1666660308838 19.9729156494141 20.2666664123535 20.591667175293 20.84375 21.189582824707 21.4697914123535 21.4937496185303 21.341667175293 21.2625007629395 21.1468753814697 20.9875011444092 20.953125 20.90625 20.767707824707 20.6124992370605 20.6666660308838 20.8875007629395 20.8864574432373 21.2927093505859 21.5114593505859 21.658332824707 22.2062492370605 22.6822929382324 23.154167175293
20.0979156494141 20.2614574432373 20.529167175293 20.5697917938232 20.734375 20.7760410308838 20.935417175293 20.3968753814697 20.154167175293 20.1218757629395 20.0031242370605 20.1552085876465 20.3218746185303 20.5833339691162 20.703125 20.8312492370605 20.8239593505859 20.6145839691162 20.5302085876465 20.5385417938232 20.4479160308838 20.4229164123535 20.326042175293 20.2458343505859 20.3531246185303 20.6375007629395 20.8958339691162 20.9968757629395 21.25 21.3999996185303 21.330207824707 21.419792175293 21.4291667938232 21.3968753814697 21.4250011444092 21.3520832061768 21.111457824707 21.0895843505859 21.1468753814697 21.2333335876465 21.3812503814697 21.5479164123535 21.703125 22.2979164123535 22.685417175293 23.0041656494141
20.3843746185303 20.6552085876465 20.8843746185303 21.002082824707 20.9427089691162 21.107292175293 21.279167175293 21.1499996185303 20.669792175293 20.5052089691162 20.4968757629395 20.6812496185303 20.9145832061768 21.029167175293 21.125 21.2197914123535 21.03125 20.8354167938232 20.7354164123535 20.4812507629395 20.4406261444092 20.3843746185303 20.4489593505859 20.4572906494141 20.5125007629395 20.6260414123535 20.7281246185303 20.8791656494141 21.1885414123535 21.4958324432373 21.607292175293 21.828125 21.7406253814697 21.783332824707 21.9166660308838 21.84375 21.7062492370605 21.4895820617676 21.5249996185303 21.7458324432373 21.9854164123535 21.8822917938232 22.111457824707 22.341667175293 22.6499996185303 22.8874988555908
20.669792175293 20.9885406494141 20.8374996185303 20.4937496185303 20.8552093505859 21.1416664123535 21.3937492370605 21.1937503814697 20.703125 20.4343757629395 20.5062503814697 20.7124996185303 21.142707824707 21.453125 21.4020824432373 21.4833335876465 21.3781242370605 21.2218742370605 20.9874992370605 20.8031253814697 20.4947910308838 20.5239582061768 20.4156246185303 20.4645824432373 20.5520839691162 20.6666660308838 20.7385425567627 20.9250011444092 21.3427085876465 21.484375 21.8239574432373 22.09375 22.357292175293 22.4406242370605 22.5874996185303 22.6822910308838 22.4656257629395 22.1187496185303 21.9302082061768 21.9375 22.1416664123535 22.2749996185303 22.3531246185303 22.4291667938232 22.5677089691162 22.7770824432373
20.0385417938232 20.34375 21.1187496185303 21.2958335876465 21.546875 21.5750007629395 21.5395832061768 21.4500007629395 21.2458343505859 21.0052089691162 20.9885406494141 21.091667175293 21.1927089691162 21.482292175293 21.4677085876465 21.671875 21.794792175293 21.6937503814697 21.466667175293 21.03125 20.6531238555908 20.482292175293 20.5145835876465 20.671875 20.591667175293 20.6156253814697 20.9437503814697 21.3531246185303 21.7197914123535 21.935417175293 22.0677089691162 22.3031253814697 22.7614574432373 22.8843746185303 23.2072925567627 23.3364582061768 22.9156246185303 22.5552082061768 22.205207824707 22.236457824707 22.3020839691162 22.4874992370605 22.4989585876465 22.4343757629395 22.5364589691162 22.6937503814697
19.627082824707 20.203125 20.5125007629395 20.7562503814697 21.1781253814697 21.515625 21.7802085876465 21.8760414123535 21.734375 21.7427082061768 21.484375 21.5552082061768 21.591667175293 21.7260417938232 21.7885417938232 21.8114585876465 21.6312503814697 21.90625 21.953125 21.5968742370605 21.0416660308838 20.8687496185303 20.6239585876465 20.7291660308838 20.7916660308838 20.9927082061768 21.201042175293 21.4791660308838 21.8875007629395 22.1802082061768 22.4906253814697 22.8406257629395 23.0239582061768 23.1499996185303 23.3718757629395 23.3708324432373 23.125 22.7531242370605 22.4906253814697 22.595832824707 22.6322917938232 22.6729164123535 22.6020832061768 22.4989585876465 22.7177085876465 22.890625
18.548957824707 19.8958339691162 20.6260414123535 20.8875007629395 21.138542175293 21.752082824707 22.0989589691162 22.201042175293 22.1479167938232 22.0354175567627 21.9427089691162 21.767707824707 21.7697906494141 21.9031257629395 21.9020843505859 22.0593757629395 22.0520839691162 21.7770843505859 21.455207824707 21.6572914123535 21.4302082061768 21.3718757629395 21.0927085876465 20.8739585876465 21.0531253814697 21.2302093505859 21.4562492370605 21.7895832061768 22.1177082061768 22.404167175293 22.564582824707 22.841667175293 23.095832824707 23.4208335876465 23.4322910308838 23.4375 23.4635410308838 23.1968746185303 22.9572906494141 22.7708339691162 22.7177085876465 22.845832824707 22.8083343505859 22.7437496185303 22.779167175293 23.0041675567627
17.34375 18.6802082061768 20.685417175293 21.064582824707 20.9989585876465 21.5614585876465 22.0812492370605 22.4208335876465 22.2447929382324 22.2124996185303 22.3197917938232 22.1510410308838 22.1031246185303 22.0145835876465 22.0927085876465 22 21.9958324432373 22.2229175567627 21.6822929382324 21.5677089691162 21.6458339691162 21.732292175293 21.5218753814697 21.423957824707 21.2687492370605 21.3531246185303 21.6468753814697 22.0208339691162 22.330207824707 22.4770832061768 22.701042175293 22.8989582061768 23.1989574432373 23.482292175293 23.6447925567627 23.529167175293 23.470832824707 23.4281253814697 23.279167175293 23.15625 22.955207824707 23.0166664123535 22.8125 22.8177089691162 22.9729175567627 23.0874996185303
18.1937503814697 18.685417175293 20.076042175293 20.9656257629395 21.5364589691162 21.6510410308838 21.8072910308838 21.7270832061768 22.4572906494141 22.564582824707 22.6052074432373 22.5864582061768 22.4927082061768 22.3802089691162 22.2625007629395 22.3958339691162 22.4145832061768 22.5874996185303 22.7447910308838 22.2604160308838 21.828125 22.03125 21.9895839691162 21.875 21.5854167938232 21.6729164123535 21.8406257629395 22.1375007629395 22.5625 22.7458324432373 22.859375 23.0166664123535 23.1458339691162 23.3718757629395 23.6906242370605 23.640625 23.4677085876465 23.6239585876465 23.4208335876465 23.3947906494141 23.1781253814697 23.0406246185303 22.8343753814697 22.9114589691162 23.076042175293 23.1041679382324
16.5729160308838 18.140625 18.890625 20.3364582061768 21.3343753814697 21.5125007629395 21.6312503814697 21.3666667938232 22.3395824432373 22.830207824707 22.955207824707 22.7614574432373 22.7229156494141 22.7020835876465 22.4781246185303 22.0520839691162 22.1791667938232 22.2875003814697 22.6010417938232 22.7697925567627 22.4729156494141 22.5354175567627 22.4281253814697 22.1260414123535 21.841667175293 21.9770832061768 22.0770835876465 22.4364585876465 22.6520824432373 22.9156246185303 23.0854167938232 23.0343742370605 23.2447910308838 23.3979167938232 23.5812492370605 23.7260417938232 23.7624988555908 23.8250007629395 23.7145843505859 23.5302085876465 23.4406242370605 23.0885410308838 22.955207824707 23.1645832061768 23.296875 23.2333335876465
15.9958333969116 17.4072914123535 17.3968753814697 18.779167175293 20.455207824707 21.7093753814697 21.8322925567627 22.1333332061768 22.3374996185303 23.013542175293 23.0281257629395 23.0552082061768 22.9718742370605 23.0843753814697 22.7124996185303 21.8083324432373 22.0229167938232 22.2437496185303 22.4572906494141 22.560417175293 22.701042175293 23.0499992370605 22.7312507629395 22.4166660308838 22.046875 22.3208332061768 22.3374996185303 22.607292175293 22.7739582061768 22.8468742370605 23.0187492370605 23.2572917938232 23.4177093505859 23.3947925567627 23.4760417938232 23.627082824707 23.7645835876465 23.908332824707 24.0125007629395 23.8645820617676 23.6781253814697 23.375 23.2427082061768 23.2958335876465 23.4812488555908 23.4958343505859
16.1499996185303 16.3031253814697 18.576042175293 18.4802093505859 19.372917175293 21.1645832061768 21.8333339691162 22.1822910308838 22.361457824707 22.3604164123535 22.3291664123535 22.5375003814697 22.705207824707 22.5510406494141 23.107292175293 22.796875 22.1645832061768 21.9874992370605 22.4333343505859 23.127082824707 23.3854160308838 23.247917175293 23.0406246185303 22.9572906494141 22.5666656494141 22.4447917938232 22.6187496185303 22.736457824707 23.0125007629395 23.1687507629395 23.1625003814697 23.3156242370605 23.5395832061768 23.6708335876465 23.7260417938232 23.8781242370605 24.0520839691162 24.2593746185303 24.3291664123535 24.330207824707 23.9614582061768 23.6885414123535 23.5552082061768 23.5229167938232 23.6458339691162 23.5499992370605
16.6499996185303 17.0166664123535 17.4406242370605 18.8395824432373 19.6135425567627 21.3666667938232 21.8697910308838 22.0281257629395 22.529167175293 21.9333324432373 22.2083339691162 22.4614582061768 22.2749996185303 22.3270835876465 22.2531242370605 23.169792175293 22.9937496185303 22.7468757629395 22.5354156494141 23.1822910308838 23.5625 23.3312492370605 23.1395835876465 23.0125007629395 23.1197910308838 22.8531246185303 22.9656257629395 22.8250007629395 23.0979156494141 23.375 23.4343757629395 23.4593753814697 23.6156253814697 23.7281246185303 23.8802089691162 24.0843753814697 24.2218742370605 24.3760414123535 24.5406246185303 24.3427085876465 24.1156253814697 23.939582824707 23.8072910308838 23.7135410308838 23.7333335876465 23.7593746185303
17.3947925567627 15.5656251907349 16.7593746185303 16.763542175293 17.6416664123535 20.2072906494141 22.0343742370605 22.0499992370605 22.5125007629395 22.0760402679443 22.017707824707 22.3500003814697 22.814582824707 22.767707824707 22.421875 23.0833339691162 23.2531242370605 22.8802070617676 22.8135414123535 22.9968757629395 23.1510410308838 23.326042175293 23.0229167938232 23.0270824432373 23.0072917938232 23.0572929382324 23.076042175293 22.9885406494141 23.0499992370605 23.3333320617676 23.4572906494141 23.5677089691162 23.6364593505859 23.78125 23.8552093505859 24.1937503814697 24.2614574432373 24.4145832061768 24.4277763366699 24.3666667938232 24.1989574432373 24.0833320617676 23.9750003814697 23.7645835876465 23.6927089691162 23.6979179382324
16.609375 17.6770820617676 16.5416660308838 16.7531242370605 17.0062503814697 18.9187507629395 21.3708324432373 21.767707824707 22.767707824707 22.169792175293 21.9874992370605 22.404167175293 22.3062496185303 22.8374996185303 22.6083335876465 22.9739570617676 23.419792175293 23.2270832061768 23.09375 23.2354164123535 23.0770835876465 23.0083332061768 23.0739574432373 22.7541675567627 22.548957824707 22.6145839691162 22.7916660308838 23.0625 23.03125 23.0968742370605 23.3072910308838 23.4369049072266 23.4984836578369 23.6729164123535 23.8309516906738 23.9861106872559 24.0483322143555 24.2291660308838 24.2555561065674 24.2283325195313 24.1035709381104 23.8239593505859 23.6239585876465 23.8208332061768 23.9114589691162 24.0770835876465
15.4135417938232 18.013542175293 17.0947914123535 16.4479160308838 17.8177089691162 20.1312503814697 21.1177082061768 21.877082824707 22.5 22.5249996185303 22.388542175293 22.4989585876465 22.732292175293 23.0906257629395 23.076042175293 23.484375 23.4406242370605 23.0572929382324 23.2354164123535 23.28125 23.4208335876465 23.0677070617676 22.9572925567627 22.6677074432373 22.6906242370605 22.4375 22.4052085876465 22.5854167938232 22.7979164123535 23.1177082061768 23.3802089691162 23.6090908050537 -9999 -9999 -9999 -9999 23.7583332061768 24.1104164123535 24.2083339691162 24.2552089691162 24.1437492370605 23.8812503814697 24.0218753814697 24.0427093505859 23.796875 23.9437503814697
17.6510410308838 16.3864574432373 18.421875 17.6468753814697 16.6645832061768 19.0572929382324 21.4479160308838 22.5833339691162 22.3822917938232 23.111457824707 23.080207824707 23.1489582061768 23.4781246185303 23.4270820617676 23.2291660308838 23.7739582061768 23.3916664123535 23.0687503814697 23.5499992370605 23.4562492370605 23.2041664123535 23.0635414123535 23.0864582061768 22.8656253814697 22.8583335876465 22.7427082061768 22.7770824432373 22.8531246185303 22.9312496185303 23.140625 23.3178577423096 23.3999996185303 -9999 -9999 -9999 -9999 23.4249992370605 23.8222217559814 23.9694442749023 24.1378784179688 23.9270839691162 23.9281253814697 24.0166664123535 23.9593753814697 23.8979167938232 23.8447914123535
19.3291664123535 18.455207824707 17.6479167938232 18.8177089691162 19.1843757629395 18.1864585876465 19.5666656494141 21.5052089691162 21.9489593505859 23.0854167938232 23.5822906494141 23.7156257629395 23.7781257629395 23.1916675567627 23.2697925567627 23.8781242370605 23.359375 23.2510414123535 23.7374992370605 23.5864582061768 23.1645832061768 23.0947914123535 23.2020835876465 23.0833339691162 22.9656257629395 22.908332824707 23.0052089691162 23.0739593505859 23.169792175293 23.1166667938232 23.1666660308838 -9999 -9999 -9999 -9999 -9999 -9999 -9999 -9999 23.4333343505859 23.7000007629395 23.8037033081055 23.7863636016846 23.6013889312744 23.6523818969727 23.6214275360107
19.4572925567627 18.7354164123535 19.2510414123535 20.330207824707 18.8395824432373 16.861457824707 18.9031257629395 21.7583332061768 22.1885414123535 23.4562492370605 24.078125 24.2354164123535 23.951042175293 23.5479164123535 23.810417175293 23.9729156494141 23.6468753814697 23.6052074432373 23.7999992370605 23.3062496185303 23.2906246185303 23.4437503814697 23.2843742370605 23.1218757629395 23.1208343505859 23.1437492370605 23.1958332061768 23.2781238555908 23.269229888916 23.0833339691162 -9999 -9999 -9999 -9999 -9999 -9999 -9999 -9999 -9999 -9999 -9999 -9999 -9999 -9999 -9999 -9999
20.1927089691162 20.1187496185303 19.2447910308838 19.2416667938232 16.9260406494141 15.3552083969116 17.5041675567627 20.8895835876465 22.0572929382324 23.78125 24.5104160308838 24.4697914123535 24.3562507629395 24.2708339691162 24.0843753814697 24.310417175293 23.783332824707 23.8937492370605 23.8197917938232 23.6104164123535 23.6875 23.6322917938232 23.6083335876465 23.4750003814697 23.419792175293 23.4114570617676 23.0692310333252 22.9111099243164 -9999 -9999 -9999 -9999 -9999 -9999 -9999 -9999 -9999 -9999 -9999 -9999 -9999 -9999 -9999 -9999 23.8500003814697 23.8738098144531
