input_data/future_climate/CNMR_126/_bio19_a.asc
ncols  331
nrows  193
xllcorner  17.833372883333
yllcorner  37.9999896166667
cellsize 0.1666667
NODATA_value  -9999
[rows 155 to 185 of 193, columns 136 to 203 of 331]
249.1875 211.3125 175.5625 141.0625 113.8125 98.875 89.125 78.5 79.4375 82.125 74.875 77.0625 81.4375 83.25 78.3125 72.0625 69.3125 71.5 72.5 72.875 72.4375 71.8125 72.5625 73.0625 72.8125 72.75 70.5 68 64.75 61 58.3125 56.25 55.3125 55.4375 54.4375 52.9375 51.0625 50.8125 49.875 48.875 47.625 46.8125 46.1875 45.875 44.6875 43.9375 42.75 41.875 40.5 39.4375 38.125 36.4375 36.0625 34.25 32.625 31.5625 30.75 28.375 27.5625 25.25 25.375 26 26.5 26.25 26.5625 26.5625 26.3125 25.75
266.875 228.375 189.6875 155 121.25 97.0625 79.625 74.8125 77.375 74.6875 70.25 72 70.75 72.75 72.6875 71.875 71.375 72.25 72.8125 72.8125 73.3125 73.9375 73.875 74.375 74.0625 73.875 72 69.5625 67.375 64.9375 62.25 61 60.375 60.5 60.8125 59.1875 57.375 55.875 54.5625 53.375 52.3125 50.75 49.875 49.25 48.1875 46.3125 45.25 43.1875 42.5 40.6875 39.1875 37.9375 36.625 35.0625 34 33.25 31.5625 30.1875 29.1875 27.875 26.875 26.875 26.75 27 27 26.875 26.6875 26.9375
275.6875 247.8125 212.3125 171.6875 137.9375 111.625 84.625 81.5 85.0625 85.5 78.3125 71.3125 68 66.75 66.25 72.3125 74.4375 73.75 73.9375 74.625 75.1875 76.4375 78.1875 78.375 77.625 75.875 74.25 72.375 70.375 68.3125 66.9375 66.0625 66 66.1875 66.0625 65.8125 64.375 62.4375 60.6875 59.1875 57.75 56.0625 54.375 53.125 50.3125 48.3125 47.0625 45.5625 44.0625 42.6875 41.125 39.4375 38.1875 36.625 35.25 34.0625 33.1875 31.25 30.625 30 29.4375 28.25 25.625 27 27 26.875 27.9375 27.4375
296.5625 279.875 255.0625 230.5625 193.125 147.4375 120.1875 112.1875 106.0625 114.5 113.9375 96.5625 76.125 74.25 79.5 81.5625 81.5625 79.0625 77.25 78.875 80.75 81.5625 81.875 81.6875 81.125 79.9375 78.5625 75.875 73.4375 71.75 70.8125 70.625 71.1875 71.75 72.5 72.4375 71.375 69.625 67.1875 65.125 63.6875 62.5625 60.1875 54.8125 53.3125 51.1875 49.5625 48.1875 46.9375 45.5625 44.25 41.5625 40.125 38.0625 37.0625 35.4375 34.4375 32.1875 31.125 31.0625 30 29 28.0625 27.375 27.75 27.9375 27.6875 27.4375
320.25 304.9375 288.5625 285.3125 264.1875 248 233 207.4375 175.3125 153.0625 142.125 132.25 109.9375 108.1875 103.6875 101.5 98.75 91.25 82.625 83.8125 86 85.4375 83.3125 82.9375 82.125 80.625 79.8125 77.625 76.0625 75.375 74.5 74.75 76.5625 78.375 79.5 79.5 78.5625 76.8125 74.625 71.375 68.9375 67.5 64.8125 58.375 56.6875 55 52.875 50.75 49.3125 47.9375 46.375 44.4375 42.625 41 38.75 37.625 35.9375 34.875 33.375 31.375 31 30.0625 28.8125 27.9375 27.8125 28.25 28.75 28.375
370.4375 345.5 324.0625 311.125 300.375 293.875 281.875 260.9375 255.625 225.0625 210.625 212.5625 188.25 175.125 144.5 138.75 136.5625 119.4375 101.5625 92.125 91.5 92.1875 90.3125 86.9375 85.3125 84.375 82.125 80.125 77.75 76.375 75.5 77.125 80.375 85.9375 87.625 87 85.625 82.875 79.875 77.25 75 72.375 69.6875 61.4375 59.9375 57.6875 56 53.8125 51.9375 50.375 48.75 45.9375 44.25 42.25 40.6875 38.9375 37.8125 36.375 35.6875 34.4375 32.75 31.75 31 29.25 28.125 28 28 26.875
416.75 390.5625 368.6875 346.1875 337.875 332.5 316.875 314.375 294.375 269.3125 251.5625 241.5 221.5625 205 204.3125 192.4375 188.75 167.9375 136.5 120.1875 108.8125 103 100 96.75 93.0625 89.3125 85.625 83.75 82.125 80.6875 79 79.5 83.1875 85.3125 82.875 84.125 86.125 84.875 83.0625 81.3125 79.25 78.0625 74.875 65.5625 63.125 60.8125 59.125 56.875 54.9375 53 50.9375 48.0625 45.8125 44.3125 42.4375 40.9375 39.4375 37.8125 36.75 35.5 34.625 33.0625 32.0625 31.6875 29.5625 28.875 28.25 28.3125
466.285705566406 448.25 423.799987792969 403.5625 380.375 370.1875 365.9375 355.875 343 317.625 290.125 269.5 252.3125 240.375 235.375 219.0625 212 210.4375 203.5 171.0625 140.5 120.125 111.6875 105.5 99.75 95.9375 93.125 87.375 82.6875 80.4375 78.0625 75 71.375 63.125 60.9375 60.75 58.25 62.75 69 73.375 82 83.1875 72.5625 69.3125 67 65.1875 62.75 60.9375 58.625 55.4375 52.9375 50.25 47.875 45.75 44.375 42.4375 41 39.8125 38.5625 37.1875 36.0625 34.75 34.25 32.5 32.375 29.75 28.5625 28.8125
-9999 -9999 447 436.909088134766 418.5 401.5 397.25 401.1875 380.25 362.125 334.4375 303.125 285 275.6875 272.1875 258.875 251.1875 227.875 220.625 217.6875 209.5625 174.0625 159.875 145.6875 126.875 124.4375 114.4375 112.25 107.375 91.25 73.25 66.5625 61.75 55.8125 53.5625 51.9375 54.5 51.75 59.25 67.75 71.1875 72.5 82.8125 72.75 70.1875 67.875 65.5 63.8125 61.8125 59.1875 56.1875 52.5625 49.75 48.0625 45.875 44.1875 42.6875 41.125 40.0625 39 37.75 37.125 35.1875 34.4375 33.5 32.5625 31.6875 28.8125
-9999 -9999 -9999 444 424.666656494141 398.272735595703 393.5625 422.5 434.8125 430.125 376.8125 350.6875 331.875 332.75 311.0625 299.125 289.25 276.875 261.25 232.8125 227.1875 218.0625 212.4375 200.9375 184.5625 173.0625 155.8125 154.9375 130.5625 105.3125 83.25 77.75 69.5625 71.3125 60.625 58.6875 51.625 53.875 51.6875 55.5 61.8125 68.25 79.1875 75.5625 73.1875 71.375 68.875 66.9375 64.5 61.8125 59.125 55.375 52.625 49.875 47.75 46 44.375 43.3125 41.6875 40.25 39.125 38 37.25 35.1875 34.6875 33.875 32.75 32.4375
-9999 -9999 -9999 -9999 -9999 402 414.25 425 457.4375 476.875 468.125 427.5 388.8125 414.875 387.375 347.875 324.0625 303 285.25 257.625 242.8125 237.0625 233.0625 232.6875 224.8125 213.625 187.625 176.25 156.25 138.25 126.625 100.6875 92.1875 68.3125 63.125 62.25 60.3125 57.5625 54 53.3125 52.875 54.875 67.375 82.0625 76.875 74.9375 72.5625 70.0625 67.5 64.375 61.3125 57.375 55.125 52.5625 50 47.5625 46.1875 44.875 43.1875 42.0625 40.75 39.5 38.0625 36.9375 35.4375 35 33.875 33.0625
-9999 -9999 -9999 -9999 -9999 -9999 448.5 453.25 474.5625 481.25 488.9375 485.4375 483.5625 486.25 436.9375 353.9375 341.875 319 298.375 275.375 244 235.625 238.0625 228.4375 207 186 166.3125 170.4375 162.6875 144.25 119.8125 114.875 94.25 82.75 92.6875 73.5 57.0625 60.0625 53.9375 54.625 54.125 53.375 57.5 76.3125 87.3125 77.625 75.8125 73.3125 70.75 67.1875 64 60.25 57.5625 54.875 52.0625 49.25 48.25 46.625 45.125 43.3125 42 40.9375 39.3125 38.0625 37.375 36.375 35.6875 34.3125
-9999 -9999 -9999 -9999 -9999 -9999 479.600006103516 483.0625 499.5 510.875 500.875 492.25 489.625 496.125 478.5625 419 363.8125 329.375 277.1875 246.1875 205.875 187.375 189.5625 175.875 171.5 150.5 146.3125 140.125 122.6875 125.875 127.4375 110.3125 93 101.25 91.4375 78 81.8125 68.25 59.6875 57.9375 56.0625 55.375 54.6875 67.8125 86.4375 94.125 78.6875 76.5625 73.625 70.3125 66.375 62.625 59.5625 57.1875 54.0625 51.4375 49.75 48.125 46.1875 45.25 43.5625 42.375 41.25 39.8125 38.375 37.5 36.5625 35.8125
-9999 -9999 -9999 -9999 -9999 -9999 498 530.071411132813 558.25 558.625 538.375 511.0625 491.5625 461.1875 423.375 392.125 336.1875 274.125 281.0625 206.5625 166.5625 137.6875 130.9375 126.375 120.8125 106.875 120.4375 109.75 105.1875 101.9375 99.125 98.9375 98.3125 88.5 85.3125 79.625 86.125 78.875 73.0625 65.125 61.8125 57.625 54.625 58.375 77.1875 87.5625 81.875 79.6875 75.6875 72.6875 68 64.375 61.75 58.875 56.125 53.625 51.875 50.4375 47.9375 46.625 45.375 44.25 43.125 41.375 40.125 39.3125 37.5625 36.4375
-9999 -9999 -9999 -9999 -9999 -9999 -9999 617.5 621 584 496.625 426.4375 339 283.6875 251.875 239.6875 244 247.125 227.6875 204.125 173.75 139.25 112 99.25 91 92.75 105.25 106.75 101.5 98.9375 100 104.0625 100.875 95.1875 90.3125 85.8125 79.4375 84 114.5 111 69.75 62.4375 58.4375 56.875 57.25 75.1875 91.3125 82 77.25 73.875 70.125 66.875 63.875 60.875 58.0625 56.3125 53.4375 51.8125 50 48.3125 46.875 45.8125 44.625 43.375 42.1875 40.25 39.5625 38.625
-9999 -9999 -9999 -9999 -9999 -9999 -9999 667.416625976563 553.6875 437.9375 391.6875 357.4375 287.875 230.25 181.9375 159.75 173.25 191.5 195 182.6875 171.125 146.6875 125.125 117.0625 98.875 83.3125 84.5 89.0625 93.25 93.6875 89.25 97.625 108.3125 110.375 112.1875 101.3125 84.875 76.4375 74.5625 71.0625 69.125 105.5 60.875 58.875 55.25 70.875 85.125 88.8125 87.125 75.1875 71.125 68.9375 66.1875 62.9375 60.5 58.125 55.375 54.0625 52 50.3125 49.125 48 46.0625 45 43.625 42.5 41.375 40.1875
-9999 -9999 -9999 -9999 -9999 -9999 636.416687011719 565.3125 469.0625 409.625 377.3125 289.9375 264.625 163.875 141.75 114.5625 121.6875 154.125 161.0625 190.1875 132.4375 104.3125 102.125 93.0625 84.0625 76.9375 72.125 74.6875 79.6875 78.9375 85.125 88.6875 92.875 104.125 107.1875 110.5625 115.4375 98.875 74.875 71.3125 68.625 64.5625 63.125 58.8125 55.8125 64.4375 77.875 87.1875 87.5 82.125 71.75 69.6875 68.0625 65.4375 62.625 60 57.6875 55.1875 53.9375 52.3125 51 50 48.375 46.875 45.8125 43.8125 42.875 41.6875
-9999 -9999 -9999 -9999 477 546.099975585938 471.9375 428.875 332.375 287.9375 267.5 236.625 230.1875 182.5625 186.9375 183.625 106.5 92.3125 137.125 156.125 159.5625 87.125 77.3125 74.375 70.125 67.5625 67.5625 69.25 70.1875 70.0625 75.3125 82.25 86.6875 87.5625 93.625 98.3125 101.75 103.3125 94.3125 76.5 109.625 69.5625 61.125 58.8125 60.9375 62.75 65.8125 83.5625 93.3125 84.875 77.875 71.1875 69.3125 67.625 64.9375 62 59.3125 57 55.9375 54.0625 53 51.75 50.25 48.4375 46.9375 46 44.5 43.5625
-9999 -9999 468 528.111083984375 458.375 325.4375 317.125 334.125 270.875 249.875 214.9375 174.1875 188.8125 141.625 115.8125 107.375 90.5 125.6875 108.625 122.9375 160.9375 103.875 73 75.6875 71.125 66.125 63.125 63.25 65.5625 67.25 69.625 73.0625 78.25 81.8125 83.875 87.0625 90.375 91.6875 93.3125 93.1875 78.5625 71.6875 69.5 105.875 105.8125 65.5 64 72.6875 90.125 92.5625 82.9375 76.625 70.9375 68.5 66.625 64.25 60.9375 58.625 57.25 56.25 54.5 53.375 52.125 50.125 48.4375 47.5 46.1875 45.25
439 488.769226074219 417.125 335.9375 229.625 220.0625 213.5625 229.625 222 198.375 181.6875 165.3125 110.875 97.25 92.5625 113.375 88.6875 153.75 122.0625 103 128.9375 104.875 71.5625 78.625 78.875 71.125 92.4375 63.3125 60.25 60.875 64.25 67.5625 69.25 70.1875 71.25 72.4375 74.625 78 82.8125 88.5 96.9375 97.0625 95.625 82.6875 70.375 100.5625 65.25 67.8125 76.875 87.3125 91.3125 82 73.5 69.75 67.8125 65.75 62.75 60.875 59.375 57.5 56.875 55.6875 54.1875 52.125 50.5 49 48.1875 46.5625
317.4375 231.3125 207.0625 192.5625 199.3125 182.4375 178.0625 181.5 160.1875 149.625 147.75 125.8125 104.5625 96.3125 92.125 133.9375 83 95.9375 88.3125 79.375 86.6875 99.375 90.6875 97.75 87.1875 94.3125 100.25 68.75 66.5 64.25 61.9375 62.875 62.5625 61.5 60.25 59.75 61.1875 64.8125 68.9375 74.0625 84.1875 97.6875 112.125 119.0625 114.3125 95.6875 73.6875 72.9375 75.9375 84.9375 88.0625 89.75 80.125 71.25 68.1875 67.3125 65.875 62.1875 60.9375 59.6875 58.6875 57.6875 56 54.5 53.1875 52 50.25 49
172.5 172.8125 194.875 188.4375 168.9375 165.5 151.875 140 118.375 106.0625 94.1875 106.375 101.625 112.4375 103.4375 67.8125 58.375 58.8125 59.8125 62.1875 65.8125 80.375 82.125 87.25 88.125 103.5 93.125 87.1875 99.0625 69.9375 69.3125 72.5625 70.875 61.1875 53.5625 49.1875 52.6875 56.5625 60.1875 63.8125 69.75 83.25 96.9375 107.8125 115.1875 115.0625 107.9375 100.625 99.875 99 97.9375 94.625 86.75 76.3125 68.6875 66.9375 65.5625 64.5 63.4375 62.3125 61.375 60.6875 59.25 57.625 55.9375 54.25 52.5625 51.0625
166.9375 171.0625 158.375 129.75 135.0625 133.6875 115.125 118.4375 97.9375 87 80.3125 103.125 116.75 89.3125 71.875 62.125 71.625 69.375 58.625 62.25 70.875 101.375 103 81.3125 86.875 76.5 72.625 88.0625 94.75 95.3125 71.1875 75.875 74.375 74.375 62.5625 56.625 52.125 52.3125 55.125 57.75 63.25 71.1875 79.6875 87.5625 92.75 96.4375 100.1875 105.5 118.0625 113.625 106.5625 95.8125 85.6875 77.3125 72 69.4375 68.0625 67 66.375 66 65.6875 65.0625 63.4375 62 59.6875 58 55.9375 54.1875
119.375 116.875 124.375 144.8125 153.0625 107.5625 110.25 109.375 86.4375 104.4375 98.8125 112.625 93.4375 74.9375 69.875 77.1875 89.3125 74.9375 59.375 60.8125 69.375 99.875 90.0625 67.3125 66.25 69.25 80.1875 83.6875 81.9375 87.6875 101.375 80.375 78.1875 80.75 79.5 77.75 70.6875 58.0625 53.9375 56.8125 62.0625 67.5 72.5625 76.8125 80.0625 82.625 85.25 87.0625 91.9375 103.1875 101.1875 93.5625 83.75 79.25 75.75 75.75 74.1875 75.5625 75.6875 69.9375 69.3125 68.5 67.0625 65.375 63.5 62.25 59.5 57.3125
134.0625 132.1875 135.5625 134.75 160.0625 118.375 114.375 110.4375 96.1875 109.625 90.625 102.9375 91.3125 96.4375 85.375 78.25 83.9375 73.3125 61.6875 57.8125 56.5 56.1875 60.3125 61.9375 61.6875 68 119.625 80.5625 80.625 81.125 82.8125 74.9375 105.5625 109.5625 113 115.9375 109.375 61.5625 56.3125 59.1875 64 67.5 69.5 70.75 75.0625 77.625 80.875 84.125 85.75 87.3125 90.4375 88.8125 81.8125 77.9375 76 75.4375 74.8125 75.125 74.6875 74.5625 73.375 72.6875 71.5 70.1875 68.25 66.125 63.875 60.8125
147.625 139.1875 135.8125 119.375 115.3125 107 126.25 105.9375 100.375 82.75 80.6875 85.375 87.0625 84.625 91.3125 92.6875 86.25 76.875 66.9375 58.6875 56.4375 56.1875 60.125 65.375 63 63.8125 82.8125 105.5625 91.625 96.25 99.75 79.625 108.3125 83.5625 82.875 78.3125 70.5625 65.25 61.375 64.6875 69.5625 73.4375 74.625 74.625 75.625 77.4375 83.75 84.5 85.5 84.625 85.125 80.6875 79.3125 76.4375 78.9375 78.4375 79 79.9375 81 79.9375 78.5625 77.4375 75.8125 74.5625 72.75 70.875 68.3125 65.125
137.0625 127.4375 122.9375 104 99.9375 113.75 104.1875 96.25 94.4375 101.25 102.3125 110.5 113.875 108.875 108 106 103.875 107.875 86.25 68.0625 57.4375 53.5 56.5625 59.6875 59.3125 60.0625 66.5 78.8125 79.875 109.8125 114.5625 115.3125 114.625 117.125 87.0625 87.8125 117.125 65.75 68.875 74.125 79.0625 82.9375 86.25 88.1875 85.5625 85.375 90.0625 90.1875 88.1875 85.9375 83.875 81.1875 78.375 77.5 82.0625 83.1875 84.3125 85.75 86 86.0625 85.0625 83.125 81.75 80.1875 78.3125 76 73.1875 69.375
168 171.4375 164 145.1875 173.5 140.5625 138.1875 127.5625 125.875 131.5 132.5 126.6875 113.1875 111.25 116.1875 116.625 107 107.125 103.6875 90.5625 88.9375 66.125 95.625 68.375 55.8125 57.125 62.625 68.3125 71.9375 79.0625 85.9375 88.5625 117.9375 115.0625 90.5 89.375 87.625 78.6875 76.625 84 90.5 95.8125 103.0625 111.8125 120.25 114.25 105.25 98.375 92.875 89.25 86.625 83.625 80.625 81.3125 88 89.1875 90.9375 92.625 93.125 92.9375 92.375 90.625 88.375 86.25 84.1875 81.3125 78.125 74.5
208.0625 196.8125 176.5625 186.1875 168.125 149.625 146 140.875 139.25 133.5625 128.1875 124.1875 121.25 120.375 122.8125 121.3125 114.6875 107.1875 99.625 91.0625 76.5 67.6875 73.0625 73.4375 59.875 56.5 57.1875 61.75 79.8125 83.3125 87.625 114.6875 94 91.25 117.875 93.6875 82.3125 84.8125 80.4375 87.6875 98.0625 106.8125 117 130.3125 144.4375 138.25 123.0625 110.9375 100.8125 97.125 94.5 89.4375 86.5 95.0625 96.1875 98.75 99.9375 101.5625 101.375 101.4375 101 99 97.0625 94.0625 91.4375 88.1875 84.5 80.5
252.625 234.5 220.3125 202.8125 195.5 194.375 172.6875 162.75 161.8125 149.9375 140.75 135.625 130.9375 129.4375 126.5625 126.3125 130 124.1875 108.875 107.125 100.3125 88.6875 79.3125 67.875 65.875 62.125 55.5 57.4375 69.0625 76.5625 85.1875 89.875 88.5 88.875 89.5 85.5625 75.625 80.25 84.375 93.25 104.75 113.4375 122.8125 131.5625 138.25 139.3125 136 126.3125 116.75 114.0625 110.375 102.1875 93.5625 104.0625 106.75 109.75 112.4375 113.0625 113.0625 112.875 111.8125 109.3125 107.1875 104 100.5625 95.75 91.0625 87
303.125 271.125 251.375 232.1875 217.25 214 202.1875 189.9375 181.9375 172.5625 162.8125 152.5 144.9375 138.625 133.8125 134.875 130.5625 125.9375 128.75 112.5 107.5625 100.6875 90.875 84.125 72.875 59.5625 55.6875 53.3125 53.5 58.1875 72.25 84.25 86.625 111.4375 82.4375 80.0625 78.1875 82.5 90.75 99.375 105.125 112.9375 120.3125 120.625 125.6875 136.5 141.6875 144.9375 142.875 140.875 135.625 126.0625 116.4375 122.1875 123.875 125.25 126.3125 125.25 124.4375 124 122.6875 120.125 117.0625 113.6875 109.5625 105.3125 99.4375 95
