input_data/future_climate/CNMR_126/_bio13_a.asc
ncols  331
nrows  193
xllcorner  17.833372883333
yllcorner  37.9999896166667
cellsize 0.1666667
NODATA_value  -9999
[rows 62 to 92 of 193, columns 0 to 70 of 331]
73.6875 75.8125 77.875 76.875 75.0625 73 72 68.8000030517578 63.4000015258789 61.25 -9999 -9999 -9999 -9999 -9999 -9999 72 -9999 75.5 75.5999984741211 76.25 74.1999969482422 79.8571395874023 82 85.6666641235352 87.25 87 87 86.5 86.3333358764648 76.1666641235352 77 78.3333358764648 84 83 -9999 -9999 -9999 -9999 -9999 -9999 -9999 -9999 -9999 -9999 -9999 -9999 -9999 -9999 -9999 -9999 -9999 -9999 -9999 76.5 -9999 -9999 -9999 -9999 -9999 -9999 77.4545440673828 78.8571395874023 81.75 84 85.5714263916016 86.375 88.1875 89.125 89.3125 88.6875
71.25 72.625 76.5 75.875 69.75 64.6875 65.6153869628906 64.4000015258789 59.0999984741211 57 -9999 -9999 -9999 -9999 -9999 -9999 -9999 -9999 -9999 -9999 -9999 -9999 -9999 -9999 -9999 -9999 -9999 -9999 -9999 -9999 -9999 -9999 -9999 -9999 -9999 -9999 -9999 -9999 -9999 75 75 76.5999984741211 77.5 78.5 80 80.25 81.5833358764648 82.2857131958008 83.3076934814453 83.0909118652344 82.5 81 78.3333358764648 78.3333358764648 -9999 -9999 -9999 -9999 -9999 -9999 80 77 79.9375 83.5 86.75 87.8125 89.4375 90.9375 91 90.5 90.1875
66.3125 68.6875 73.875 70.4375 65.1875 62.8125 61.5625 59.25 57.6666679382324 53.6666679382324 54 -9999 -9999 -9999 -9999 -9999 -9999 -9999 -9999 -9999 -9999 -9999 -9999 -9999 -9999 -9999 -9999 -9999 -9999 -9999 -9999 -9999 -9999 -9999 -9999 -9999 78.25 77.8571395874023 78.3333358764648 77.375 77.8461532592773 79.8666687011719 81.1875 82.125 83.25 84.0625 84.9375 86.0625 86.75 86.25 85.0625 82.75 80.6875 80.875 81.6923065185547 82.6666641235352 83.5 81.8333358764648 79.9000015258789 78.75 77.4444427490234 77.75 80.625 84.4375 87.125 88.4375 89.9375 90.6875 90.8125 90.875 89.9375
64.125 67.4375 68.8125 68.25 65.5999984741211 62.0625 60.6666679382324 59.6666679382324 -9999 -9999 -9999 -9999 -9999 -9999 -9999 -9999 -9999 -9999 -9999 -9999 -9999 -9999 -9999 -9999 -9999 -9999 -9999 -9999 -9999 -9999 -9999 -9999 -9999 78.1999969482422 79.125 80.0909118652344 79.9333343505859 79.466667175293 80.375 81.375 82 81.4375 82.1875 83.4375 85.1875 86.3125 86.5625 87.5625 87.8125 88.3125 87.75 85.1875 83.25 82.75 83.375 83.875 84.3125 82.5625 80.375 78.6875 77.875 78.25 80.4375 83.875 87 88 88.5625 88.8125 89.4375 89.125 88.5625
71.25 71.75 69.8571395874023 68.375 64.75 61.1428565979004 -9999 -9999 -9999 -9999 -9999 -9999 -9999 -9999 -9999 -9999 -9999 -9999 -9999 -9999 -9999 -9999 -9999 -9999 -9999 -9999 -9999 85 85.375 85.75 -9999 78.6666641235352 77.8000030517578 77.3333358764648 78.6875 81.625 81.3125 81.875 83.3125 86 87.875 88.3125 85.8125 83.625 85.9375 87.3125 87.3125 87.5625 88.1875 89.25 89.0625 86.8125 84.625 83 81.6875 81.875 82.0625 81.125 79.6875 78.3125 78.0625 79.0625 81.0625 83.625 85.625 86.5625 87.0625 87.5 87.75 88.125 87.9375
67.0625 65.25 66.1111145019531 65.8000030517578 65 -9999 -9999 -9999 -9999 -9999 -9999 -9999 -9999 -9999 -9999 -9999 -9999 -9999 -9999 -9999 -9999 -9999 -9999 -9999 -9999 83.8000030517578 84.25 84.75 85.75 85.1875 82.0666656494141 79 77.1999969482422 76.636360168457 77.4375 80 81 82.4375 84.3125 88.0625 90.75 92.375 89 84.5 85.5625 86.8125 86.625 86.3125 86.8125 86.875 86.6875 85.3125 83.125 81.3125 79.625 78.9375 77.75 76.75 75.6875 75.8125 77.4375 78.75 80.375 82.5 84.0625 84.75 85.5625 86.3125 87.3125 87.5625 87.4375
57.2000007629395 60 -9999 -9999 -9999 -9999 -9999 -9999 -9999 -9999 -9999 -9999 -9999 -9999 -9999 -9999 -9999 -9999 -9999 -9999 -9999 -9999 -9999 -9999 -9999 -9999 -9999 83.1999969482422 83.25 82.5555572509766 80 76.4285736083984 73.6666641235352 74.6666641235352 75.25 77.125 79.0625 81.0625 84 88.125 90.625 91.375 89.0625 84.75 83.875 84.8125 84.125 83.9375 83.5625 84.0625 84.1875 83.5 82.8125 80.4375 78.375 76.6875 75.25 74.625 74.1875 74.3125 76.125 77.5625 79.4375 81.125 82.875 83.875 84.9375 85.4375 85.9375 86.875 87.125
-9999 -9999 -9999 -9999 -9999 -9999 -9999 -9999 -9999 -9999 -9999 -9999 -9999 -9999 -9999 -9999 -9999 -9999 -9999 -9999 -9999 -9999 -9999 -9999 80.3333358764648 80.5 81.25 82.4444427490234 81.3846130371094 79.4166641235352 77.0833358764648 73.5 71.125 70.5 72.9285736083984 74.3125 76.5625 79.375 83.25 87.5 89.875 90.0625 87.875 84.4375 81.625 81.6875 80.1875 80.3125 80.9375 81.8125 82.25 81.5625 80.3125 78.6875 78 77.25 74.9375 73.125 73 73.5625 74.875 76.8125 78.25 80.25 81.125 82.5 83.875 84.3125 84.9375 85.1875 86
-9999 -9999 -9999 -9999 -9999 -9999 -9999 -9999 69.8571395874023 -9999 -9999 -9999 -9999 -9999 -9999 -9999 -9999 -9999 -9999 -9999 -9999 -9999 -9999 80 79.466667175293 80.5625 80.875 81.5 80.375 78.3125 75.5625 72 69.625 73 -9999 70.4285736083984 72.6875 76.5 81 86.1666641235352 89.0625 88 86.1875 83.625 81.25 78.875 77.25 77.6875 78.9375 79 79.75 78.9375 78.625 78.1875 77.375 76 75 74.375 74.4375 74.75 76.25 77.3125 77.4375 79.3125 80.75 81.875 83.5625 83.9375 84.125 84.3125 84.0625
-9999 -9999 -9999 -9999 -9999 -9999 -9999 -9999 -9999 -9999 -9999 -9999 -9999 -9999 -9999 -9999 -9999 -9999 -9999 -9999 -9999 -9999 -9999 78 77.5999984741211 76.9333343505859 77.625 79.0833358764648 78.1999969482422 76.3000030517578 73.6666641235352 -9999 -9999 -9999 -9999 -9999 69.5 72.7272720336914 77.5 83.3333358764648 85.1999969482422 85.625 85 83.25 81.625 79.5 77.3125 77.9375 78 77.375 78.375 78.125 78.5625 77.9375 77.0625 76.6875 76.5625 76.0625 75.1875 76.0625 76.9375 77.125 78.3125 79.625 80.625 81.125 82.0625 82.5625 82.875 82.375 81.8125
-9999 -9999 -9999 -9999 -9999 -9999 -9999 -9999 -9999 -9999 -9999 -9999 -9999 -9999 -9999 -9999 -9999 -9999 -9999 -9999 -9999 -9999 -9999 -9999 -9999 73 74.1111145019531 77 76 -9999 -9999 -9999 -9999 -9999 -9999 -9999 66 66.5 -9999 80.4000015258789 82.4375 84.125 83.8125 83.625 83.125 82.25 79.625 79.5 78.6875 78.3125 79.6875 79.6875 79.9375 79.125 77.5625 77.6875 77.5 76.8125 76.0625 75.3125 75.125 75.3125 76.8125 78.1875 78.6875 79.9375 80.8125 81.125 80.8125 80 79.625
-9999 -9999 -9999 -9999 67 65.5999984741211 62.1818199157715 61.6666679382324 63.5 64 -9999 -9999 -9999 -9999 -9999 -9999 -9999 -9999 -9999 -9999 -9999 -9999 -9999 -9999 70 70.75 72 -9999 -9999 -9999 -9999 -9999 -9999 -9999 -9999 -9999 -9999 -9999 -9999 79.9285736083984 82.5625 84.25 84.375 84.1875 84.625 82.75 81.6875 80.75 79.8125 79.5625 79.375 79.1875 79.125 79.375 77.9375 78 78.8125 78.5625 78.8125 77.75 76.375 75.75 76.4375 77.0625 77.5 77.5625 78.1875 78.9375 78.75 78.125 77.5625
-9999 -9999 -9999 60.9166679382324 67.5625 66.8125 63.0833320617676 60.8333320617676 -9999 -9999 -9999 -9999 -9999 -9999 -9999 -9999 -9999 -9999 -9999 -9999 -9999 -9999 -9999 -9999 -9999 -9999 72.5 72.4285736083984 73.1428604125977 -9999 -9999 -9999 70.75 -9999 -9999 -9999 -9999 -9999 -9999 80 83.1875 85.0625 85.625 84.8125 83.25 83 82.375 81.4375 81.1875 80.5 80.1875 79.0625 78.75 78.875 79.6875 81.375 81.1875 80.375 80.25 80.3125 78.3125 77.6875 77.875 78.125 77.3125 76.75 77.125 77.1875 76.75 76.6875 76.375
-9999 59 60.7857131958008 64.4375 67.6875 65.3333358764648 -9999 -9999 -9999 -9999 -9999 -9999 -9999 -9999 -9999 -9999 -9999 -9999 -9999 -9999 -9999 -9999 88 84.6666641235352 81 77.0714263916016 75.4375 75.125 74.0666656494141 73.8000030517578 -9999 -9999 -9999 -9999 -9999 -9999 -9999 -9999 -9999 79.625 83.875 85.125 85.125 84.5 84.1875 83.25 82.8125 83.1875 82.875 83 81.5 80.1875 78.6875 78.5 81 82.3125 82.1875 81.125 80.875 80.8125 79.875 79.0625 78.625 78.1875 78.6875 78.1875 77.75 77.6875 78.375 77.9375 77.75
-9999 59 62.5 69.125 69.8125 65 59.7142868041992 -9999 -9999 -9999 -9999 -9999 -9999 -9999 -9999 -9999 -9999 -9999 -9999 -9999 -9999 96 93.4166641235352 89.375 84.75 80.5 77.875 75.625 75.375 75.875 75.3846130371094 77 -9999 -9999 -9999 -9999 -9999 -9999 -9999 78.1666641235352 81.5625 82.625 82.625 82.6875 83.25 83.5 84.3125 85.9375 86.1875 84.875 83 80.625 78.5625 77.5625 79.875 81.4375 80.8125 81.3125 80.1875 80.0625 79.4375 79.4375 79.5 78.875 79.0625 79.3125 78.5 78.8125 80.5 80.3125 78.8125
57 59.5 62.875 66.9375 66.7857131958008 64.8571395874023 -9999 -9999 -9999 -9999 -9999 -9999 -9999 -9999 -9999 -9999 -9999 -9999 -9999 -9999 -9999 97.1111145019531 96.3125 92.875 89.3125 83.8125 79.75 78.3125 78.25 78 77.875 77.4375 76.25 -9999 -9999 -9999 -9999 -9999 76 77.0714263916016 80.75 81.375 81.5625 81.5 83.1875 85.625 87.5625 88.4375 88 86.9375 85.125 81.5 78.25 77.375 76.625 78.4375 79.5625 80.25 80.6875 80.125 79.375 79.5625 79.9375 79.5625 78.9375 79.625 79.8125 79.625 79.9375 79.4375 78.25
-9999 59 59.7333335876465 62.9090919494629 71 -9999 -9999 -9999 -9999 -9999 -9999 -9999 -9999 -9999 -9999 -9999 -9999 -9999 -9999 -9999 -9999 98.4545440673828 99.1875 97.25 92.4375 86.9375 81.375 79.4375 79.375 78.875 78.75 77.9375 76.2307662963867 75 75 -9999 76 77.2222213745117 77.3333358764648 77.75 79.1875 79.8125 80.3125 80.8125 83.625 85.6875 87 87.6875 88.9375 89.1875 87.0625 83.6875 79.25 79.25 75 76.625 78.125 80 80.3125 80 80.5625 80.375 80.25 80.5625 80.125 80 80.4375 79.4375 78.75 78.4375 77.875
-9999 56.5 58.2999992370605 60 -9999 -9999 -9999 -9999 -9999 -9999 -9999 -9999 -9999 -9999 -9999 -9999 -9999 -9999 -9999 95 98.5454559326172 102.625 104.3125 102.4375 96.3125 88.4375 81.5 79.5 78.3125 78.0625 77.0625 77.125 76.5625 75.8125 75.5 75.5625 76.4375 77.6875 77.375 77.0625 77.25 77.5625 77.9375 79.3125 80.1875 82.375 84.125 86.4375 88.75 90.5625 89.6875 83.9375 78.875 75.625 74.9375 76.375 78.0625 79.8125 79.9375 80.125 80.6875 81.375 81.625 80.5625 80.9375 80.5 80.5 80.625 82.25 82.625 81.625
-9999 -9999 -9999 -9999 -9999 -9999 -9999 -9999 -9999 -9999 -9999 -9999 -9999 -9999 -9999 -9999 -9999 -9999 -9999 94.25 99.0625 104.75 108.8125 105.1875 97.8125 89.375 82.375 78.8125 77.875 77.375 76.1875 75.5 75.4375 74.125 74.125 75.375 74.6875 75 74.375 74.3125 75.0625 74.9375 75.3125 75.5625 76.6875 78.3125 80.4375 83.0625 85.375 88.0625 87.75 83 78.3125 73.625 74.375 76 77.8125 79.1875 79.8125 80.25 81 81.625 81.8125 81.75 81.25 81.375 80.8125 82.1875 83.125 83.1875 84.125
-9999 -9999 -9999 -9999 -9999 -9999 -9999 -9999 -9999 -9999 -9999 -9999 -9999 -9999 -9999 -9999 -9999 -9999 89 92.1875 98.625 104.4375 108.9375 106.5 99.1875 91.0625 84.0625 79.4375 78.0625 77.375 75.875 74.875 74.25 73.0625 73.75 74.4375 73.1875 73.0625 72.8125 73.3125 74.375 75.125 74.9375 74.5625 75.3125 75.8125 76.9375 78.4375 80.6875 83.75 83.375 80.5 76.875 75.25 76.375 77.5625 79.1875 80.25 80.1875 79.75 80.5625 81.3125 81.5625 81.0625 81.25 81.125 81.625 82.4375 82.5 83 83.9375
-9999 -9999 -9999 -9999 -9999 -9999 -9999 -9999 -9999 -9999 -9999 -9999 -9999 -9999 -9999 -9999 -9999 -9999 90.5 92.75 97.875 102.375 104.4375 104.5 100.75 92.875 85.6875 81.625 79.0625 78.125 76.625 74.4375 73.875 73.5625 73.25 73 72.4375 71.5625 71.3125 72.875 74.625 74.9375 74.8125 74.75 75.4375 74.875 75.375 76 77.0625 78.125 78.625 77.125 75.5625 76.3125 77.1875 78.25 79.25 79.375 79.3125 79.75 79.9375 80.25 81 81.375 80.75 81.25 81.25 81.5625 81 82.375 83.4375
-9999 -9999 -9999 -9999 -9999 -9999 -9999 -9999 -9999 -9999 -9999 -9999 -9999 -9999 -9999 -9999 -9999 -9999 92.75 94.3125 97.625 101.0625 102 101.875 99.9375 94.9375 88.5 83.625 81 78.6875 76.625 74.875 73.625 73.125 72.875 72 71.5 70.875 71.625 73.0625 74 75 74.8125 74.8125 74.9375 74.1875 74.625 74.25 75.4375 75.5625 75.6875 74.875 75.5625 76.9375 77.6875 77.9375 78.6875 78.8125 79.5 80 80.375 80.8125 81.125 80.8125 80.8125 80.875 80.625 80.5 81.125 82.0625 83.5625
-9999 -9999 -9999 -9999 -9999 -9999 -9999 -9999 -9999 -9999 -9999 -9999 -9999 -9999 -9999 -9999 -9999 -9999 -9999 95.3846130371094 97.875 100.9375 101.6875 103 101.375 98.0625 93.125 87.125 83.6875 80.4375 78 75.625 74.1875 73 72.4375 71.9375 71.0625 71.625 72.1875 72.5 73.625 74.8125 74.1875 74.1875 74.375 74.0625 74.5 74.0625 74.3125 75.0625 74.5625 75.25 76.1875 76.875 77.5 78.125 78.25 78.5 78.125 78.3125 79.1875 79.1875 80 79.6875 80.5625 80.5625 81 80.875 81.375 82.9375 82.6875
-9999 -9999 -9999 -9999 -9999 -9999 -9999 -9999 -9999 -9999 -9999 -9999 -9999 -9999 -9999 -9999 -9999 -9999 -9999 96.9166641235352 98.8125 101.4375 102.3125 102.5 101.4375 99.9375 96.4375 90.1875 85.3125 81.875 79.0625 76.625 75.4375 74.3125 73.375 72 71.8125 71.5 71.875 72.8125 73 72.75 73.375 73.5625 73.9375 73.8125 74 73.875 74.4375 75.9375 75.6875 75.8125 77.3125 77.9375 78 77.875 77.25 77.125 77.75 77.6875 78 78.25 79.5 80.375 80.6875 80.6875 81.0625 80.5 81.625 81.625 81.4375
-9999 -9999 -9999 -9999 -9999 -9999 -9999 -9999 -9999 -9999 -9999 -9999 -9999 -9999 -9999 -9999 -9999 -9999 -9999 98.5 99.6875 102.125 102.625 102.3125 101 99.6875 97.5625 93.8125 87.75 82.5625 79.75 77.25 76.3125 75.0625 73.6875 72.125 70.9375 70.625 71.375 72.3125 72 71.9375 72.1875 73.4375 73.4375 73.625 74.125 73.625 75.5 76.8125 76.8125 76.1875 77.1875 77.8125 77.1875 76.3125 76.6875 77 76.75 76.625 77.0625 77.625 79 79.8125 80.625 80.8125 81.1875 81.5625 81.5625 81.125 80.25
-9999 -9999 -9999 -9999 -9999 -9999 -9999 -9999 -9999 -9999 -9999 -9999 -9999 -9999 -9999 -9999 -9999 -9999 -9999 98.2857131958008 99.8125 100.875 100.6875 99.6875 98.8125 98.6875 97.875 94.8125 88.875 83.875 80.3125 78.3125 77.5625 75.8125 73.8125 71.4375 70.0625 70.125 70.9375 71 70.75 70.9375 71.5 72.625 73.3125 73.875 74.5625 75.75 76.9375 77.75 77.375 77.125 76.5625 76.9375 77.1875 76.5 76.6875 76.4375 77 78 78.4375 78.625 79.375 80.3125 81.1875 81.25 80.8125 80.9375 81.3125 81.125 81.0625
-9999 -9999 -9999 -9999 -9999 -9999 -9999 -9999 -9999 -9999 -9999 -9999 -9999 -9999 -9999 -9999 -9999 -9999 -9999 97.5555572509766 98.0833358764648 99 97.5 94 93 94.3125 96.0625 93.4375 87.5 83.125 79.875 79.0625 78 76.4375 74.125 71.5 69.625 69.8125 70.875 71.125 70.6875 70.5 70.9375 72.4375 73.4375 74.8125 76.1875 77.4375 78.4375 79.875 80.125 77.4375 76.875 76.875 77.75 77.4375 76.375 76.8125 77.375 78.0625 79.4375 79.75 80.1875 81.0625 81.625 82.0625 81.8125 81.1875 81.3125 80.3125 79.9375
-9999 -9999 -9999 -9999 -9999 -9999 -9999 -9999 -9999 -9999 -9999 -9999 -9999 -9999 -9999 -9999 -9999 94 94.1428604125977 96.5 94.3000030517578 96.0625 93.5 87.8125 85.8125 87.4375 90.4375 88.5625 85.25 82.25 79.3125 79.1875 78.1875 76.625 74.9375 72.625 71.5625 71.375 71.75 71.375 70.375 70.5 71 72.6875 73.9375 74.875 75.75 77.375 78.625 78.75 79.625 77.8125 77.5 78.125 78.0625 77.6875 77.75 77.625 78.9375 80.3125 80.875 81.875 82.1875 81.9375 81.75 81.375 80.8125 80.125 79.9375 79.0625 79.625
-9999 -9999 -9999 -9999 -9999 -9999 -9999 -9999 -9999 -9999 -9999 -9999 -9999 -9999 -9999 -9999 91.6666641235352 92.3333358764648 93 -9999 90.3571395874023 89.5 86.5625 82.1875 81.75 83.9375 85.0625 85.125 83.25 80.6875 79 78.875 77.75 77.5 76.875 75.375 74.125 73.5 72.875 71.875 71.3125 71.625 72.25 73.4375 74.625 75.125 75.3125 75.5 77.4375 77.9375 79.0625 77.625 78.625 79.625 78.6875 78.5 78.625 79 80.375 82.25 83 83.3125 83.5 83 82.5625 81.8125 80.5625 79.1875 79.125 79.3125 79.5625
-9999 -9999 -9999 -9999 -9999 -9999 -9999 -9999 -9999 -9999 -9999 -9999 83.3333358764648 86.5 89.1538467407227 91.461540222168 92.2666702270508 91.0833358764648 87.2222213745117 85 84.8000030517578 83.25 80.8125 79.75 79.5625 80.75 81.5 81.4375 80.625 79.375 78.375 78.375 78.1875 78.875 79.25 78.25 77.1875 75.1875 74.375 73.375 73.375 73.0625 73.75 75.3125 76.375 76.6875 76 75.25 75.9375 76.5 76.3125 77.9375 79.5 79.4375 78.0625 78.4375 78.875 79.6875 81.3125 83.75 84.0625 83.8125 83.75 83.1875 82.8125 81.4375 80.9375 79.5 78.875 78.5 78.25
77.3125 76.3125 76.1875 75.3846130371094 74 74 -9999 -9999 -9999 -9999 -9999 -9999 80.2857131958008 82.8666687011719 86.3125 89.3125 91.9375 89.0625 85.3125 82.8125 80.6875 79.6875 78.4375 77.3125 77.375 77.75 78.375 78.625 77.8125 76.9375 77.4375 78.125 78.4375 78.6875 79.3125 79.5 78.375 77.1875 76.4375 76.375 75.3125 75.875 76 77.125 78.1875 77.625 76.8125 76.875 75.75 75.5 75.5 76.0625 77.0625 77.625 77.25 78 78.3125 79.625 80.625 82.9375 84.1875 84.1875 83.75 83.5625 82.5625 81.5 81.375 79.25 78.375 78.8125 79.625
