input_data/future_climate/CNMR_126/_bio10_a.asc
ncols  331
nrows  193
xllcorner  17.833372883333
yllcorner  37.9999896166667
cellsize 0.1666667
NODATA_value  -9999
[rows 105 to 125 of 193, columns 0 to 45 of 331]
20.4718742370605 20.3843746185303 20.2854175567627 20.279167175293 20.185417175293 20.0770835876465 20.0562496185303 20.0458335876465 19.9177093505859 19.8739585876465 19.8999996185303 19.9427089691162 19.5843753814697 19.4677085876465 19.439582824707 19.484375 19.5427074432373 19.4770832061768 19.4677085876465 19.6437492370605 19.75 19.877082824707 19.783332824707 19.7291660308838 19.622917175293 19.5093746185303 19.470832824707 19.4562492370605 19.3531246185303 19.1843738555908 19.0656242370605 19.0208339691162 18.9020843505859 18.796875 18.7218742370605 18.580207824707 18.3229160308838 18.2489585876465 18.2906246185303 18.2614593505859 18.3093757629395 18.4885425567627 18.7083339691162 18.6677093505859 18.703125 18.8624992370605
20.6947917938232 20.5874996185303 20.5406246185303 20.4739589691162 20.3354167938232 20.173957824707 20.048957824707 19.908332824707 19.8791675567627 19.8968753814697 19.8385410308838 19.9593753814697 19.953125 19.765625 19.6499996185303 19.5499992370605 19.5791664123535 19.53125 19.6656246185303 19.5687503814697 19.701042175293 19.7135410308838 19.6218757629395 19.6052074432373 19.5989589691162 19.466667175293 19.3062496185303 19.3427085876465 19.4697914123535 19.390625 19.326042175293 19.013542175293 19.0229167938232 19.1354160308838 19.0677089691162 19.0031242370605 18.814582824707 18.5822906494141 18.4624996185303 18.2916660308838 18.3916664123535 18.6083335876465 18.783332824707 18.890625 19.0197906494141 19.0104160308838
20.705207824707 20.5718746185303 20.5281257629395 20.4260425567627 20.3937492370605 20.283332824707 20.138542175293 19.951042175293 19.9593753814697 19.986457824707 19.9791660308838 19.9479160308838 19.953125 19.9364585876465 19.888542175293 19.6291675567627 19.5552082061768 19.5249996185303 19.8447914123535 20.0218753814697 19.5927085876465 19.5239582061768 19.4885406494141 19.3958339691162 19.453125 19.4416656494141 19.3697910308838 19.3385410308838 19.3218746185303 19.423957824707 19.3812503814697 19.3854160308838 19.4583339691162 19.435417175293 19.3791675567627 19.2875003814697 19.1177082061768 18.986457824707 18.8645839691162 18.8250007629395 18.7427082061768 18.8239574432373 18.9406242370605 19.0416660308838 19.1458339691162 19.2718753814697
20.2416667938232 20.2104167938232 20.1822910308838 20.1479167938232 20.3864574432373 20.3552093505859 20.1468753814697 20.076042175293 20.0635414123535 20.0218753814697 20.0062503814697 19.9583339691162 20.0218753814697 19.8979167938232 19.7239589691162 19.65625 19.5479164123535 19.4375 19.5197906494141 19.6062507629395 19.716667175293 19.5874996185303 19.6489582061768 19.5364589691162 19.5031242370605 19.4281253814697 19.3656253814697 19.4010429382324 19.4447917938232 19.4989585876465 19.5552082061768 19.6645832061768 19.6187496185303 19.6031246185303 19.705207824707 19.7999992370605 19.341667175293 19.154167175293 19.0874996185303 19.0874996185303 18.7958335876465 18.9562492370605 19 19.2354164123535 19.3781242370605 19.5093746185303
19.6864585876465 19.6395835876465 19.5874996185303 19.544792175293 19.7062492370605 19.7885417938232 19.7406253814697 19.8083324432373 19.7437496185303 19.7218742370605 19.7093753814697 19.7625007629395 19.7447910308838 19.9781246185303 20.017707824707 19.8312492370605 19.7645835876465 19.8666667938232 20.1729164123535 20.279167175293 20.4177093505859 20.2510414123535 20.064582824707 19.955207824707 19.8239574432373 19.828125 19.8135414123535 19.8864574432373 19.8093757629395 19.84375 19.7854175567627 19.7979164123535 19.8541660308838 19.7822914123535 19.779167175293 19.747917175293 19.517707824707 19.4833335876465 19.533332824707 19.5593757629395 19.5718746185303 19.6010417938232 19.580207824707 19.6552085876465 19.7541656494141 20.0104160308838
19.5906257629395 19.7875003814697 19.6437511444092 19.6343746185303 19.6979160308838 19.7000007629395 19.671875 19.6666660308838 19.6354160308838 19.9927082061768 19.5843753814697 19.5166664123535 19.6437492370605 19.8520832061768 20.0281257629395 20.0197906494141 19.9802093505859 20.1135406494141 20.3312492370605 20.46875 20.5322914123535 20.5437507629395 20.314582824707 20.0729160308838 19.9750003814697 19.9260425567627 19.9760417938232 20.0395832061768 20.017707824707 19.96875 19.8968753814697 19.9156246185303 19.8874988555908 19.7843742370605 19.7979164123535 19.6291656494141 19.6927089691162 19.6437492370605 19.5541667938232 19.502082824707 19.5927085876465 19.6677093505859 19.78125 19.9583339691162 20.122917175293 20.3083343505859
19.5364570617676 19.6572914123535 19.642707824707 19.4718742370605 19.5656242370605 19.6875 19.6052093505859 19.5947914123535 19.5708332061768 19.533332824707 19.5583324432373 19.7385425567627 19.8020839691162 19.8624992370605 19.9166660308838 20.0979156494141 20.2041664123535 20.2437496185303 20.388542175293 20.5239582061768 20.5583324432373 20.4187507629395 20.451042175293 20.3322925567627 20.173957824707 20.0708332061768 20.0822906494141 20.1531257629395 20.1156253814697 20.0270843505859 19.9427089691162 19.8739585876465 19.765625 19.685417175293 19.7937488555908 19.6645832061768 19.6677093505859 19.560417175293 19.5697917938232 19.5552082061768 19.4874992370605 19.6260414123535 19.8552093505859 19.9520835876465 20.1666660308838 20.314582824707
19.310417175293 19.5395832061768 19.5270843505859 19.4645843505859 19.482292175293 19.5906238555908 19.734375 19.6645832061768 19.5791664123535 19.5822906494141 19.6708335876465 19.7999992370605 19.8156242370605 19.8270835876465 19.9375 19.857292175293 19.8500003814697 20.2124996185303 20.3468742370605 20.6156253814697 20.6458339691162 20.408332824707 20.2437496185303 20.2687492370605 20.1937503814697 20.0114574432373 20.0406246185303 20.0687503814697 19.9906253814697 19.986457824707 19.9333343505859 19.8343753814697 19.7666664123535 19.7000007629395 19.6156253814697 19.671875 19.5822906494141 19.5249996185303 19.4854164123535 19.4270820617676 19.4697914123535 19.7135410308838 19.810417175293 19.9322910308838 20.185417175293 20.3552074432373
19.4385414123535 19.5583343505859 19.482292175293 19.4479160308838 19.4770832061768 19.5666675567627 19.671875 19.875 19.9072914123535 19.6447925567627 19.6812496185303 19.7000007629395 19.7781257629395 19.7916660308838 19.6635417938232 19.5427093505859 19.138542175293 19.4697914123535 20.0593757629395 20.3135414123535 20.4458332061768 20.4322929382324 20.3197917938232 20.279167175293 20.1395835876465 19.875 19.8802089691162 19.919792175293 20.1927070617676 19.9520835876465 19.8989582061768 19.8156242370605 19.6927089691162 19.6343746185303 19.5979175567627 19.5427093505859 19.5479164123535 19.5718746185303 19.486457824707 19.5666675567627 19.6458339691162 19.7999992370605 19.8093738555908 20.109375 20.2437496185303 20.3468742370605
19.533332824707 19.5 19.4333324432373 19.3635406494141 19.3270835876465 19.4479160308838 19.5895843505859 19.576042175293 19.6260414123535 19.6843757629395 19.560417175293 19.6375007629395 19.6822910308838 19.5093746185303 19.4416656494141 19.3125 19.0406246185303 19.0229167938232 19.4760417938232 19.8500003814697 19.9635410308838 20.0531253814697 20.158332824707 20.1979160308838 20.0041675567627 19.9156246185303 19.8322906494141 19.8781242370605 19.7822914123535 19.6343746185303 19.7145824432373 19.7041664123535 19.5739593505859 19.5031242370605 19.5583343505859 19.5218753814697 19.4968757629395 19.470832824707 19.533332824707 19.6666660308838 19.689582824707 19.734375 19.8604164123535 20.1156253814697 20.3187503814697 20.4135417938232
19.6041660308838 19.5145835876465 19.4312496185303 19.2239589691162 19.294792175293 19.3989582061768 19.4104156494141 19.638542175293 19.6458339691162 19.6604175567627 19.6312503814697 19.7229156494141 19.720832824707 19.578125 19.5093746185303 19.4020843505859 19.3489589691162 19.0302085876465 19.060417175293 19.4468746185303 19.701042175293 20.0041675567627 20.0208339691162 20.0093746185303 19.9052085876465 19.7218742370605 19.611457824707 19.5354175567627 19.533332824707 19.4604167938232 19.4427089691162 19.4656257629395 19.3791656494141 19.2260417938232 19.171875 19.3479156494141 19.421875 19.5572910308838 19.6770820617676 19.7093753814697 19.5104160308838 19.6802082061768 19.8041667938232 19.9729156494141 20.1916675567627 20.2260417938232
20.015625 19.7593746185303 19.4750003814697 19.2687492370605 19.2437496185303 19.2124996185303 19.1510410308838 19.5072917938232 19.4500007629395 19.421875 19.607292175293 19.6343746185303 19.6031246185303 19.6333332061768 19.6802082061768 19.6781253814697 19.5531253814697 19.3697910308838 19.2604160308838 19.2406253814697 19.2927074432373 19.6416664123535 19.8937492370605 19.9791660308838 20.064582824707 19.8291664123535 19.6875 19.5145835876465 19.3739585876465 19.3718757629395 19.4770832061768 19.4447917938232 19.3781242370605 19.201042175293 19.2124996185303 19.3354167938232 19.4385414123535 19.5750007629395 19.625 19.669792175293 19.5822906494141 19.544792175293 19.5989589691162 19.8239574432373 20.0968742370605 20.2614593505859
20.0302085876465 19.8395843505859 19.640625 19.408332824707 19.3093757629395 19.185417175293 19.1031246185303 19.1124992370605 19.205207824707 19.0593757629395 19.2572917938232 19.5125007629395 19.6197910308838 19.6958332061768 19.8197917938232 19.9364585876465 19.7593746185303 19.7072925567627 19.7447910308838 19.794792175293 19.765625 19.857292175293 20.1208324432373 20.1499996185303 20.0114593505859 20.076042175293 19.8739585876465 19.7729167938232 19.5927085876465 19.5406246185303 19.3020839691162 18.966667175293 18.8864574432373 18.8822917938232 19.033332824707 19.1572914123535 19.2020835876465 19.3864574432373 19.5656261444092 19.4958343505859 19.453125 19.4770832061768 19.5375003814697 19.6864585876465 19.921875 20.109375
19.8406257629395 19.8479175567627 19.560417175293 19.4489574432373 19.5322914123535 19.455207824707 19.4718742370605 19.3791656494141 19.4427089691162 19.1552085876465 19.0031242370605 19.0968742370605 19.423957824707 19.5406246185303 19.7062492370605 19.8343753814697 20.0885410308838 20.0510406494141 20.0197906494141 20.1843757629395 20.2000007629395 20.2541675567627 20.107292175293 19.9020824432373 19.8916664123535 19.8406257629395 20.0052089691162 20 19.857292175293 19.6968746185303 19.5406246185303 19.2406253814697 18.8041667938232 18.6489582061768 18.8093757629395 19.0260429382324 19.1916656494141 19.3031253814697 19.5322914123535 19.4114589691162 19.3624992370605 19.3875007629395 19.388542175293 19.5249996185303 19.7489585876465 19.921875
19.404167175293 19.5270824432373 19.716667175293 19.4302082061768 19.5385417938232 19.8239593505859 19.7687492370605 19.875 19.9020824432373 19.5145835876465 19.03125 18.8343753814697 19.4010410308838 19.8958339691162 20.0635414123535 20.1781253814697 20.1885414123535 20.3604164123535 20.4270839691162 20.3083343505859 20.2145824432373 20.1656246185303 19.8947925567627 19.7625007629395 19.7218742370605 19.71875 19.8333339691162 20.03125 20.0364589691162 19.7083339691162 19.5270843505859 19.4656257629395 19.060417175293 18.5281257629395 18.6041679382324 18.9750003814697 19.1833343505859 19.2708339691162 19.3677082061768 19.3322925567627 19.314582824707 19.2291660308838 19.1927089691162 19.2260417938232 19.4791679382324 19.9468746185303
19.2458324432373 19.4187507629395 19.6781253814697 19.564582824707 19.7593746185303 19.5947914123535 19.6302089691162 19.9052085876465 20.0375003814697 19.8343753814697 19.654167175293 19.892707824707 20.4447917938232 20.4833335876465 20.419792175293 20.3479175567627 20.3291664123535 20.3020839691162 20.4010410308838 20.0593757629395 19.984375 20.0562496185303 19.8364582061768 19.6812496185303 19.767707824707 19.9020843505859 19.9166660308838 20.0708332061768 20.173957824707 20.1322917938232 19.8510417938232 19.5708332061768 19.2468738555908 18.9458332061768 18.4760417938232 18.8395843505859 19.1625003814697 19.2739582061768 19.2999992370605 19.2458324432373 19.0552082061768 19.0437507629395 18.8864593505859 18.9406242370605 19.2625007629395 19.6906242370605
19.205207824707 19.3270835876465 19.7614574432373 19.8718757629395 19.8739585876465 19.7916660308838 19.9333343505859 19.9885425567627 19.8666667938232 19.798957824707 19.6875 19.8708324432373 19.8041667938232 19.8500003814697 20.1489582061768 19.9635410308838 19.9416656494141 20.0843753814697 20.0322914123535 19.7604160308838 19.75 19.591667175293 19.328125 19.4281253814697 19.4260406494141 19.3833332061768 19.2708339691162 19.5729160308838 19.8239593505859 20.1552085876465 20.1927089691162 19.8427085876465 19.544792175293 19.3322906494141 18.9697914123535 18.7802085876465 19.0114593505859 19.3718757629395 19.34375 19.2781257629395 19.2552089691162 19.0385417938232 18.6572914123535 18.357292175293 18.5791664123535 19.0270843505859
18.8312492370605 19.607292175293 19.9343757629395 19.6156253814697 19.5718746185303 19.2406253814697 18.2229156494141 18.3020839691162 18.544792175293 17.7749996185303 18.4968757629395 18.2354164123535 18.46875 18.4718761444092 18.638542175293 18.8500003814697 19.4187507629395 19.6083335876465 19.6479167938232 19.59375 19.6760425567627 19.8020839691162 19.6833343505859 19.466667175293 19.2708339691162 19.048957824707 19.2114582061768 19.2437496185303 19.267707824707 19.8270835876465 19.9718742370605 19.6604175567627 19.5187492370605 19.3864574432373 19.3312492370605 19.2447910308838 19.2531242370605 19.0541667938232 19.1989574432373 18.9895839691162 18.7864589691162 18.3270835876465 18.283332824707 18.2614593505859 18.533332824707 18.9468746185303
19.5072917938232 19.1145839691162 18.6062507629395 18.0031242370605 16.9812507629395 17.939582824707 17.1125011444092 17.2583332061768 16.5427093505859 16.2489585876465 16.0072917938232 17.2270832061768 17.747917175293 16.9916667938232 16.810417175293 18.2104167938232 19.4677085876465 19.2333335876465 18.6468753814697 18.8083343505859 18.5427093505859 18.6729164123535 19.015625 19.029167175293 19.1833343505859 19.279167175293 19.0770835876465 18.4572925567627 18.2124996185303 18.9031257629395 19.2958335876465 19.2291660308838 19.3520832061768 19.3135414123535 19.3812503814697 19.4416656494141 19.4750003814697 18.8958339691162 18.9364585876465 18.7093753814697 18.736457824707 18.2864589691162 18.2447910308838 18.3270835876465 18.578125 18.90625
18.8739585876465 18.2552089691162 17.2156257629395 16.6864585876465 17.140625 17.7739582061768 17.1187496185303 16.2531261444092 15.8322916030884 16.4874992370605 17.2666664123535 17.0833339691162 17.1177082061768 17.3166656494141 17.5083332061768 17.8229160308838 17.015625 17.8343753814697 17.4427089691162 17.8760414123535 18.1885414123535 18.515625 18.5697917938232 18.2385406494141 17.78125 18.1062507629395 18.5010414123535 18.5031242370605 17.7906246185303 17.484375 17.7468757629395 18.3114585876465 18.7906246185303 19.2124996185303 19.4968757629395 19.5010414123535 19.5708332061768 19.5062503814697 19.423957824707 19.2770843505859 19.0187511444092 18.607292175293 18.439582824707 18.4479160308838 18.673957824707 18.9927082061768
18.580207824707 18.1635417938232 17.6510410308838 17.8270835876465 18.6124992370605 18.7843742370605 17.40625 16.0187492370605 16.5072917938232 16.7958335876465 15.8343753814697 13.8156251907349 13.8447914123535 13.3541669845581 14.4135417938232 17.1843757629395 17.0885410308838 17.5385417938232 17.9614582061768 17.7489585876465 18.9791660308838 19.6197910308838 19.7625007629395 19.298957824707 18.7395839691162 17.7291679382324 16.919792175293 17.1499996185303 17.0666675567627 16.935417175293 17.064582824707 16.7385425567627 17.0843753814697 17.7437496185303 18.7552089691162 19.3114585876465 19.4614582061768 19.497917175293 19.5041656494141 19.3739585876465 19.5104160308838 19.3531246185303 18.7999992370605 18.732292175293 18.8072910308838 19.1135425567627
