input_data/future_climate/CNMR_126/_bio10_a.asc
ncols  331
nrows  193
xllcorner  17.833372883333
yllcorner  37.9999896166667
cellsize 0.1666667
NODATA_value  -9999
[rows 147 to 167 of 193, columns 138 to 183 of 331]
24.8364582061768 24.9302082061768 24.8635406494141 24.935417175293 25.0062503814697 25.1031246185303 25.1624984741211 25.1343746185303 25.0302085876465 24.9812507629395 25.0635414123535 25.15625 25.2437496185303 25.1156253814697 25.3479175567627 25.5281257629395 25.6864585876465 25.7854156494141 25.7708339691162 26.0239582061768 26.185417175293 26.1875 26.1520824432373 26.3666667938232 26.6302070617676 26.8677082061768 26.9281253814697 26.9468746185303 26.9541664123535 26.9750003814697 26.8406257629395 26.7104167938232 26.5677089691162 26.6302070617676 26.75 26.8364582061768 26.8791675567627 26.8791675567627 26.9343757629395 26.752082824707 25.9416675567627 25.4958324432373 25.564582824707 25.9187507629395 26.0541667938232 26.0281257629395
24.6916656494141 24.6552085876465 24.7458343505859 24.752082824707 24.8833332061768 24.7979164123535 24.9208335876465 24.904167175293 24.6885414123535 24.736457824707 24.8156242370605 25.1145839691162 24.9802093505859 25.0270824432373 25.1510410308838 25.2416667938232 25.2114582061768 25.3677082061768 25.4760417938232 25.7114582061768 25.9229164123535 26.1947917938232 26.2406253814697 26.4114570617676 26.5208320617676 26.6812496185303 26.8395824432373 26.6927070617676 26.8135414123535 26.8541660308838 26.752082824707 26.6218757629395 26.6770820617676 26.7760429382324 26.8270835876465 26.8802089691162 26.966667175293 27.0229167938232 26.8166656494141 26.2572917938232 25.7489585876465 25.8093757629395 25.9302082061768 26.142707824707 26.2374992370605 26.2104167938232
24.6364574432373 24.5666656494141 24.5125007629395 24.5520839691162 24.7177085876465 24.3708324432373 24.2250003814697 24.3020839691162 24.4458332061768 24.5677089691162 24.6812496185303 25.1260414123535 24.4958324432373 24.3812503814697 24.5354175567627 24.6989574432373 24.9718742370605 25.0385417938232 25.3812503814697 25.6135406494141 25.622917175293 25.8052082061768 25.9427070617676 26.064582824707 26.3739585876465 26.5552082061768 26.7770824432373 26.7000007629395 26.7572917938232 26.7718753814697 26.7104167938232 26.6156253814697 26.6510429382324 26.8395843505859 26.9145832061768 26.9833335876465 27.048957824707 27.0625 26.767707824707 25.8489589691162 25.9802074432373 26.0083332061768 26.1937503814697 26.1510410308838 26.2374992370605 26.2239589691162
24.3937492370605 24.4968757629395 24.1614570617676 23.9989585876465 24.3687496185303 24.267707824707 23.2197914123535 23.9958324432373 24.533332824707 24.372917175293 24.732292175293 24.8916664123535 24.0125007629395 24.2906246185303 24.6593742370605 24.7739582061768 25.1166667938232 25.4916667938232 25.4729156494141 25.689582824707 25.7958335876465 25.877082824707 25.8114585876465 26.015625 26.3510417938232 26.5572929382324 26.7739582061768 26.732292175293 26.6000003814697 26.6208343505859 26.5510406494141 26.658332824707 26.7718753814697 26.888542175293 26.9812507629395 27.0572910308838 27.0812492370605 27.1260414123535 26.3739585876465 26.0895824432373 26.1593742370605 26.2020835876465 26.2531242370605 26.2708339691162 26.247917175293 26.2177085876465
24.1770820617676 24.2062492370605 24.1531257629395 23.7416667938232 23.921875 24.1458320617676 23.390625 23.205207824707 23.6843757629395 23.8718757629395 24.1020832061768 24.4541664123535 23.4145832061768 23.9072914123535 24.4437503814697 24.796875 25.1489582061768 25.5010414123535 25.8875007629395 26.173957824707 26.1843757629395 26.0822906494141 26.1635417938232 26.2156257629395 26.2958335876465 26.3062496185303 26.53125 26.7489585876465 26.8322906494141 26.872917175293 26.9333324432373 26.8135414123535 26.7781257629395 26.9802074432373 27.0510406494141 27.1020832061768 26.986457824707 26.455207824707 26.122917175293 26.2916660308838 26.3322925567627 26.330207824707 26.3312492370605 26.1656246185303 26.142707824707 26.091667175293
23.7729167938232 23.7354164123535 23.7437496185303 23.7406253814697 23.8604164123535 23.9927082061768 23.75 23.0510406494141 23.622917175293 24.064582824707 24.1281242370605 24.0218753814697 23.328125 24.142707824707 24.5093746185303 24.9791660308838 25.3510417938232 25.7979164123535 26.125 26.4260406494141 26.1989593505859 26.0145835876465 25.9385414123535 25.9624996185303 26.1531257629395 26.3447914123535 26.7312507629395 27.0041675567627 27.1364593505859 27.15625 27.0750007629395 27.0343742370605 27.0531253814697 27.078125 27.1104164123535 26.8781261444092 26.4020843505859 26.1145839691162 26.3833332061768 26.4874992370605 26.4791679382324 26.4177074432373 26.3427085876465 26.171875 26.1395835876465 26.0531253814697
23.1666660308838 23.1770839691162 23.0718746185303 23.0729160308838 22.7843761444092 23.109375 23.5427093505859 23.060417175293 23.0479164123535 23.3843746185303 23.5583324432373 23.279167175293 23.7541656494141 24.1187496185303 24.5052089691162 24.8239574432373 25.1979179382324 25.53125 25.997917175293 26.1781253814697 26.0218753814697 25.997917175293 25.9760417938232 25.9156265258789 26.1520824432373 26.5541667938232 26.8843746185303 27.1364574432373 27.2510414123535 27.2291660308838 27.1104164123535 27.0427074432373 27.0947914123535 27.1875 27.0989570617676 26.390625 26.1041660308838 26.3364582061768 26.564582824707 26.7177085876465 26.6354160308838 26.4854164123535 26.3395843505859 26.1312503814697 26.0656242370605 25.9916667938232
22.1374988555908 22.107292175293 21.5718746185303 22.1677074432373 22.1781253814697 22.5052089691162 22.872917175293 22.3958339691162 21.9343757629395 22.6062507629395 23.1958332061768 23.4072914123535 23.4385414123535 23.6770839691162 24.2906246185303 24.7229156494141 25.1375007629395 25.5104160308838 25.6989574432373 25.8916664123535 25.96875 25.8479156494141 25.8229160308838 25.7843742370605 25.9895839691162 25.9697914123535 26.4437503814697 26.7489585876465 27.0385417938232 27.0729160308838 26.9395847320557 26.8718757629395 27.0104160308838 27.0531253814697 26.9624996185303 26.4729175567627 26.2531242370605 26.3822917938232 26.5833339691162 26.9020843505859 26.8374996185303 26.5041656494141 26.3083343505859 26.064582824707 25.9812488555908 25.935417175293
21.7281246185303 20.9729175567627 20.6687507629395 21.4500007629395 21.747917175293 21.4875011444092 21.8604164123535 22.21875 21.466667175293 21.8125 22.53125 23.1145839691162 23.4229164123535 23.7385406494141 23.9437503814697 24.470832824707 24.7822914123535 25.122917175293 25.4499988555908 25.5458335876465 25.6614570617676 25.7927074432373 25.8947925567627 26.0281238555908 26.3072910308838 26.283332824707 26.2458324432373 26.4031257629395 26.7104167938232 26.7041664123535 26.7510414123535 26.8354167938232 26.9270839691162 26.5708332061768 26.5208339691162 26.0562496185303 26.8447914123535 27.0562496185303 26.703125 26.578125 26.546875 26.3447914123535 26.1833343505859 25.9677085876465 25.8822917938232 25.8041667938232
20.0302085876465 19.1885414123535 19.2135410308838 19.8697910308838 20.0218753814697 20.1020832061768 20.4291667938232 20.1916656494141 19.6489582061768 20.3114585876465 20.7666664123535 21.5385417938232 22.15625 22.720832824707 23.392707824707 24.0270824432373 24.419792175293 24.8468761444092 25.1145839691162 25.3395843505859 25.5479164123535 25.6791667938232 25.8791675567627 25.9270839691162 26.3166656494141 26.5406246185303 26.5593757629395 26.7281246185303 26.8208332061768 26.7854156494141 26.6656246185303 26.7135410308838 26.7395820617676 26.2104167938232 25.966667175293 26.0208320617676 26.4208335876465 26.7770843505859 27.236457824707 26.4947910308838 26.2645835876465 26.3500003814697 26.0104179382324 25.8052082061768 25.7395839691162 25.6749992370605
17.3666667938232 18.1749992370605 18.4656257629395 18.2760429382324 18.8947906494141 19.033332824707 18.8395824432373 17.1239585876465 16.9312496185303 17.3656253814697 18.4614582061768 19.25 19.4885425567627 21.3697910308838 22.5010414123535 23.3312492370605 23.96875 24.5218753814697 24.8635406494141 25.1625003814697 25.4906253814697 25.7281265258789 25.8427085876465 25.982292175293 26.2854156494141 26.4770832061768 26.5385417938232 26.609375 26.7218742370605 26.7041664123535 26.7135429382324 26.5208320617676 26.4968757629395 25.8583335876465 25.6499996185303 25.6395835876465 25.8312511444092 26.060417175293 26.3343753814697 26.7760410308838 26.6145839691162 26.4572906494141 25.845832824707 25.6520843505859 25.5989589691162 25.5416660308838
14.8697919845581 15.2843751907349 16.1927089691162 16.9635410308838 17.3197917938232 17.1875 17.390625 15.9145832061768 14.4072914123535 13.8374996185303 14.2572917938232 15.765625 17.9583339691162 19.8541660308838 21.326042175293 22.5364589691162 23.6781253814697 24.0947914123535 24.6468753814697 24.9770832061768 25.1802082061768 25.5416679382324 25.7145843505859 25.6635417938232 25.9229164123535 26.0364589691162 26.1947917938232 26.4052085876465 26.6062507629395 26.7593746185303 26.71875 26.5114593505859 26.4562492370605 25.767707824707 25.3916664123535 25.4437503814697 25.669792175293 25.8239593505859 26.017707824707 26.3322925567627 26.689582824707 25.6979160308838 25.6124992370605 25.453125 25.4145832061768 25.3812503814697
14.578125 12.9364585876465 13.7593746185303 14.1760416030884 14.1447916030884 14.9093742370605 15.2052087783813 15.7406253814697 14.7406253814697 13.0927085876465 13.2791662216187 12.872917175293 14.3635416030884 17.314582824707 19.3708343505859 21.2552070617676 23.28125 23.78125 24.2218742370605 24.5625 24.611457824707 24.6833324432373 24.6135425567627 24.4614582061768 24.7572917938232 25.185417175293 25.3562507629395 25.6989574432373 25.9677085876465 26.263542175293 26.6552085876465 26.5458335876465 26.2062492370605 25.4125003814697 25.421875 25.5343742370605 25.6885414123535 25.9416656494141 26.4104156494141 25.736457824707 25.794792175293 25.4604167938232 25.423957824707 25.2531242370605 25.2250003814697 25.203125
14.9364585876465 13.234375 12.4291667938232 12.2770833969116 11.5947914123535 13.3937501907349 11.7333335876465 13.2354164123535 12.5083332061768 7.91770839691162 9.9375 10.986457824707 13.888542175293 15.3250007629395 15.8979167938232 18.861457824707 21.4635429382324 22.5843753814697 23.533332824707 24.0552082061768 24.0062503814697 22.8125 22.6708335876465 23.6052074432373 23.8875007629395 24.2406253814697 24.580207824707 25.0375003814697 25.3812503814697 25.5458335876465 25.4208335876465 25.6510429382324 25.5427093505859 25.6437492370605 25.5218753814697 25.5770835876465 25.6749992370605 25.7270832061768 26.0093746185303 26.4343757629395 25.5656242370605 25.279167175293 25.2312507629395 25.0677070617676 25.0229167938232 25.0187492370605
18.4427089691162 16.0874996185303 14.6770839691162 13.78125 12.6510419845581 12.4333333969116 11.8427085876465 10.6729164123535 11.3406248092651 8.88958358764648 9.98645877838135 10.3843746185303 8.32291698455811 11.8541669845581 13.0239582061768 16.125 20.0885410308838 21.03125 22.0239582061768 22.8999996185303 23.3052082061768 23.2875003814697 22.9645824432373 22.6875 22.7218761444092 23.9093742370605 24.6937503814697 24.8312492370605 25.1499996185303 25.3010406494141 25.2312507629395 25.0062503814697 24.7697925567627 24.9135417938232 25.0260410308838 25.296875 25.5572910308838 25.8114585876465 26.2354164123535 26.5427093505859 25.5364589691162 25.1302089691162 25.0427093505859 24.8625011444092 24.830207824707 24.8041667938232
21.3277778625488 20.8062496185303 18.8843746185303 17.2260417938232 16.2416667938232 15.7145833969116 15.0208339691162 13.4114580154419 14.21875 13.8552083969116 12.9427080154419 12.5416669845581 9.33333301544189 7.09895801544189 9.11874961853027 12.9885416030884 13.0802087783813 17.826042175293 20.3239574432373 22.1177082061768 22.7270832061768 22.6302089691162 22.3843746185303 22.0229167938232 21.0249996185303 21.611457824707 22.6927089691162 23.705207824707 24.2999992370605 24.1729164123535 23.6968746185303 22.8291664123535 22.7114582061768 22.7666664123535 22.5927085876465 23.0093746185303 24.470832824707 25.3447914123535 26.3031253814697 26.3020839691162 25.388542175293 25.0052089691162 24.8541660308838 24.6499996185303 24.6208343505859 24.6187496185303
24.3000011444092 23.8500003814697 22.7958335876465 21.3822917938232 20.140625 16.4156246185303 14.7906246185303 16.4270839691162 15.8062496185303 13.0666666030884 12.8854169845581 13.4812498092651 13.7239580154419 10.8458337783813 10.8937501907349 9.63541698455811 10.2885417938232 13.6802082061768 14.0124998092651 17.7552089691162 18.013542175293 18.3093757629395 19.1177082061768 18.6499996185303 18.5708332061768 17.794792175293 16.845832824707 18.3760414123535 21.3041667938232 21.5614585876465 19.84375 19.2895832061768 19.2124996185303 17.9343757629395 17.048957824707 18.3197917938232 22.9802093505859 24.7875003814697 25.0822906494141 24.7604179382324 25.6968746185303 24.9520835876465 24.6489582061768 24.5510406494141 24.5281257629395 24.5614585876465
-9999 24.2666664123535 24.1111106872559 24.2378787994385 24.111457824707 21.6166667938232 18.3333339691162 19.6499996185303 15.7020835876465 15.1416664123535 15.2552080154419 17.845832824707 15.8093748092651 14.5437498092651 14.1614580154419 14.1437501907349 14.4468746185303 9.41874980926514 11.9395837783813 12.0739583969116 11.5302085876465 9.66666698455811 12.4312496185303 13.0343751907349 14.2770833969116 12.4968748092651 15.1812496185303 16.8489589691162 19.002082824707 17.6520824432373 17.3739585876465 15.8614587783813 17.7156257629395 18.0239582061768 20.1864585876465 20.5531253814697 20.0375003814697 21.2489585876465 23.127082824707 23.9562492370605 25.1135406494141 25.0562496185303 24.4614582061768 24.4125003814697 24.4156246185303 24.4312496185303
-9999 -9999 -9999 24.3166656494141 24.5354156494141 24.53125 23.8208332061768 23.4989585876465 22.2645835876465 19.2770843505859 17.908332824707 21.28125 21.046875 19.6499996185303 20.1218738555908 19.1822910308838 17.3364582061768 13.0166673660278 11.6875 13.529167175293 11.4427080154419 10.9166669845581 12.609375 10.6125001907349 12.9093751907349 12.0895833969116 11.3729162216187 12.1270837783813 11.171875 13.9562492370605 14.0125007629395 17.4906253814697 17.591667175293 16.4906253814697 16.3854160308838 16.7416667938232 20.7802085876465 18.435417175293 19.6958332061768 20.6489582061768 23.1812496185303 24.8500003814697 24.6687507629395 24.330207824707 24.3864574432373 24.408332824707
-9999 -9999 -9999 -9999 24.5805549621582 24.7104167938232 24.513542175293 24.627082824707 24.3010406494141 23.482292175293 22.8791675567627 22.7395820617676 21.5989589691162 19.9458332061768 19.7760410308838 19.7854175567627 18.330207824707 17.0614585876465 17.6822910308838 15.5375003814697 13.3041667938232 14.3479166030884 15.8927087783813 16.0770835876465 16.5499992370605 14.0635414123535 11.8291664123535 12.1114587783813 13.5322914123535 12.1729164123535 14.720832824707 15.1802082061768 11.6416664123535 14.8312501907349 18.2145843505859 17.6343746185303 19.779167175293 20.029167175293 19.1031246185303 19.0239582061768 20.5614585876465 24.0010414123535 25.0239582061768 24.576042175293 24.4833335876465 24.4572906494141
-9999 -9999 -9999 -9999 24.3466663360596 24.4968757629395 24.7895832061768 24.9947910308838 25.3895835876465 25.3510417938232 25.2145843505859 24.8531265258789 24.419792175293 24.1291656494141 23.544792175293 22.892707824707 21.2583332061768 21.0552082061768 21.6395835876465 20.9614582061768 18.6749992370605 18.5427074432373 18.2875003814697 19.1000003814697 18.3895835876465 17.7229175567627 18.8468742370605 16.013542175293 12.9166669845581 13.4572916030884 14.892707824707 11.7708330154419 12.5531253814697 14.1572914123535 11.986457824707 14.4010410308838 16.4624996185303 17.4562492370605 17.3843746185303 17.232292175293 18.826042175293 22.1812496185303 24.96875 25.4333343505859 24.8500003814697 24.5677070617676
