input_data/future_climate/CNMR_126/_bio19_a.asc
ncols  331
nrows  193
xllcorner  17.833372883333
yllcorner  37.9999896166667
cellsize 0.1666667
NODATA_value  -9999
[rows 93 to 123 of 193, columns 68 to 135 of 331]
128.1875 126.375 123.75 121.9375 120.875 119.9375 119.25 117.75 117.4375 117.0625 117.25 118.8125 121 123.5 127.3125 129.5625 132 132.625 130.375 126.8125 123.75 122.125 120.9375 121.1875 121 121.3125 121.9375 122.6875 123.875 122.8125 121.0625 119.5625 118.9375 116.5 114.75 113.75 113.9375 114 115.5 117.6875 119.5 120.125 122.9375 124.4375 124.5625 123.4375 120.875 117.5625 115.0625 113.625 112.5625 111.25 110.25 110.1875 109.25 108.25 107.75 107.375 107.875 108.75 109.375 110.3125 112.25 113.3125 112.5 111.25 111.6875 110.625
126.8125 124.3125 122.0625 120.25 119 117.375 116 114.75 115.1875 113.9375 114 115.25 118.1875 120.9375 122.75 124.1875 124.8125 125.375 123.875 121.3125 119.3125 117.125 115.9375 115.8125 116.1875 117.6875 120 121.3125 122.625 122.75 121.1875 119.8125 118.125 115.375 114.25 112.6875 112.6875 113.75 116.4375 118.4375 120.1875 121.6875 121.875 123.5 124.1875 123.3125 121.25 119.0625 116.75 114.125 112.9375 112.0625 110.3125 108.75 108 107.5625 107.5625 106.75 106.875 107.1875 107.3125 109 110.6875 112.125 111.875 111.6875 110.625 110.25
124.8125 122.3125 121 119 117.125 115.4375 113.375 112.75 112.0625 111.0625 110.1875 111.5625 114.0625 116.75 118.25 119.625 120.0625 119.9375 118.6875 116.9375 114.375 112.4375 111.5625 112.3125 113.125 114.8125 116.9375 119.25 120.6875 120.8125 119.5625 118.6875 117.0625 115.1875 113.9375 112.9375 112.875 114.0625 115.6875 117.4375 120.1875 120.75 122.3125 124.625 124.6875 123.25 122.1875 119.8125 117.9375 115.875 113.9375 112.125 111.5625 109.3125 108.375 108 107.4375 105.875 104.5 104.4375 105.75 106.9375 108.375 109.875 110.8125 111 110.0625 110.1875
123.3125 120.5625 118.1875 117.25 115.25 113.375 111.625 110.0625 111 109.5 109.4375 110.9375 112.8125 115 116.4375 116.3125 116.375 116 115 112.375 109.75 106.9375 106.75 109.5 111.9375 113.875 116.25 117.3125 119.0625 119.0625 118.0625 117.3125 116.75 115.1875 113.875 113.125 112.5625 114 116 118.1875 118.875 121.375 123 124.1875 124.3125 123.625 122.375 120.25 118.4375 116.875 115.4375 114.0625 112.3125 110.9375 108.8125 107.6875 106.75 105.25 104.375 103.125 103.1875 104.75 107.1875 109 110.625 111.375 111 110.625
120.875 118.5625 115.875 113.625 113.25 111.6875 110.75 109.125 109.625 110 110.125 110.4375 111.9375 113.625 114.125 114.3125 112.4375 112.4375 111.6875 110.0625 108 106.0625 105.3125 106.875 110.6875 112.8125 115.0625 116 117.875 118.8125 118.8125 117 115.9375 115.0625 113.625 113.375 113.375 114.625 116.25 118.8125 121.8125 123.6875 123.4375 124 124.6875 123.625 121.9375 120.1875 118.5625 116.9375 115.9375 114.5625 113.25 110.75 109.125 107.9375 106.3125 104.4375 103.0625 101.4375 100.5625 102.5625 106.25 108.3125 110.375 111.9375 111.75 111.9375
117.75 115.75 114.1875 113.0625 112.6875 111.0625 109.9375 109 109.9375 110.1875 111.0625 110.875 111.25 111.6875 112.25 111.6875 111.1875 110.5 110.125 108.4375 106.9375 104.8125 106.3125 108.0625 110.8125 112.8125 115.1875 116 117.4375 118 117.5625 117.6875 116.25 115 114.8125 114.6875 115 117.6875 118.8125 121 123.625 124.9375 125.5625 126.5 126.25 125.1875 122.8125 121.25 119 118 115.9375 114.9375 113.875 112.625 111.1875 109 107.125 104.8125 103.125 101.8125 100.0625 101.6875 105 107.6875 110.25 112.125 113.5625 114.125
114.625 112.875 113.1875 112 111.9375 112.4375 111.3125 110.4375 110.625 111.25 111.9375 111.75 112 111.375 110.875 110.75 110.375 109 108.75 108.1875 107.875 106.75 107.0625 108.75 111.25 113.3125 115.125 115.625 118 119.75 120.6875 120.1875 117.875 117.4375 117.5 117.6875 117.4375 119.5625 120.75 122.5625 125.4375 126 127.0625 128.125 128.125 126.25 124.5625 121.6875 119.6875 118.4375 117.625 116.6875 102.8125 102.5 101.25 99.1875 108.875 106.5 104.625 103.125 102.625 103.8125 105.5625 108.3125 111.125 113.0625 114.3125 115.3125
112 111.75 112.5 112.75 112.8125 112.5625 113.0625 112.0625 113.5625 113.75 113.75 112.1875 111.9375 111.0625 111 110.8125 110.1875 109.0625 108.75 108.75 108.25 108.0625 108.875 110.0625 111.5625 113.375 115.3125 117.3125 119.0625 121.8125 123.6875 122.3125 120.9375 120.125 119.3125 118.8125 118.6875 120.5 122.875 124.9375 126.25 127.6875 128.375 128.8125 129 126.3125 123.9375 121.4375 120.25 118.625 118 104.875 104.4375 104.3125 103.9375 102.625 100.6875 108.375 106.625 104.875 104.6875 105.6875 107.25 109.625 111.8125 113.5625 116.25 117.875
111.9375 112.625 113.5625 114.0625 114.125 114.5625 114.375 115.3125 115.125 115.1875 114.5625 114.0625 113.625 112.625 111.625 110.8125 109.6875 108.75 108.75 109.1875 109.125 109.9375 110.3125 111.8125 113.9375 115.9375 117.5625 119.375 122.125 125 126.25 123.375 121.5 121.1875 119.875 120.75 122 123.5625 125.125 125.9375 127.625 128.25 128.1875 128.9375 127.75 125.125 123.125 120.8125 118.8125 117.625 104.8125 104.6875 105.25 106.8125 105.1875 103.125 101.3125 110.5625 108.4375 107.1875 107.5625 107.5625 108.5 110.625 112.3125 115.5625 117.9375 118.9375
111.8125 113 114.3125 115.1875 116.0625 115.875 116 116.3125 116.3125 117.0625 116.25 115.6875 113.9375 112.8125 110.9375 111.1875 111.4375 111.8125 112.5 112.4375 111.4375 113 114 115.5625 116.75 117.75 119 120.8125 123.125 124 123.8125 123.875 123.625 122.875 123.625 124.8125 125.4375 125.1875 126.3125 127.1875 127.9375 127.9375 127.6875 127.8125 126.6875 124.0625 121.625 119.8125 116.9375 116 103.25 103.25 104.25 105.9375 105.6875 104.1875 113.9375 111.375 110.5 108.75 108.5625 109.0625 110 111.5 112.875 115.8125 118.25 120.8125
112.8125 113.0625 114.0625 115.5625 116.875 117.25 117.625 116.5 116.5625 117.25 117.8125 116.3125 114.6875 113.4375 113 113.5625 113.3125 112.8125 113.0625 113 114.4375 115.3125 116.3125 117.5625 118.5625 118.875 119.6875 121.6875 122.25 122.875 124.25 124.125 124.875 124.6875 124.75 125.625 126 126.0625 127 127.875 128 127.875 127.8125 127.1875 125.4375 122.8125 120 117.75 115.75 114.3125 101.8125 102.125 103.125 104.375 105.625 116.625 115.0625 113.0625 111.625 109.625 110.0625 110 110.5625 111.8125 112.8125 116.0625 118.0625 121.9375
113.4375 113.6875 114.125 115.625 116.375 116.8125 114.375 115.125 115.5 116.1875 116.4375 115.5 115.0625 115.5625 116.1875 115.9375 115.5625 114.75 115.4375 115.875 116.875 117.8125 119 120.125 120.4375 121.0625 121.4375 122.25 123.125 122.625 124.0625 124.0625 124.5 125 125.875 125.8125 126.375 127.3125 127.75 127.25 127.5 127.1875 127.5 126.5 123.9375 122.1875 119.375 116.375 113.6875 110.875 109.875 99.6875 101.6875 103.0625 116.1875 116.0625 115.125 114.125 112.1875 111.4375 111.1875 111.125 111.8125 111.6875 114.0625 116.6875 119.6875 121.5625
114.1875 114 113.8125 114.3125 114.125 114.125 112.9375 113.1875 113.6875 113.3125 113.8125 114.0625 115.4375 117.625 119.5 119.1875 119.1875 118.9375 119.1875 118.8125 118.9375 119.6875 121.75 122.625 122.8125 123.625 123.6875 122.75 122.5625 122.75 123.8125 124.4375 124.875 125.0625 125.375 126 126.375 127.1875 127.9375 128 127.625 127.8125 127 125.375 123.625 121.5 118.25 115.3125 111.4375 108.0625 106.1875 108.4375 111.5 114.25 116.4375 116.8125 117.1875 116.875 113.875 113.5 113.0625 112 112.0625 111.8125 113.9375 115.625 116.75 118.6875
114.625 114.375 114 114.625 113.625 112.6875 111.125 110.9375 110.5 111.1875 111.0625 112.8125 115.875 119.0625 121.125 122.375 121.25 121 120.1875 119.8125 120.0625 122.9375 124.9375 125.6875 125.9375 125.625 124.625 124.1875 124.8125 124.5625 125 124.25 125.1875 125.0625 125.875 127 127.375 127.75 128 127.9375 127.5625 127 126.9375 125.5625 123.0625 120.875 118.3125 115.125 111.625 107.875 105.625 107.875 111.4375 114.9375 118.25 118.8125 119.0625 117.5625 115.3125 113.875 111.875 111.375 111.125 112.8125 114.375 115.0625 116.875 117
115.125 114.9375 114.0625 114 112.125 109.6875 109.4375 108.5625 109.25 110.375 111.8125 114.125 118 121.3125 123.3125 124.4375 124.375 123.9375 122.8125 121.125 121.75 124.8125 128.6875 130.3125 129.5625 128.25 127.75 127.25 127.8125 126.75 125.9375 125.8125 125.0625 125.625 126.5 126.875 127.0625 126.375 127.25 127.0625 127.625 128.4375 126.625 125.8125 123.5 121.0625 118.625 115.375 112.875 110.6875 110.375 111.5625 115.125 118.125 120.5625 120.5 120.1875 118.4375 116 110.6875 110.125 109.8125 111.375 113 114.625 115 115.4375 116
116.1875 114.8125 113.875 113 110.875 107.75 105.5625 106.25 108.125 109.9375 112.5625 115.625 119.75 122.6875 125.25 125.625 125.625 125 123.8125 123.1875 124.8125 129 133.6875 135.5625 133.5625 131.625 130.0625 129.0625 128.8125 127.625 126.0625 125.375 125.0625 126 125.9375 125.5 126.3125 127.625 127.6875 128.0625 129.1875 129.1875 127.625 125.6875 124.6875 122.5 119.6875 117.1875 115.0625 113.8125 113.9375 116.1875 119.3125 121.625 123.1875 123.375 121.75 120.0625 117.1875 113 111.1875 111.1875 113 113.4375 114.75 115 114.4375 114.0625
116.9375 115.1875 113.4375 112.0625 109.5 105.5625 102.5 102.9375 107.125 110.9375 114.1875 117.875 122.1875 124.4375 126.625 128.125 127.625 127.25 126.875 127.0625 129.0625 134.3125 140.5 140.75 137.9375 133.5625 130.3125 128.5625 126.75 125.9375 126.3125 125.3125 125.9375 126.5 125.3125 125.1875 128 128.6875 130.25 130.9375 130.9375 130.5625 128.3125 127.625 126.375 124.375 122.1875 119.5 118.1875 118.875 118.8125 120.4375 123.75 125.875 126.625 125.4375 124.1875 121.875 120 117.625 116.1875 113.6875 113.1875 114 114.75 114.75 113.3125 112
116.875 115 113.5625 111.875 109.3125 106.3125 102.6875 104 107.9375 113.5625 118.3125 122.375 125.625 127.375 129.25 129.375 130.0625 128.6875 128.25 128.3125 129.875 135.1875 142.625 142.3125 138.1875 134.625 131.4375 128.1875 124.8125 124.875 124.875 125.0625 126.375 125.6875 125.625 126.1875 127.5 128.6875 129.75 130.125 130.3125 130.0625 128.875 129.1875 127.5625 126 124.75 122.5625 121.25 120.8125 120.75 122.4375 125.8125 128.4375 128.5625 126.4375 124.5 123.4375 121.9375 121.625 120.5625 117.25 117.3125 116.25 114.6875 114.5625 112.75 111.625
116.8125 115.5 114.625 112.6875 111 109.3125 107.6875 108.5 112.1875 116.8125 121.9375 125.1875 127.6875 129.5 130.125 131.125 132.1875 130.8125 129.1875 127.875 127.4375 130.25 135.4375 137.25 136.125 133.625 131.375 128.25 124.625 124.3125 124.6875 125.1875 125.1875 124.0625 125.8125 127.3125 127.875 128.625 129.375 130.8125 131.1875 132.1875 131.3125 129.4375 128.1875 127.125 125.0625 124.1875 122.25 122.1875 122.75 123.75 125.8125 127.3125 127.375 126.25 124.8125 124.5 123.875 123.3125 122.1875 120.625 118.5 117 115.125 113.9375 112 110.8125
117.5 117.0625 116.4375 115.4375 114.1875 113.1875 112.75 113.75 116.0625 119.375 123.5625 126.625 128.6875 129.8125 130.9375 131 131.0625 129.375 128.6875 126.9375 125.5625 125.5 129.8125 132.5625 133.4375 132.3125 131.5625 129 127.4375 126.375 125.25 124.625 125.1875 124.75 125.4375 126.75 128.1875 129.3125 130.1875 131.4375 132.9375 133 132.5 131.3125 129.375 127.6875 125.8125 124.875 124.0625 122.3125 122.125 122.5625 123.5625 124.6875 125.4375 126.1875 125.1875 125 125.3125 123.375 123.0625 121.375 119.3125 117.875 115.875 113.75 112 110.5625
117.8125 118.1875 118.3125 118 117.625 117.0625 117.25 118.375 119.8125 122.3125 125 126.5 128.75 129.125 130.0625 130.875 131.8125 130.3125 128.625 126.8125 126.125 126.9375 129.3125 129.8125 130.8125 132.8125 132.9375 131.1875 129.375 127.375 126 125.75 125.3125 124.9375 125.75 126.5 127.4375 129.25 130.625 132.625 133.125 133.0625 132.8125 131.875 130.75 128.8125 127.5 126.375 124.6875 123.5 123.0625 122.5625 121.4375 122.75 124.6875 124.9375 124.8125 125 124.875 124.625 121.875 120.6875 119.0625 117.5625 115.625 114.375 110.9375 109.6875
120.5 121.25 122.6875 122.3125 121.3125 120.5 120.75 121.375 122.375 124.6875 125.75 126.8125 127.5 128.0625 128.75 130.625 132.0625 130.5 129.25 129 128.3125 129.6875 131 131.6875 133.5625 135.6875 136.4375 134.9375 132.8125 130.625 128.4375 126.4375 125.8125 125.0625 126.4375 127 127.5625 129.125 130.875 132.4375 133.375 133.75 133.9375 132.6875 131.75 130.25 128.5625 127.125 126.0625 124.125 122.625 121.5 120.9375 121.9375 122.75 123.1875 123.625 123.75 124.1875 123.0625 121.25 119.8125 119.125 117.375 117 113.9375 112.5625 112.0625
120.5 123.25 124.5 124.625 124.0625 122.875 122.875 122.375 123.75 125.875 127.25 125.875 125.25 125.3125 126.25 128.5 129.75 130.1875 131 131.875 132.875 132.5 132.5625 133.9375 136.6875 140.1875 140.375 138.4375 135.75 133.625 130.9375 127.375 125.5625 124.3125 125.0625 127.5 128.9375 130.75 132.3125 134.9375 135.1875 136.0625 136 134.875 132.125 130.625 129.5 127.875 125.9375 124.9375 122.6875 120.0625 120.5 121.9375 123.25 124.3125 124.9375 124.8125 124.5 124.0625 122.4375 121.25 119.625 118.5625 118.6875 117.0625 115.5625 114.625
119.375 122.75 126.375 126.75 126.3125 125.5 125.0625 123.375 123.0625 124.5 124.1875 122.6875 120.8125 121.4375 122.3125 123.8125 126.4375 129.0625 131.8125 134.6875 134.4375 133.75 133.75 135.375 137.875 141.4375 141.875 141.5 139.6875 136.3125 132.3125 128.0625 125.5 124.1875 126.6875 128.75 130.3125 133 133.625 135.625 137.625 138.375 137.3125 135.5 132.5 130.875 129.375 128.0625 126.5 125.875 123.75 121.3125 120.25 122.5625 124.375 124.4375 125.6875 125.6875 125.25 124.8125 124.5 123.75 122.3125 120.75 120.375 119.875 119.5625 117.6875
119.5 122.375 126.4375 128.8125 127.375 126.6875 125.75 125 122.8125 122.5625 120.8125 117.8125 115.5 115 116.625 119 123 126.75 131.125 135.1875 135.1875 133.875 133.375 134 134.0625 137.1875 141.375 143.6875 142.4375 137.875 133.375 126.5625 125.4375 127.0625 128.8125 130.1875 131.625 132.9375 133.6875 135.9375 137.9375 140.375 140.5 137.4375 133.5625 131.75 130.125 129 128.4375 127.4375 126.8125 124.0625 124.5 125 126.125 126.625 126.5 127.3125 127.5 127.3125 126.6875 125.5 124.9375 124.1875 122.1875 122.3125 121.9375 120.4375
117.8125 123.0625 126.5625 127.875 128.875 127.375 125.75 126.375 122.6875 119.25 116.5625 112.3125 108.625 108.8125 111.4375 114.25 118.9375 124.0625 128.4375 131.375 133.5 134 133.9375 132.3125 129.3125 132.75 139.3125 143.4375 144.6875 138.5 134.0625 130.25 129.625 129.875 130.125 131.8125 132.8125 133.25 133.5 135.5625 138.9375 143.1875 144 139.4375 134.375 131 130.0625 130.125 130 130.1875 129.4375 127.875 127.4375 128.625 128.4375 128.4375 129.1875 129.625 129.625 128.5625 127.9375 128 126.875 126.875 126.0625 124.8125 124.8125 124.5
119.125 123.5 126.4375 128 127.75 125.6875 125 123.375 119.125 116.5 113 108.75 105.75 105.9375 108.4375 110.625 115.875 121 125.3125 128.125 130.9375 132.6875 133.5 132.3125 129.75 131.8125 137.6875 141.5 141.0625 137.75 135.6875 132.375 131.875 131.3125 132.375 134.9375 135.625 134.5625 132.875 134.5 136.5 140.9375 143 137.6875 134.125 131.5625 129.5 130.5625 132.3125 133 132.25 131.75 131 131.4375 131.3125 131.625 132.375 131.75 130.9375 130.625 130.125 129.625 129.0625 129.875 129.25 128.375 128.5 127.875
120.125 123.4375 125.625 127.3125 127.9375 125.625 122.875 120.625 118.5 115.125 111.8125 107.125 106.75 106.75 109.1875 111.8125 115.4375 119.6875 122.5 124.9375 128.625 131.375 134.0625 131.8125 129.875 132.5625 136.9375 139.875 138.9375 136 134 132.5625 132.6875 131.25 135.6875 139.25 138.4375 136.0625 133.4375 132.6875 131.8125 132.8125 133.5625 132.6875 131.3125 129.1875 128.875 131.0625 133.3125 134.9375 135 135.125 134.625 133.5625 134 134.4375 135.1875 134.0625 134.0625 134.125 134.0625 133.8125 133.3125 133.125 132.6875 132.0625 132.375 131.8125
121 123.3125 125.4375 126.4375 124.9375 121.5 118.5625 117.875 116.875 115 113.0625 111.3125 110.625 111.875 112.125 114.3125 116.25 119.1875 121.3125 123.125 125.5625 128.0625 129.1875 127.75 127.0625 128 132.875 136.625 135.0625 136.25 134.375 132.25 131.1875 131.3125 136.8125 141.4375 143.5 138.625 134.3125 131.5 128.5 124.625 125.0625 128.1875 128.1875 126.625 126.6875 129.5625 133.375 136.25 137.3125 137 137.5625 137.5625 137.25 137.5625 138 136.9375 135.75 136.1875 136.375 135.75 136.1875 136.6875 136.75 136.25 136.125 136.125
122.5625 125.25 125.6875 124.75 122.4375 118.9375 116 115.625 115.125 114.75 112.375 111.9375 113.6875 115.4375 115.5625 116 117.1875 119.5 120.625 122.125 124.625 123.8125 122.5625 120.9375 117.6875 119.6875 126.25 130.8125 132.875 133 131.4375 129.6875 127.9375 130.875 136.6875 139.875 140 137.4375 133.5 130 126.4375 123.4375 123.9375 125.75 124.125 123.5625 124.3125 128.25 133.5625 137.9375 139.875 140.8125 140.75 141.0625 140.9375 140.9375 140.9375 140.375 138.375 137.5625 138 138.375 138.875 139.0625 138.875 139.25 139.3125 138.5
125.125 126.0625 125.9375 124.8125 122.25 120.375 118.0625 117.125 115.875 115.375 114.8125 115 116.6875 117.375 117.5625 118.25 118.25 118.125 120.0625 121 121.25 121.3125 119.5 115.6875 111 114.125 120.9375 125.625 129.625 130.3125 130.1875 128.1875 126.125 129 133.375 136.875 136.4375 134.625 132.0625 130.8125 128.75 128.0625 127.75 126.375 124 119.75 120.1875 127.75 135.4375 140.5625 143.125 143.5625 143.4375 142.25 141.4375 142.3125 142.4375 142 141.25 139.25 139.1875 140 140.5 140.3125 140.6875 141.375 141.25 140.8125
