input_data/future_climate/CNMR_126/_bio13_a.asc
ncols  331
nrows  193
xllcorner  17.833372883333
yllcorner  37.9999896166667
cellsize 0.1666667
NODATA_value  -9999
[rows 0 to 30 of 193, columns 71 to 141 of 331]
64 63.0833320617676 62.3333320617676 61.5714302062988 61 -9999 -9999 -9999 -9999 -9999 -9999 -9999 -9999 -9999 -9999 -9999 -9999 -9999 -9999 -9999 -9999 -9999 -9999 -9999 -9999 -9999 -9999 -9999 -9999 -9999 -9999 -9999 -9999 -9999 -9999 -9999 -9999 -9999 -9999 -9999 -9999 -9999 -9999 -9999 -9999 -9999 -9999 -9999 -9999 -9999 -9999 -9999 -9999 -9999 -9999 -9999 -9999 -9999 -9999 -9999 -9999 -9999 -9999 -9999 -9999 -9999 -9999 -9999 -9999 -9999 -9999
65.3333358764648 66 63 64.4000015258789 64 -9999 -9999 -9999 -9999 -9999 -9999 -9999 -9999 60.375 61.9166679382324 62.75 62.75 -9999 -9999 -9999 -9999 -9999 -9999 -9999 -9999 -9999 -9999 -9999 -9999 -9999 -9999 -9999 -9999 -9999 -9999 -9999 -9999 -9999 -9999 -9999 -9999 -9999 -9999 -9999 -9999 -9999 -9999 -9999 -9999 -9999 -9999 -9999 -9999 -9999 -9999 -9999 -9999 -9999 -9999 -9999 -9999 -9999 -9999 -9999 -9999 -9999 -9999 -9999 -9999 -9999 -9999
65.8125 65.3125 64.625 66.1875 64.8125 66.3125 65.8571395874023 64.6666641235352 65.3333358764648 65.875 63.2000007629395 62.5 63.5 64.9333343505859 63.4375 64.75 64.625 65.3076934814453 66.1666641235352 65.8333358764648 65.3333358764648 -9999 -9999 -9999 -9999 -9999 -9999 -9999 -9999 -9999 -9999 -9999 -9999 -9999 -9999 -9999 -9999 -9999 -9999 -9999 -9999 -9999 -9999 -9999 -9999 -9999 -9999 -9999 -9999 -9999 -9999 -9999 -9999 -9999 -9999 -9999 -9999 -9999 -9999 -9999 -9999 -9999 -9999 -9999 -9999 -9999 -9999 -9999 -9999 -9999 -9999
68.9375 67.3125 67 66.0625 67.5625 68.6875 69.375 66.8125 65.5 64.4375 66.8125 67.5625 67.0625 66.375 64.8000030517578 67.3846130371094 65.466667175293 67.375 66.9000015258789 67 66 -9999 -9999 -9999 -9999 -9999 -9999 -9999 -9999 -9999 -9999 -9999 -9999 -9999 -9999 -9999 -9999 -9999 -9999 -9999 -9999 -9999 -9999 -9999 -9999 -9999 -9999 -9999 -9999 -9999 -9999 -9999 -9999 -9999 -9999 -9999 -9999 -9999 -9999 -9999 -9999 -9999 -9999 -9999 -9999 -9999 -9999 -9999 -9999 -9999 -9999
68.6875 68.375 68.375 71.0625 73.5625 72.6875 71.625 68.875 66.875 68.5 68.5625 68.625 69.0625 69 69 68.375 67.4375 67.875 67.625 66.7857131958008 67.1666641235352 68.7272720336914 68.1111145019531 -9999 -9999 69 69.5 69.4000015258789 67 -9999 -9999 -9999 -9999 -9999 -9999 -9999 -9999 -9999 -9999 -9999 -9999 -9999 -9999 -9999 -9999 -9999 -9999 -9999 -9999 -9999 -9999 -9999 -9999 -9999 -9999 -9999 -9999 -9999 -9999 -9999 -9999 -9999 -9999 -9999 -9999 -9999 -9999 -9999 -9999 -9999 -9999
74.125 73.125 72.6875 73.125 73.0625 72.625 72.5 71.5625 70 71 72.3125 71.3125 71.1875 70.5625 69.8125 70.0625 70.0625 69.25 68.3125 68.75 68.9375 68.875 68.4000015258789 68.75 69.3333358764648 70.875 70.8125 70.1875 69.3571395874023 69 69.2727279663086 67.8571395874023 65.7142868041992 66.125 65.5 64.3333358764648 62.25 61.3333320617676 -9999 -9999 -9999 -9999 -9999 -9999 -9999 -9999 -9999 -9999 -9999 -9999 -9999 -9999 -9999 -9999 -9999 -9999 -9999 -9999 -9999 -9999 -9999 -9999 -9999 -9999 -9999 -9999 -9999 -9999 -9999 -9999 -9999
75.5 74.5 74.125 73.6875 73.25 74 74.0625 74.0625 74.25 73.1875 71.75 71.125 71.125 71.3125 71.25 70.375 70.25 71.375 71.375 70.375 69.5 69.4375 69.5 69.5 70.8125 71.375 72 72.6875 71.8125 71.25 70.8125 69.75 68.375 68.25 67.5 66.5 64.0625 63.6875 62.461540222168 61.5454559326172 60.6666679382324 61 -9999 -9999 -9999 -9999 -9999 -9999 -9999 -9999 -9999 -9999 -9999 -9999 -9999 -9999 -9999 -9999 -9999 -9999 -9999 -9999 -9999 -9999 -9999 -9999 -9999 -9999 -9999 -9999 -9999
75.125 75.5 75.75 75.0625 74.5 74.8125 74.5625 74.625 73.5625 73.75 73.1875 73.6875 73.25 71.75 72.4375 72.9375 71.6875 70.375 70.375 70.25 69.875 70.8125 71.75 72.125 71.8125 72.75 73.125 72.25 71.75 71.4375 71.625 71.5625 70.6875 69.1875 67.9375 66.5 66.3125 66.1875 65.5 64.5 62.75 62.625 61.5714302062988 61.5 60.75 -9999 -9999 -9999 -9999 -9999 -9999 -9999 -9999 -9999 -9999 -9999 -9999 -9999 -9999 -9999 -9999 -9999 -9999 -9999 -9999 -9999 -9999 -9999 -9999 -9999 -9999
75.625 75.6875 75.5 75.375 74.625 74.4375 73.5625 73.5625 73.3125 72.25 73.0625 73.25 72.5 71.4375 71.625 70.8125 70.8125 70.3125 69.3125 70 69.3125 71.1875 72.375 72.0625 72.5625 73.5625 73.5625 72.8125 73.125 73.5625 73.0625 72.125 70.3125 68.9375 68.125 67.25 67.3125 67.5625 66.125 65.25 64.0625 63.875 64.3125 64 63.625 62.625 62.6666679382324 61.8571434020996 61.5 -9999 -9999 -9999 -9999 -9999 -9999 -9999 -9999 -9999 -9999 -9999 -9999 -9999 -9999 -9999 -9999 -9999 -9999 -9999 -9999 -9999 -9999
75.25 75.25 76.1875 77.4375 77.125 75.9375 75.4375 74.25 72.875 72.75 73.0625 73.0625 73.125 72.9375 72.375 73.375 73.5625 73.1875 72.8125 71.875 70.5625 70.4375 72.125 73.5 72.5 73 73.625 73.625 73.5625 74.4375 73.1875 71.625 70.8125 69.6875 68.625 68.6875 67.5625 67.75 66.3125 65.625 65.5625 64.875 65.25 65.625 65.25 65.125 65 64.5625 64.125 64.0999984741211 63.5 -9999 -9999 -9999 -9999 -9999 -9999 -9999 -9999 -9999 -9999 -9999 -9999 -9999 -9999 -9999 -9999 -9999 -9999 -9999 -9999
77.1875 80.5625 81 80.875 79 78.1875 78.875 77.875 76.9375 76.9375 75.0625 74.375 75.5 76.5625 74.75 74.125 75.75 74.3125 73.0625 71.3125 72.5 69.375 70.5 72.1875 74.25 75.5625 74.125 73.6875 73.8125 74.625 73.875 72.8125 71.3125 69.125 68.75 69.25 69.125 68 67.3125 65.875 64.8125 65.5 65.3125 65.5625 65.375 65.375 65.75 65.25 65.0625 64.8125 63.75 62.6923065185547 62.375 62.75 61.5 -9999 -9999 -9999 -9999 -9999 -9999 -9999 -9999 -9999 -9999 -9999 -9999 -9999 -9999 -9999 -9999
77.9375 77.75 78.25 79.25 78 76.6875 78.5 83.125 82.1875 80.125 80 78 78.625 78.75 77.8125 75.4375 76.3125 73.3125 73.75 72.875 71.125 70.4375 71.25 72.0625 74 75.125 74.9375 73.4375 72.8125 72.25 72.75 72.375 71.25 69.25 68.5 67.625 67.3125 67.5 66.5625 65.25 65.125 65.5 65.75 66.125 65.75 65.9375 66.125 66.625 66 65.5 65 64.8125 64.1875 64.75 63.75 63.4285697937012 63 62 -9999 -9999 -9999 -9999 -9999 -9999 -9999 -9999 -9999 -9999 -9999 -9999 -9999
77.5625 78.375 79.1875 78.3125 78.3125 79.0625 79.5 79.25 79.3125 82.5625 83.9375 84.0625 81 79.625 77.25 76.6875 81 74.6875 71.625 71.9375 72 71.5 71.125 72.375 72.75 73.0625 72.9375 72.375 72.5625 72.6875 72.75 71.5 69.3125 67.8125 67.875 67.3125 66.375 66 65.5625 65.6875 65.25 65.625 65.625 66.0625 66.25 66.6875 66.5 66 65.3125 65.6875 65.8125 65.75 65.25 65.375 65.6875 65.75 65.1875 65.25 64.5833358764648 62.1428565979004 60.1818199157715 60.7777786254883 -9999 -9999 -9999 -9999 -9999 -9999 -9999 -9999 -9999
78.8125 80.0625 79.8125 80.125 81.6875 81.875 81.5 81.625 83.25 80.875 80.375 80.1875 81 81.125 80.25 77 85.75 81.5 76.3125 71.125 70.1875 70.125 72.625 73.5 75.125 75.8125 73 70.125 72.25 77 76.125 74.125 69.25 67 67 66.3125 65.875 65.6875 65.125 66.25 66.1875 66.5625 66.3125 65.75 65.9375 66.1875 66.3125 66.1875 65.875 65.875 65.8125 66.125 66.0625 65.375 65.625 66.125 66.625 66.25 66.625 65.5625 64.75 62.8125 60.4000015258789 58.2000007629395 57.3333320617676 -9999 -9999 -9999 -9999 -9999 -9999
82.0625 82.25 81.5 81.625 82 82.5625 83.5 81.5 80.4375 80.25 79.3125 80.3125 79.0625 77.6875 75.75 75.625 82.1875 76.75 73.6875 71 70.0625 75.8125 85.4375 85 84.375 79.1875 75.25 70.3125 70.8125 79.0625 76.75 72.5 67.3125 67.3125 66.8125 66.375 66.0625 65.625 66.0625 66.1875 66.4375 66.875 67.4375 67.6875 67.8125 68.1875 67.625 66.875 66.8125 66.625 66.5 66.25 66.5625 66 65.75 66.6875 67.3125 66.8125 67.125 65.75 64.8125 63.5 61.875 60.0625 58.538459777832 56.7999992370605 56 55 -9999 -9999 -9999
83.4375 84.3125 85.3125 86.4375 87.1875 85.8125 84.1875 82.3125 81.375 79.8125 79.25 77.875 76.6875 76 75.0625 74.75 73.375 71.4375 70.375 70.0625 69.625 70.875 73.25 75.6875 77 78.4375 73 67.5625 65.9375 66.375 67.4375 67.4375 66.875 67.25 66.8125 66.125 65.0625 64.875 65.125 65.5 65.5625 66.125 67.375 67.25 68.0625 67.625 67.8125 68.3125 67.625 67.25 67 66.25 66.6875 66.8125 66.1875 66.625 67.5625 67.375 66.5625 65.75 64.9375 63.875 62.5625 61.5625 60.1875 58.8125 57.6875 55.875 54.25 -9999 -9999
84.4375 84.125 85.375 87 88 85.9375 84.5 84.25 84.0625 84.5 83.25 80 79.8125 77.75 75.4375 73.8125 72.5 71.125 71.875 71.875 70.1875 70.3125 70.3125 69.3125 69.0625 67.25 66.1875 66.0625 66.75 66.6875 66.3125 66.5 65.3125 64.75 64.75 65 65.25 64.8125 64.125 64.3125 65.1875 65.9375 66.25 66.875 67.5 66.9375 66.4375 66.5 66.375 66.375 66.25 66.125 66.1875 66.25 66.25 66.6875 66.5 66.3125 65.9375 65.3125 64.1875 63.1875 61.4375 60.4375 58.6875 58 57.0625 56.125 54.7777786254883 -9999 -9999
83.375 84.125 85.5 86.125 88.3125 88.6875 86.625 86.5625 85.8125 85.5 83.6875 81.375 79.0625 77.8125 76.375 73.8125 72.8125 73 72.6875 73.0625 72.75 70.25 68.625 67.6875 67.0625 66.5625 65.6875 65.375 64.9375 65.75 65.3125 64.375 63.8125 63.625 63.75 64.0625 64.1875 64.25 64.0625 64.4375 65.1875 66.1875 66.8125 66.9375 67.125 66.0625 65.5 65.25 65.5625 66.125 65.8125 65.8125 65.8125 65.1875 65.75 66.5 66.5 65.8125 65.25 64.25 63.5625 62.5 61 60 58.875 57.8125 57.125 56 54.7142868041992 53.2857131958008 52
83.6875 84.8125 85.875 86.1875 86.125 86 85.125 84 82.1875 83.4375 83.4375 81.6875 77.4375 74.375 71.875 71.1875 69.8571395874023 71.5 70.3846130371094 71.75 70.0625 68.8125 66.25 66.1875 66.625 65.875 64.75 64.375 64.75 64.6875 64.5625 64.25 63.1875 62.875 62.625 62.1875 62.5625 62.8125 63.25 63.5625 64.375 65.25 65.1875 65.625 65.6875 65.5 65.3125 65.25 65.0625 65 64.9375 65.4375 66 65.5 65.8125 66.125 65.6875 65.5 65.1875 64.6875 63.5 62.25 60.75 59 57.4375 56.3125 55.75 55.3125 54.875 53.625 52
84.25 85.6875 85.3125 83.375 82.4375 82.875 81.125 79.9375 80.6875 77.625 77.9375 76.25 74.5 73.1875 71.25 71.375 70.125 69 72.6666641235352 67.5555572509766 69.0666656494141 68.0625 66.125 65.75 65.8125 65.5 64.875 64.25 63.9375 64.0625 63.5 62.75 62.125 61.8125 61.875 61.875 61.25 61.6875 62.5 63.0625 63.3125 63.4375 63.875 64.3125 64.625 64.3125 64.1875 65.1875 65.125 65.625 65.625 65.875 65.625 65.5625 65.3125 65.375 65.25 65.1875 64.8125 64.125 62.4375 61.4375 59.875 58.375 57.5 56.5625 55.625 55.4375 54.75 53.25 52
84.3125 84.3125 83.5625 82.1875 81.1875 80.5625 80.375 78.5 77.75 78.625 75.5625 74 72.5 70.9375 69.625 68.6875 68.75 67.6875 64.7857131958008 64 62.5999984741211 63 63.9000015258789 64 63.9000015258789 63.5625 63 62.625 61.875 62.3125 61.9375 61.9375 61.8125 61.5625 61.25 61.625 61.3125 61 61.25 61.9375 62.375 62.25 62.9375 63.3125 63.8125 63.9375 63.8125 63.9375 64.0625 63.9375 64.6875 65 65.3125 65.4375 65.25 65.0625 64.875 64.375 64.1875 63.25 62.75 61.375 59.75 58.1875 56.5625 55.3125 54.1875 52.875 52.4545440673828 52 -9999
83.5 83.9375 83.9375 83.125 82.125 80.5 78.8125 77 76.125 75.9375 76.5 75.3125 73.3125 71.375 69.9375 67.75 66.8125 65.9375 64.25 63.8125 63.466667175293 63.3571434020996 63.6666679382324 64 -9999 -9999 -9999 61 59.8333320617676 60.1538467407227 59.3333320617676 59.2999992370605 59 59.4375 60.125 60.375 60.25 60.5625 60.5625 60.875 61.0625 61.625 62.4375 62.75 63.375 63.6875 63.25 63.25 63.9375 63.875 63.8125 64.0625 64.4375 64.8125 64.6875 64.4375 64.9375 64.3125 63.8125 63.0625 61.5 60.125 58 56.375 54.1875 52.25 51.2000007629395 51 -9999 -9999 -9999
82.125 83 84.5 84.5625 82.1875 80.1875 77.1875 76.6875 77.5625 76.4375 75.875 75.5 73.5 71.875 70.625 67.8125 66.1875 65.5625 66.5 66.625 66.1875 65.8125 65.125 63.3333320617676 67.125 67 -9999 -9999 -9999 -9999 -9999 -9999 -9999 58 58.4545440673828 59.1666679382324 59.2666664123535 59.3125 59.1875 59.3125 59.5625 60.1875 60.5625 60.6875 61.5 62.3125 62.375 62.4375 62.6875 62.8125 62.9375 63 62.875 63.1875 63.4375 63.3125 63.4375 62.8125 62.25 61.375 59.8125 58.125 56.25 54.4000015258789 52.5 50.75 -9999 -9999 -9999 -9999 -9999
81.5 82.75 83.4375 83.3125 82.125 80.25 78.0625 77.125 76.3125 75.875 76 74.1875 72.5 71.625 70.5 69.375 67.125 67.5 68.125 67.6875 67.5625 66.75 65.9375 64.9375 64 62.7142868041992 61 59.5 -9999 -9999 -9999 -9999 -9999 -9999 -9999 -9999 -9999 -9999 57 58 58.5 58.625 58.25 59 59.5 60.25 60.375 61 61.3125 61.9375 62.1875 62.625 62.875 62.6875 62.3125 62.5625 62.0625 61.625 60.9375 59.8125 58.3076934814453 56.5454559326172 54.8571434020996 -9999 -9999 -9999 -9999 -9999 -9999 -9999 -9999
81.5 81.625 81.875 82.375 82.125 78.5625 76.0625 75.375 74.625 74.625 74.75 73.8125 72.625 71.5 70.4375 68.8125 68.8125 68.9375 69.25 69.375 69.375 68.375 67.375 67 66.0625 64.8125 63.75 62.0625 60.538459777832 59.1666679382324 -9999 -9999 -9999 -9999 -9999 -9999 -9999 -9999 -9999 -9999 -9999 -9999 -9999 -9999 -9999 -9999 60 59.4000015258789 59.25 60 60.4545440673828 61 61.3333320617676 61.5833320617676 61 60.875 60.125 60 60 -9999 -9999 -9999 -9999 -9999 -9999 -9999 -9999 51 51.25 52.4285697937012 52.9000015258789
80.25 80 80.25 80.625 79.4375 79.375 78.0625 75.625 74.125 73.1875 73.3125 73.0625 72 70.75 70.375 70.625 70.375 70.4375 70.25 70.0625 70 69.75 69 68.0625 67.1875 65.8125 64.5625 63.4375 61.875 59.625 57.7272720336914 57.5 -9999 -9999 -9999 -9999 -9999 -9999 -9999 -9999 -9999 -9999 -9999 -9999 -9999 -9999 -9999 -9999 -9999 -9999 -9999 -9999 -9999 -9999 -9999 -9999 -9999 -9999 -9999 -9999 -9999 -9999 -9999 -9999 -9999 51.2222213745117 51.5625 52.375 52.9375 54.1875 55.25
81.375 80.5 79.4375 78.9375 78.4375 78.125 77.75 76.6875 75.375 74.5625 73.75 71.625 70.625 69.1875 69.3125 70.0625 70.6875 70.9375 70.9375 70.8125 70.25 70 68.875 67.9375 67.125 66.3125 65.125 63.5625 62.3125 60.6875 59 58.3333320617676 57.5 -9999 -9999 -9999 -9999 -9999 -9999 -9999 -9999 -9999 -9999 -9999 -9999 -9999 -9999 -9999 -9999 -9999 -9999 -9999 -9999 -9999 -9999 -9999 -9999 -9999 -9999 -9999 -9999 -9999 55.5 55.375 54.5 54.375 54.6875 55.1875 55.5 56.125 56.375
78.6875 77.9375 78.1875 77.875 76.625 76.375 76.625 76.0625 75.875 75.375 74.1875 73.3125 71.6875 70.1875 70.125 70.25 70.875 71.75 71.75 71.3125 70.875 70.5625 69.3125 68.5625 67.9375 67 65.5 63.8125 62.3125 61.3125 60.3333320617676 63 -9999 -9999 -9999 -9999 -9999 -9999 -9999 -9999 -9999 -9999 -9999 -9999 -9999 -9999 -9999 -9999 -9999 -9999 -9999 -9999 -9999 -9999 -9999 -9999 -9999 -9999 -9999 -9999 57.6666679382324 58.2666664123535 58.1875 57.625 55.9375 55.875 56.4375 57.25 57.75 58.125 58.6875
77.75 77.75 77.375 76.8125 75.8125 75.75 75.875 76.0625 75.625 74.8125 74 73.6875 72.75 72.6875 72.5625 72.25 72 72.0625 72 71.875 71.3125 70.6875 70.3125 69.625 68.6875 67.5625 66.0625 64.6875 63.1875 61.9000015258789 61 -9999 -9999 -9999 -9999 -9999 -9999 -9999 -9999 -9999 -9999 -9999 -9999 -9999 -9999 -9999 -9999 -9999 -9999 -9999 -9999 -9999 -9999 -9999 -9999 -9999 -9999 -9999 -9999 -9999 59.9230766296387 61.0625 59.875 58.75 58.375 57.8125 57.5625 57.875 58 58.9375 59.5625
76.875 77.1875 76.3125 76.0625 76.125 75.375 75.3125 73.9375 73.625 73.6875 73.4375 72.8125 72.6875 73.0625 72.8125 72.5 72.875 72.5625 72.4375 72.1875 72 71.6875 71.25 71 70.0625 68.625 67 66.25 64.5625 63.6666679382324 62.5 -9999 -9999 -9999 -9999 -9999 61 61.5 61 -9999 -9999 -9999 54 -9999 -9999 -9999 -9999 -9999 -9999 -9999 -9999 -9999 -9999 -9999 -9999 -9999 -9999 -9999 -9999 -9999 60 60.3846168518066 60.625 60.5625 59.8125 58.9375 58.375 58.5 58.9375 59.5 60.3125
76.25 76.5 76.4375 75.9375 75.375 75.375 74.25 74.0625 73.75 72.375 72.125 71.8125 72.6875 72.625 72.5 72.8125 72.875 73 72.9375 73.1875 73 72.875 72.1875 71.3125 70.6875 69.5625 68.375 67.25 66.3125 65.0625 64 -9999 68 -9999 -9999 61.5 62 61.0909080505371 60.5 59 -9999 -9999 54.6666679382324 55.5625 58.1875 59.1333351135254 60.6363639831543 61.6666679382324 61 -9999 -9999 -9999 -9999 -9999 -9999 -9999 -9999 -9999 -9999 -9999 -9999 -9999 60 61.5 60.5 60.8125 61.0625 60.875 60.6875 61.1875 61.3125
