input_data/future_climate/CNMR_126/_bio15_a.asc
ncols  331
nrows  193
xllcorner  17.833372883333
yllcorner  37.9999896166667
cellsize 0.1666667
NODATA_value  -9999
[rows 40 to 59 of 193, columns 92 to 137 of 331]
37.5324096679688 36.7337379455566 35.0404357910156 33.8890762329102 32.3398742675781 31.418794631958 30.4154605865479 29.6555194854736 29.3279762268066 29.3913993835449 29.9018249511719 30.4348964691162 30.8692092895508 31.7604675292969 32.7397117614746 32.6836166381836 33.0204811096191 33.3917694091797 33.5924873352051 33.4724388122559 33.3938407897949 33.2527923583984 32.7715339660645 32.3454170227051 31.9987545013428 31.9377975463867 31.6666297912598 32.0387382507324 32.3651733398438 32.637077331543 32.7579727172852 33.1631164550781 33.4408721923828 33.896656036377 35.0157890319824 34.9001388549805 35.4165191650391 34.7659492492676 33.7139205932617 33.0967864990234 32.1984634399414 31.720401763916 31.3968410491943 31.0183448791504 30.8173294067383 31.1196174621582
37.3139839172363 36.6210441589355 33.9652824401855 32.4563102722168 30.7653846740723 30.0707397460938 29.4854583740234 28.8040332794189 29.0412712097168 29.531494140625 29.6931037902832 30.8216419219971 31.1644382476807 31.5491199493408 31.9164848327637 32.0804862976074 32.533519744873 32.5845680236816 32.464412689209 32.7357597351074 32.8583221435547 32.5465316772461 32.3285446166992 32.257984161377 31.9876251220703 31.983060836792 31.9518070220947 31.9089889526367 31.9814777374268 32.506534576416 32.444206237793 32.852222442627 33.4054527282715 33.9431571960449 34.5896339416504 35.7112884521484 36.0118675231934 35.1532020568848 33.7533149719238 32.890998840332 32.0341987609863 31.1611957550049 30.4730491638184 30.3662796020508 30.4053001403809 30.3743019104004
36.5278091430664 36.1880226135254 35.092700958252 33.4701843261719 31.4002494812012 29.5650234222412 27.98095703125 27.0520915985107 27.4684581756592 28.3280582427979 29.1374778747559 30.1545886993408 30.1866550445557 30.7083873748779 31.1698436737061 31.5475883483887 31.5624027252197 31.953369140625 32.1631507873535 32.5765228271484 32.5494956970215 32.2614517211914 32.1350212097168 32.0308952331543 31.698356628418 31.4690246582031 31.2632503509521 31.3168239593506 31.5931987762451 31.2518424987793 31.5828285217285 32.0324058532715 32.7758979797363 33.6483192443848 34.6213111877441 36.1191635131836 35.9914245605469 34.975887298584 33.4149627685547 32.6209869384766 31.9133377075195 31.5084075927734 30.9124698638916 30.8389682769775 30.0297050476074 30.2795753479004
35.6328353881836 35.127498626709 34.4093284606934 32.5227355957031 30.5809993743896 29.0028285980225 27.36061668396 26.6346302032471 26.9207630157471 28.0032272338867 28.9181079864502 29.7987403869629 29.836669921875 30.1122303009033 30.6396160125732 31.1690444946289 31.4348754882813 31.5437107086182 31.935302734375 32.0383186340332 32.0798416137695 31.7306575775146 31.7596454620361 31.222484588623 31.1942520141602 30.5780258178711 30.467960357666 30.60915184021 31.2202587127686 31.2923469543457 31.8435688018799 32.1394119262695 32.4634323120117 32.8103065490723 33.7212219238281 34.6297836303711 34.7355690002441 33.9755897521973 33.0715942382813 32.3667068481445 31.0523891448975 30.2869644165039 30.0861167907715 30.0813083648682 29.4056205749512 29.6359176635742
34.4294166564941 34.1731758117676 33.0531616210938 31.7071838378906 30.9018630981445 29.513090133667 27.9139499664307 27.45041847229 27.1026573181152 27.0941600799561 27.8146190643311 29.1462879180908 30.0935535430908 30.319164276123 30.9099655151367 31.1882305145264 31.2304515838623 31.4667472839355 31.4511909484863 31.427490234375 31.2315864562988 31.2482395172119 31.3564186096191 30.6083297729492 30.2563762664795 30.1953277587891 30.2419033050537 30.3636837005615 30.4446678161621 30.8928966522217 31.3479843139648 31.5648422241211 31.9111995697021 32.6518669128418 33.1323204040527 33.187370300293 32.8704948425293 32.6218605041504 32.0371284484863 31.1077747344971 30.1991539001465 29.439079284668 28.9088439941406 28.5698852539063 28.5452423095703 29.3729705810547
33.5184516906738 33.5338439941406 32.7105255126953 31.3587455749512 30.3440208435059 29.0280647277832 29.0528697967529 28.5818996429443 28.611499786377 28.5298023223877 28.4618721008301 28.7170715332031 28.6915721893311 29.209321975708 29.6826839447021 30.834020614624 31.2469596862793 31.1155471801758 31.1125812530518 30.6277198791504 30.6171779632568 30.7332057952881 30.563606262207 30.1801528930664 29.7045516967773 29.9599304199219 30.0873527526855 30.0752258300781 29.8699436187744 30.5418357849121 30.9334030151367 31.0202026367188 31.6019821166992 31.6440830230713 31.8832836151123 32.0883026123047 32.1755332946777 31.5439529418945 30.4040088653564 29.5495262145996 28.8968925476074 28.6356143951416 27.9796657562256 27.1661376953125 27.6250495910645 27.7875595092773
33.0463562011719 32.6351203918457 32.3486480712891 31.6948223114014 31.1898441314697 30.6034317016602 30.030517578125 29.6707515716553 29.2075176239014 29.3003463745117 29.2755298614502 29.4996337890625 29.3693695068359 29.5821228027344 28.7036838531494 28.958553314209 30.8759307861328 31.0174655914307 30.7740592956543 30.1781005859375 29.8448047637939 29.552713394165 28.5605392456055 29.0486259460449 29.3161582946777 29.5331325531006 29.3452949523926 28.9960193634033 29.2484493255615 29.5359287261963 29.9537582397461 30.0846061706543 30.3320121765137 30.4518356323242 30.5828170776367 30.7225952148438 30.1477870941162 30.1513690948486 29.0364112854004 27.8564109802246 27.3333168029785 27.2620086669922 27.6476230621338 27.0553131103516 26.7873878479004 26.6838092803955
32.1054954528809 32.1152458190918 32.1325798034668 31.3139629364014 31.5228271484375 31.6335945129395 30.6869964599609 30.5208339691162 30.1793270111084 29.6524467468262 29.9094772338867 28.8065624237061 28.7366123199463 29.1150341033936 28.6844654083252 28.8252506256104 30.0692195892334 30.0405349731445 29.8592376708984 29.4397220611572 29.1209678649902 28.426212310791 27.3120059967041 28.262508392334 28.2145709991455 28.8602619171143 28.9236259460449 28.9671459197998 28.8926372528076 28.9057712554932 29.4263401031494 29.8036766052246 29.774299621582 29.7961463928223 30.1128063201904 30.25315284729 29.5240325927734 28.4305782318115 28.3580780029297 27.2694606781006 26.1845149993896 26.1052799224854 26.1012992858887 25.7841262817383 26.5376129150391 26.3732204437256
31.9132881164551 31.9130420684814 31.5175971984863 31.4953212738037 31.1444797515869 31.1708660125732 31.2755470275879 30.8426761627197 30.0718097686768 29.2975254058838 29.0366916656494 29.653923034668 28.9187145233154 28.3859462738037 28.2451057434082 30.0242137908936 29.9707489013672 29.257495880127 29.2512073516846 29.4263286590576 29.1727313995361 28.703239440918 28.3425922393799 28.423698425293 28.3955383300781 28.7056999206543 28.9045944213867 28.6874771118164 29.0166053771973 28.4277515411377 28.4328861236572 29.3644981384277 29.715015411377 29.9155464172363 28.9807548522949 28.4067611694336 27.5812702178955 27.2184658050537 27.5115699768066 27.2764530181885 26.0909938812256 25.4034576416016 25.2663459777832 25.6506118774414 25.4920444488525 25.7728996276855
30.8217697143555 31.2420425415039 31.5367298126221 31.3085384368896 31.5432910919189 31.6058692932129 31.4042644500732 31.4407043457031 30.3355503082275 29.3297538757324 29.0450839996338 29.1027374267578 29.4843120574951 28.9305553436279 29.0790424346924 29.0379066467285 29.9033641815186 29.7828159332275 29.7757129669189 29.6035861968994 28.5536594390869 28.81618309021 28.8778381347656 29.0500774383545 28.7810974121094 29.0763168334961 28.9541149139404 28.4347229003906 28.5397644042969 29.1665897369385 29.1676177978516 29.162036895752 30.1063003540039 28.9975833892822 28.370080947876 27.9110050201416 27.5986080169678 27.4094390869141 26.1715450286865 25.6939296722412 25.3430938720703 24.6722640991211 24.2716903686523 24.6142158508301 24.8090934753418 24.871223449707
31.0507488250732 31.074878692627 31.1473445892334 31.4619522094727 31.3576755523682 31.7206802368164 31.7364082336426 30.9402770996094 29.8044166564941 29.7115211486816 29.4075965881348 29.1525554656982 29.3230934143066 29.2680683135986 29.4068965911865 29.4590492248535 28.9936599731445 30.0173511505127 29.7897853851318 29.4947643280029 29.22532081604 28.8830242156982 28.6305770874023 28.8636016845703 28.610387802124 28.3980484008789 28.3778953552246 28.1326160430908 28.7105770111084 28.3069591522217 29.1902923583984 29.423225402832 29.4964027404785 29.0747032165527 29.8786373138428 28.627721786499 27.484432220459 27.6410999298096 26.7433414459229 25.7373828887939 24.9321193695068 24.3197174072266 23.739501953125 24.1594543457031 24.5725250244141 24.8578357696533
30.7570209503174 30.6541328430176 30.2382888793945 30.549186706543 30.7734756469727 31.0444202423096 31.0096435546875 31.0480136871338 31.0506191253662 30.023853302002 29.2069339752197 29.4484901428223 29.04319190979 29.0924644470215 29.2183742523193 29.2766609191895 29.1777114868164 29.2525253295898 30.1537017822266 29.3551387786865 29.8985633850098 29.712682723999 29.0870800018311 29.0290756225586 28.8669490814209 28.2371158599854 28.2731342315674 28.9235153198242 28.9030933380127 29.2287883758545 29.1923999786377 29.3088607788086 29.2674140930176 29.1957492828369 28.7996158599854 28.5330829620361 27.8028202056885 27.4394912719727 26.8348121643066 25.9607734680176 24.4805202484131 24.2252140045166 24.013204574585 24.2122097015381 24.4941940307617 24.9010810852051
30.3662586212158 29.8676929473877 29.9421882629395 30.3369770050049 29.9508934020996 30.1818408966064 30.8015804290771 30.3458652496338 30.4287815093994 30.760929107666 30.5907974243164 30.2993907928467 29.7875308990479 29.3392601013184 29.2649803161621 29.3616218566895 29.2332744598389 29.1673622131348 29.0355587005615 29.1685523986816 29.7780246734619 29.7398509979248 29.6612167358398 29.0707092285156 29.0911140441895 29.0175247192383 29.3467693328857 29.8897228240967 30.1965351104736 30.2926483154297 29.6993808746338 29.9189834594727 29.8113479614258 28.6985416412354 28.8076248168945 28.931209564209 28.5713920593262 27.8051719665527 26.8290729522705 26.0149822235107 25.1302680969238 24.7879009246826 24.5344352722168 24.8978214263916 25.0126132965088 25.1053161621094
30.456563949585 29.687292098999 29.4458923339844 29.4433479309082 29.4925136566162 29.6281242370605 29.6127681732178 29.632511138916 30.2380599975586 30.6357173919678 30.158618927002 30.0640602111816 29.6117362976074 29.9102897644043 29.0847969055176 28.9591884613037 29.3068733215332 29.8686294555664 29.7491340637207 30.0965785980225 30.1872119903564 30.5247573852539 30.1159839630127 29.9477596282959 30.1015682220459 30.1467170715332 30.3132381439209 30.5155925750732 30.754674911499 31.2383518218994 30.7821369171143 30.5375022888184 29.3094482421875 28.808536529541 29.8516254425049 29.8582210540771 29.5980758666992 28.4305992126465 27.6415233612061 26.7791881561279 25.8317623138428 25.2345085144043 24.6887798309326 25.1328010559082 25.4783592224121 25.7146434783936
30.706729888916 29.9174823760986 29.0659828186035 28.4353160858154 28.8895874023438 28.7045726776123 28.7766780853271 29.0111331939697 28.9238567352295 29.7072334289551 29.3239459991455 30.0241889953613 29.4180736541748 29.62282371521 29.4155101776123 28.7398777008057 28.8496170043945 29.4652404785156 29.9405422210693 30.654727935791 30.7333221435547 30.7983016967773 30.0367870330811 30.5771961212158 30.4847946166992 30.7091884613037 31.0274639129639 31.3242092132568 31.3291263580322 31.1227531433105 31.6573715209961 31.3719902038574 30.7560253143311 31.0168647766113 30.476749420166 30.4894523620605 30.1779365539551 29.3778629302979 28.592887878418 28.1301555633545 27.2744789123535 26.2747116088867 25.9023246765137 25.5746002197266 25.3986186981201 25.5554485321045
30.5622863769531 29.6161613464355 28.698278427124 28.3910675048828 28.0396595001221 27.9289150238037 28.0614776611328 28.4369564056396 28.8955020904541 29.0499515533447 29.4088840484619 29.6419143676758 29.4059772491455 28.8818168640137 28.5447864532471 28.8146877288818 29.1193161010742 29.6454315185547 30.4009990692139 30.4179649353027 30.6089706420898 30.7228298187256 30.9759101867676 31.1017799377441 30.988733291626 30.8824462890625 32.0674858093262 32.4677810668945 32.3353271484375 31.9934329986572 32.3434028625488 32.2389183044434 32.036792755127 31.7003078460693 31.4012241363525 31.232234954834 30.2290687561035 29.4828433990479 28.7310218811035 28.814998626709 28.2189884185791 27.309627532959 26.7948417663574 26.2396125793457 26.2499046325684 26.1105346679688
29.8456211090088 28.6918430328369 27.6553268432617 27.0762767791748 26.9829349517822 26.8419361114502 27.0057888031006 27.5197048187256 28.071891784668 28.6797180175781 28.6954708099365 28.9239597320557 29.1604309082031 28.8680553436279 29.3590278625488 29.7100658416748 29.6785106658936 30.0226974487305 30.022912979126 29.9345893859863 30.142993927002 30.6086235046387 30.9097900390625 31.3992462158203 31.4225387573242 31.7697353363037 32.0678291320801 32.4433403015137 32.7210922241211 32.9765167236328 32.944522857666 32.6377220153809 32.650505065918 32.1585884094238 31.2045726776123 30.5766067504883 31.0084972381592 30.7943229675293 29.6816902160645 29.3045043945313 28.8871917724609 27.9365367889404 27.6482906341553 26.9506740570068 26.7121963500977 26.549446105957
28.8004512786865 27.8965873718262 26.8676738739014 26.1933174133301 26.0602951049805 26.049524307251 26.1850204467773 26.9348735809326 27.5215606689453 28.3535022735596 28.736536026001 28.5943012237549 28.4278926849365 28.3375110626221 28.4048442840576 28.8883056640625 29.6887683868408 29.5782527923584 29.4020519256592 29.6244812011719 30.0447654724121 30.3576049804688 31.2271194458008 31.6867980957031 32.0578918457031 32.3245735168457 33.0900421142578 33.6303749084473 34.1368942260742 34.4118423461914 34.3060493469238 33.5466613769531 33.1633338928223 32.6496734619141 31.8561916351318 30.3569583892822 30.7631492614746 30.9946613311768 30.2251873016357 29.7114353179932 29.3233871459961 28.2827816009521 27.6835899353027 26.9492530822754 26.9929351806641 27.3378925323486
27.9145355224609 26.7754821777344 26.2461204528809 25.7610130310059 25.5723266601563 25.3232574462891 25.4442749023438 25.9462089538574 26.6213245391846 27.0896129608154 27.8234348297119 27.8639335632324 28.4755153656006 28.199312210083 28.6632919311523 28.6167945861816 28.6480979919434 28.8700656890869 29.350248336792 29.6404361724854 30.2161712646484 30.5435676574707 31.3417987823486 31.709831237793 32.3395957946777 33.1551513671875 33.6705589294434 34.4546279907227 34.7356185913086 34.7490577697754 34.9902648925781 34.6836433410645 33.7684707641602 33.545597076416 33.21435546875 31.9718284606934 31.9971237182617 31.7053260803223 31.3148784637451 30.5291690826416 29.827507019043 29.2940044403076 28.6627540588379 28.0606002807617 27.5689735412598 27.041051864624
26.7113971710205 25.8806762695313 25.1298789978027 24.7502021789551 24.502721786499 24.3362503051758 24.6698741912842 25.309103012085 25.9247951507568 26.4763717651367 26.6494846343994 27.1749095916748 27.7732162475586 27.985559463501 28.1456260681152 28.6445293426514 28.5530796051025 28.6339836120605 29.1838760375977 29.6919097900391 29.984691619873 30.8229846954346 30.8825836181641 31.8741722106934 31.851490020752 32.5940284729004 33.2940444946289 34.1874160766602 34.7621650695801 35.4813423156738 34.9383964538574 34.5639724731445 34.3009834289551 34.0788040161133 33.5088996887207 33.6896667480469 33.6115875244141 33.2845802307129 31.8837642669678 31.170129776001 30.5555381774902 29.5727958679199 29.0496730804443 28.7413024902344 28.3333930969238 27.9989547729492
