input_data/future_climate/CNMR_126/_bio19_a.asc
ncols  331
nrows  193
xllcorner  17.833372883333
yllcorner  37.9999896166667
cellsize 0.1666667
NODATA_value  -9999
[rows 0 to 30 of 193, columns 0 to 67 of 331]
-9999 -9999 -9999 -9999 249.833343505859 255.357147216797 284.799987792969 282.466674804688 275.583343505859 268.399993896484 268.625 243.75 223.6875 204.400009155273 -9999 181.111114501953 166.733337402344 159.399993896484 145.090911865234 110.75 116.888885498047 121.363632202148 126.461540222168 130.75 129 130.125 134.8125 134.1875 137.1875 136.5 128.1875 120.571426391602 133.714294433594 140.375 145.6875 147.1875 143.8125 137 129.1875 124.375 120.3125 114.5625 108.75 105.266670227051 107 109.9375 107.125 104.3125 105.625 102.9375 105.9375 102.5625 97.4375 94.1875 92.0625 90.6875 89.875 89.4375 90.5625 92.4375 93.875 94.3125 96.375 96.8125 97.4375 98.4375 99.9230804443359 100
-9999 -9999 -9999 252 246.857147216797 293.214294433594 296 288.25 280.875 274.5625 262.25 243.769226074219 217.399993896484 191.142852783203 184.571426391602 164.199996948242 152.454544067383 146.800003051758 136.466674804688 129.333343505859 134.800003051758 136.3125 129.416656494141 105.833335876465 124.1875 127.3125 129 130.875 130.75 125.0625 118.6875 106.75 102.066665649414 106.4375 119.5625 123.75 122.75 118 111.9375 112.875 112.625 107.25 94.375 91.4375 94.5625 95.75 93.625 95.875 98.9375 96.3125 93.8125 89.625 89.4375 85.6875 84.3125 84.125 84.1875 86 88.875 91.0625 90.6875 92.625 96.5 98.25 99.1875 99.875 99.9375 101
-9999 234.125 279.888885498047 281.866668701172 286.375 292.25 298.125 291.266662597656 279.1875 261.642852783203 243.8125 228.5 203.66667175293 194.5625 175.133331298828 146 154.375 141.4375 140.4375 124.8125 129.3125 143.375 140 126.875 121.125 115.25 116.625 119.4375 119.6875 111.5625 108.1875 104 100.75 103.8125 106.6875 106.5 106.4375 103.4375 98.8125 96.125 95.6875 91.1875 84.875 81.4375 79 77.625 77.375 78.75 78.5 80.5 80.625 82.1875 80.8125 77.6875 74.75 75.5 77.9375 80.1875 84.5 88.5625 89.5625 91.5625 92.5625 94.625 96.9375 95.625 93.5625 93.4375
256.600006103516 262.571411132813 270.4375 276.625 277.5625 281.9375 286.666656494141 270.5625 260.0625 239.3125 224.8125 204.666656494141 191.75 175.375 149.5 141.923080444336 138.533325195313 143.625 144.125 136 120.375 130.0625 139.6875 129.9375 134.1875 129.125 120.5 109.625 107.3125 105.75 103.6875 99.9375 93.4375 90.75 92.75 92.6875 92.4375 88.0625 83.6875 80.875 81.125 81.8125 79.4375 75.1875 71.875 69.125 68.25 68.0625 69.75 73.75 76.6875 77.75 75.5625 73.1875 71.3125 69.0625 70.6875 75.0625 79.6875 82.4375 85.75 87.5 88.625 89.5625 89.375 88.8125 88 87.5625
258.1875 253.071426391602 258.5 253.5 259.933349609375 260.0625 260.600006103516 253.3125 237.9375 215.4375 197.625 185.375 175.8125 154 131.153839111328 148.4375 138.0625 149.0625 131 132.375 125.3125 120.6875 116.25 114.3125 115.9375 114.3125 112.5 101.8125 93.9375 91.875 92.1875 81.625 79 78.375 76.75 78.3125 78.875 75.0625 70.0625 67.125 69.125 71.5 70.3125 67.5 65.5 63.75 62.5 63.1875 65.9375 69.25 70.875 72.125 70.8125 70.25 69.6875 68.375 68.5625 71.3125 74.1875 77.4375 80.875 82.5625 84.1875 85.5625 87 87.375 88.375 89.5625
251.3125 259.600006103516 250.375 240.4375 232 234.125 232.875 229.8125 222.875 194.199996948242 169.3125 152.75 136.75 144 142.25 126.9375 123.5625 128.8125 133.25 129.0625 129.6875 124.5625 117.5 112.0625 103.75 100.4375 98.375 92.125 83.75 77.4375 78 73.375 70.1875 68.75 66.6875 68.0625 69.25 69.3125 66.4375 64.375 65.9375 66.625 67.5625 67.1875 66.375 64.875 62.5 62.6875 65.8125 68.8125 68.5 68.6875 69.0625 68.75 67.9375 66.6875 67.1875 68.875 71.6875 74.5 76.8125 79.8125 81.9375 84.8125 86.625 87.4375 86.375 85.6875
267.75 259.375 248.9375 231.8125 206 207.5 202.875 193.3125 185 163.0625 144.8125 137.875 138.75 127.5625 119.75 116.625 117 102.5625 112.3125 118.3125 117.375 108 104.125 102.0625 98.6875 93.4375 89.125 84.375 79 71.0625 63.8125 59 59.0625 61.125 62.75 63.625 66.125 66.5625 65.5625 66.0625 68.0625 69.875 71.5625 69.8125 67.125 65.375 64 63.6875 65.5 68 68.625 69.3125 69.9375 70.0625 69.4375 68.5625 68.5625 69.125 71.75 74.6875 77.8125 79.9375 82.5625 84.75 86.4375 87.9375 86.625 85.8125
262.6875 257.4375 249.625 223.8125 213.4375 196 179.5625 170.875 159.125 138.875 105.75 103.1875 114.375 117.25 109.125 104.125 101.75 99.3125 95.25 102.25 105.0625 104.125 101.6875 97.625 92.125 87.125 83.375 80.1875 75.75 68.6875 60.3125 56.625 57.6875 58.375 60.6875 63.6875 65.0625 67.4375 68.9375 71 73 74.3125 74.125 72.5625 69.5625 67.875 67.125 65.4375 65.25 65.1875 64.8125 65.75 67.25 68.4375 70.5 71.0625 70.25 71 72.8125 75.9375 77.8125 79.6875 81.375 83.4375 85.625 86.875 86.8125 86.375
261.25 255.875 241.125 218.75 186.625 174.5625 161.125 156.25 148 128.4375 113.375 87.375 101.9375 102.9375 106.25 98.9375 100.125 102.8125 103.875 100.1875 95 92.625 95.5625 95.3125 91.25 87.75 81.3125 79.0625 76.5625 72.0625 66.3125 62.6875 59.5 58.625 59.3125 66 69.875 73 76.125 79.375 80.875 81.5625 79.875 76.3125 73.5 71 70.3125 72.1875 69.4375 67.9375 66.375 68.0625 71.625 73.5 74.875 75.0625 74.1875 73.8125 74.5625 76.625 78.75 81 82.9375 84.6875 85.875 87.125 87.3125 87
250.5 220.25 231.75 207.8125 181.125 169.0625 147.8125 128.0625 117.3125 111.125 107.5 88.375 84.4375 92.0625 92.1875 94.5625 94.25 95.25 96 96.125 96.375 95.6875 90.8125 85.5625 83.75 82.9375 78.625 78.0625 76.5625 74.4375 71.1875 70.125 67.75 65.6875 66.5 72.0625 73.3125 75.625 80.1875 83.125 87.8125 89.9375 86.9375 81.0625 77.5 76 74.0625 73.25 73.75 73.25 72.625 74.1875 76.6875 78.75 78.75 79 77.875 76.9375 78.1875 80.8125 80.9375 82.3125 84.25 86 85.375 86.1875 86.3125 87.375
230.8125 203.375 215.5 188.75 155.75 108.9375 100.5625 102.75 107.375 113.5 94.5 77 79 79.625 84.6875 89.6875 94.125 94.6875 93.3125 92.6875 92.875 89.75 87.3125 86.6875 83.75 80.0625 79.75 79.1875 77.6875 75.375 74.0625 73.875 74.375 75.125 75.625 75.5 75.8125 78.3125 81.4375 85.6875 90.1875 92.875 89.5 84.1875 80.0625 77.125 75.5 74.875 74 74.0625 74.9375 76.375 78.3125 81.25 82.625 85.3125 86.3125 88.25 87 84.5 83.75 84.4375 84.75 86.8125 89.0625 89.125 89.8125 90.9375
197.125 188.375 191.5625 171.625 150.25 147.1875 131.625 114.8125 103.75 91.6875 81.5625 76.3125 68.1875 69.1875 78.0625 86.375 89.875 93.6875 96.4375 95.3125 92.25 86.5 84.5 84 83 84.25 85.875 86.6875 84.25 81.875 80.5625 80.5625 82.3125 82.5625 82.5 84.6875 83.1875 82.25 85.25 88.1875 90.5 91.3125 88.8125 85.9375 82.3125 79.8125 78.5 77.125 76.9375 77.375 78.4375 79.9375 82.8125 86.3125 89.3125 91.3125 91.75 92.5 92.9375 91.25 92.6875 96 95.8125 98.0625 97.0625 94.625 95.8125 94.1875
180.9375 178 174.4375 166.375 169.375 156.75 139.875 114.125 106.625 101.6875 90.75 74.5 69.5 73 76.0625 80.5625 86.625 90.9375 94.25 94.8125 94.5 87.6875 82.1875 80.4375 83.6875 86.6875 89.4375 91.1875 91.6875 88.9375 87.125 88.5 90.625 90.0625 85.5625 84.25 86.5 90.3125 87.875 88.5 89.1875 89.125 86.75 83.5 80.75 79.4375 79.25 79.6875 79.375 80 81.6875 84.3125 87.625 90.375 91.9375 94.5 94.375 94.5 92.4375 91.9375 92.75 94.3125 95.25 96.5 96.625 95.6875 94.9375 94.75
157.8125 164.875 154.4375 165.375 155.75 132.625 110.375 108.875 98 94.8125 89.0625 80.625 76.4375 77.625 79.9375 81.875 86.25 89.1875 94.1875 96 90.8125 87.3125 84.5 83.75 85.25 88.1875 92.0625 94.5 94.75 93.5625 93.625 95.1875 96.125 94.9375 91.1875 89.75 90.6875 92.3125 93.25 92.875 91.4375 89.5 87.0625 83.6875 80.9375 80.375 80.875 83.5625 85.0625 86.375 88.8125 90.4375 90.9375 92.375 94.9375 96.8125 96.375 95.5 95.1875 93.8125 94.6875 96.125 97.375 98.9375 99.625 98.25 96.875 96.5625
160.5 146.25 141.75 139.25 131.8125 128.3125 119.875 108.5625 98.875 93.1875 91.8125 89.0625 82.125 80.0625 82 86.5625 90.125 93.125 94.5625 95.875 90.625 84.75 82.1875 83.375 87.9375 92.1875 95.8125 97.375 95.3125 94.125 97.5625 99.5 101 102.0625 100.875 97.8125 98 97.3125 97.375 96.0625 94.25 93 90.75 88.3125 84.9375 83.8125 85.375 86.9375 88.5 90.5 91.6875 93.0625 94.1875 95.625 96.4375 96.8125 96.8125 96.625 95.5625 95.6875 98.0625 100.875 100.875 102.3125 103.375 102.1875 101.3125 100.5625
147.6875 144.6875 146 140.125 129.875 112 104.8125 103.4375 102.375 95.5 92.0625 91.9375 86.375 81.8125 80.75 86.8125 94.625 96.9375 97.25 97.25 95.625 91.125 87.75 89.25 92.0625 94.3125 95.9375 97.75 96.625 97.0625 102.125 104.4375 104 104.625 105.6875 105.5625 102.375 101.1875 101.375 98.25 97.5 95.6875 93.5 92 90.5625 89.9375 90.0625 91.3125 91.4375 92.375 93.75 95.25 97.375 98.125 98.0625 97.375 97.0625 97 96.3125 98.875 100.6875 103.1875 104.25 104.8125 104.75 105.1875 104.5 104.125
160.5 144.75 138.9375 124.875 114.5625 104.1875 100.375 97.0625 96.1875 95.9375 99 96.5 94.3125 89.4375 89.25 95.4375 99.25 100.1875 100.9375 98.3125 95.75 93.0625 92.5625 96.375 99 98.9375 96.8125 96.5 96.5625 98 100.8125 101.1875 101.1875 103.75 108.125 110.125 107.8125 103.625 100.875 100.875 99.5 98.3125 97.1875 96.375 95.875 95.8125 94.875 94.9375 95.375 95.9375 97.4375 98.125 99.625 100.1875 99.5 99.8125 99 97.75 97.625 99.125 102.5 104.125 105.75 107.0625 107.125 108.4375 107.75 107.75
156.25 155.3125 141.4375 128.75 130.375 126.3125 107.125 95.8125 99.125 96.9375 100.375 100.9375 99.9375 96.4375 94.25 96.8125 100.625 104.375 103.875 101.8125 97.6875 93.1875 95.1875 104.625 107.3125 104.625 101.0625 99.375 97.5 97.9375 100.8125 101.25 102.0625 104.625 107.5625 112.4375 109.5 105.125 104.125 104.1875 103.375 102.9375 102.6875 102.6875 102.375 101 99.9375 99.9375 99.375 100.375 101 100.4375 100.75 101.125 100.5625 100.5625 98.6875 97.875 98.1875 100 102.625 106.1875 108.375 107.9375 107 106.75 107 109.125
138.8125 136.625 127.25 118.5625 110.9375 112.3125 114.375 104.5 97.375 96.625 101.9375 108.125 110.4375 107.8125 103.375 101.8125 105.25 101.875 102 97.8125 95.5625 94.25 97.4375 107.5625 111.875 111.6875 105.875 103.6875 101 101.6875 103.75 105.5625 105.25 104.375 105 105.75 104.1875 103.4375 104.3125 105.25 106.625 107.4375 107.5625 107.75 108 108 105.6875 104.6875 104.4375 104.8125 103.8125 103.5625 103.5625 104.25 104 102 100.0625 99.3125 99 100.375 102.3125 106.0625 110.6875 109.625 107.4375 104.0625 102.0625 104.3125
131 131.25 122.125 112.6875 102.375 101.125 97.75 92.125 89.3125 96 105 111.5625 118.5 111.5625 108.375 108.0625 106.1875 107.75 109.0625 106.625 100.4375 97.4375 101.4375 112 115.9375 115.9375 113.1875 110.5 106.6875 104.3125 105.6875 106.375 106.75 102 99.3125 98.0625 97.3125 102.1875 105.3125 106.8125 110.875 114.0625 114.25 115.5 115.375 112.5625 110.875 109.1875 109.375 107.5 106.1875 106.375 105.6875 105.125 103.75 102.75 100.5 98.875 99.625 100.6875 101.875 103.5625 106.875 108.875 106.9375 103.625 100.3125 102.9375
126.9375 126.375 122.375 120.8125 115.75 107.25 97.875 91.125 86.5625 89.6875 97.0625 105 107.5 105.8125 106.4375 110.1875 112.0625 110.5625 109.6875 109.3125 111.6875 110.25 113.125 119.9375 122.25 119.875 118.25 118.4375 114.1875 109.125 111 110.6875 108.3125 102.0625 98.375 101.9375 100.6875 105.9375 109.5 112.125 117.6875 120.9375 123.375 124.6875 122.1875 118.4375 116.3125 114.1875 112.875 111.625 109.625 109.8125 108.1875 106.625 105.875 103.875 101.375 99.6875 100.8125 101.4375 101.75 100.4375 106.6875 110.6875 111.1875 109.0625 105.375 104.8125
121.625 131.5625 129.375 129.3125 123.8125 115.875 104.8125 97.6875 92.75 91.875 92.6875 98.75 104.125 107.25 108.125 103.625 109.5625 111.5625 110.25 111.25 115.875 122.0625 126.4375 128.625 126.4375 127 125.75 123.375 121.0625 115.125 117.0625 118.375 114.75 101.3125 102.5 109 111.0625 114.875 118.25 121.375 125.75 129.125 132.125 132.0625 129.6875 126.125 121.8125 118.3125 115.9375 115.75 114.5 113.25 110 107.4375 105.4375 102.875 101.25 101.5625 103.125 103.375 103.375 104.8125 110 112.25 111.9375 110.0625 106.5 103.3125
111.9375 118.3125 123.4375 123.375 121.6875 119.375 112.875 105.9375 102.75 103.375 101 105.3125 111.75 113 111.5625 107.6875 103.5625 105.0625 107.625 108.625 114.5625 123.875 135.875 132.5 136.125 142.75 139.25 132.5 125.75 121.5 120.8125 125.75 124.625 118.375 117.125 121.125 123.25 123.9375 126.5 128.75 133.8125 138.3125 140.3125 138.125 135.125 132 128.3125 125.5 122.8125 121.5625 119.25 116.25 112.625 108.75 107.1875 104.875 102.6875 104.375 108.75 109.5625 109.1875 111.4375 114.3125 115.8125 115.5625 112.8125 108.1875 106.1875
110.375 115.75 122.0625 121.8125 117.5 113.375 110.875 109.5 110.0625 108.1875 108.4375 110.0625 115 120.625 120.8125 114.4375 110.5 104.875 103.9375 105.6875 113.5 119.875 126.6875 125.1875 133.375 144.8125 152.375 142.5 135.5625 129.375 128.5625 134.3125 135.75 131.875 130.4375 131.6875 132.1875 133 133.375 134.9375 138.4375 143.3125 144.0625 141.9375 139 137.375 135.125 132.6875 131.4375 131.125 128.3125 122.375 118.25 113.9375 109.25 107.125 106.5 108 111.9375 113.0625 113.375 118.5 122.25 123.0625 120.3125 115.5 112.1875 109.875
106.75 112 118.9375 121.5625 117.4375 108.0625 104.3125 99.75 99 99.6875 101.4375 102.375 104 113.1875 121.4375 121.75 116.375 108.8125 104.0625 110.25 116.3125 120.4375 120.625 120.3125 126.125 132.875 139.6875 137.1875 132.375 129.25 131.5625 135.9375 138.125 136.25 135.6875 136.625 137.8125 136.8125 135.5 134.3125 136.1875 139.25 141.25 142.0625 141.125 140.5625 140.9375 140.1875 138.75 137.25 131.75 124.6875 120.625 117.375 114.8125 113 112.1875 113.625 115.3125 118.4375 121.8125 127.1875 131.9375 129.1875 125 120.6875 115.875 113.5625
105.0625 108.125 115.8125 116.375 114.375 107.8125 103 97.3125 96.6875 94.5 99.125 99.0625 99.5 97.6875 103.875 111.0625 115.5625 115.625 112.0625 114.6875 113.25 114.75 113.375 115.4375 120.9375 120.4375 122.8125 122.4375 122.625 124.1875 126.125 129.875 132.1875 133.1875 134.4375 136 138.125 137.5 133.0625 130.4375 129.25 129.9375 133.75 140.5625 142.4375 142.8125 143.125 143.5625 143.5625 138.8125 132.625 126.375 122.625 120.0625 118.4375 116.375 115.9375 117.0625 119.125 124.375 129.625 136.6875 138.75 134 129.25 124.0625 118.3125 112.9375
105.125 100.8125 104.125 111.6875 117.25 112.8125 106.8125 105.9375 102.75 100 99.9375 103.9375 104.1875 109 109.25 111.875 105.4375 111.3125 106.4375 109.8125 119.0625 125.8125 117.25 113 115.3125 117.1875 115.125 115.923080444336 115.400001525879 116.5 119.214286804199 122.285713195801 125.363632202148 129.625 130.25 132.16667175293 134.444442749023 136.08332824707 130.333343505859 125.800003051758 121.3125 119.9375 122.375 130.3125 136.0625 140.8125 143.5 144.1875 145.875 140.3125 134.125 128.6875 124.4375 122.5625 121.625 119.5 118.5 120.5 125.875 129.5625 136.1875 141.8125 142.75 137.75 130.75 124.75 118.375 112.75
106.1875 101.9375 103.625 115.0625 120.5625 120.4375 116.875 111.875 102 102.0625 103.75 105.875 112.25 118.8125 119.9375 119.25 117.6875 116.75 113.5 113 119.75 130.3125 123.25 116.625 115.0625 114.8125 108.5 104.454544067383 104 107.5 118 109 -9999 -9999 116 128.800003051758 131 131.33332824707 130 -9999 119.5 115.800003051758 116.428573608398 123.800003051758 130.933334350586 137.625 139.125 138 139.4375 135.6875 131.625 127.9375 125.5625 124.4375 122.875 120.9375 121.0625 123.25 126.6875 132.1875 136.625 142.5625 143.5625 139.875 132.75 126 118.6875 113.0625
109.3125 111.9375 116.875 117 120.5 123.25 122.75 116.75 110.625 107 106.6875 108.5 112.5625 117.0625 119.3125 125 127.75 129.0625 125.75 118.3125 117.0625 121.3125 120.1875 115.466667175293 111.692306518555 108.5 99.5555572509766 91.1999969482422 99.3333282470703 104 -9999 -9999 -9999 -9999 -9999 -9999 -9999 -9999 -9999 -9999 -9999 105 107.333335876465 109 126.285720825195 128.375 129.375 125.375 123.9375 127.1875 127.8125 126.8125 125.875 124.5 123.4375 122.8125 122.3125 123.6875 127.6875 132.375 137.25 142.875 144.125 141.375 134.375 127.4375 120.3125 113
111.875 113.625 117.375 117.3125 115.3125 115.4375 117.75 112.3125 108.9375 112.25 111.5 112.6875 113.875 115.8125 118.125 123.125 126.75 130.25 131.1875 125.6875 118.4375 118.75 117.857139587402 112.923072814941 109 -9999 -9999 -9999 -9999 -9999 -9999 -9999 -9999 -9999 -9999 -9999 -9999 -9999 -9999 -9999 -9999 -9999 -9999 -9999 118.90909576416 118.9375 119.375 116.8125 116.6875 121.125 124.6875 125.75 124.6875 123 121.4375 120.8125 121.0625 123.375 127.3125 133 137.5625 140.9375 142.9375 140.375 135.0625 128.875 122.5 115.25
118.25 117.9375 114.625 116.8125 118.6875 119.5625 118.1875 116.125 109.8125 108.25 108.6875 110.9375 114.625 117.5 119.625 121.4375 127.5 127.0625 124.3125 119.4375 116.3125 115.9375 114.555557250977 107 -9999 -9999 -9999 -9999 -9999 -9999 -9999 -9999 -9999 -9999 -9999 -9999 -9999 -9999 -9999 -9999 107.800003051758 107.800003051758 107.900001525879 110 111.714286804199 111.866668701172 111.9375 112.125 112.875 116.125 120.125 123.6875 122.9375 121.625 119.375 117.5 117.6875 121.9375 127.5 132.8125 141.375 140 139.5625 136.6875 132.75 128.75 124.1875 120.0625
