input_data/future_climate/CNMR_126/_bio15_a.asc
ncols  331
nrows  193
xllcorner  17.833372883333
yllcorner  37.9999896166667
cellsize 0.1666667
NODATA_value  -9999
[rows 80 to 99 of 193, columns 230 to 275 of 331]
34.1385498046875 34.5191040039063 35.2475395202637 35.1196517944336 34.7788352966309 34.4666938781738 34.7057418823242 34.8269500732422 34.1312561035156 33.5222473144531 33.0970916748047 32.5527114868164 32.6280899047852 32.3448333740234 32.5537986755371 32.9145240783691 33.6269912719727 35.3132591247559 35.9910354614258 37.2330169677734 38.2844772338867 41.2231903076172 42.8891754150391 44.4060134887695 46.4913558959961 48.0410346984863 48.6992950439453 48.992431640625 48.7367362976074 48.348274230957 49.4490547180176 50.5299339294434 50.675952911377 51.2621002197266 51.7371711730957 51.9423179626465 52.7138404846191 52.9094543457031 53.3834266662598 53.1376304626465 52.2042770385742 50.9770088195801 49.6571273803711 49.0004730224609 47.918270111084 47.6754493713379
34.2186241149902 34.1599807739258 34.7712287902832 35.082218170166 34.9855003356934 35.3451232910156 34.8256568908691 34.6881942749023 35.259895324707 34.8327445983887 34.4153671264648 33.5472373962402 33.6322174072266 33.3180656433105 33.9911994934082 34.074878692627 34.744499206543 35.438404083252 36.226619720459 37.9673614501953 39.659309387207 41.0513153076172 41.8176383972168 43.7647514343262 45.8701591491699 47.9927597045898 48.7856330871582 49.482006072998 49.3461837768555 49.5076942443848 50.0228996276855 49.7219657897949 50.5785903930664 50.9076156616211 51.4553031921387 51.4898643493652 51.8763999938965 52.1126022338867 52.4711570739746 51.553108215332 51.0482330322266 50.2334594726563 48.7423820495605 47.6788902282715 46.9601516723633 47.1419258117676
33.6230583190918 34.1385498046875 34.334659576416 34.3076477050781 34.5112495422363 35.4056777954102 35.0819358825684 35.4152412414551 36.519214630127 36.052661895752 34.7118606567383 34.8939971923828 34.7526969909668 34.497745513916 34.9155387878418 35.5646743774414 35.5020866394043 34.997314453125 35.78076171875 37.5477600097656 38.1586570739746 39.7335548400879 41.3630485534668 44.5258903503418 46.288875579834 48.654613494873 48.8190040588379 49.343074798584 48.9951362609863 48.8213920593262 49.7220039367676 50.6012420654297 50.5843276977539 51.0159454345703 51.2522964477539 51.3041114807129 51.4871482849121 51.0658912658691 51.3839836120605 51.1000442504883 50.352237701416 49.7068367004395 48.0362319946289 47.1990242004395 46.5121192932129 45.9938697814941
32.8927459716797 33.2167854309082 33.4252700805664 34.0714111328125 34.5108451843262 35.363697052002 35.4505081176758 35.8383293151855 37.066219329834 37.4143676757813 36.3656272888184 36.1162071228027 36.1712265014648 35.8383560180664 35.8363189697266 36.1926383972168 36.2567710876465 35.4151382446289 35.7872352600098 36.7123374938965 38.3960609436035 38.5782089233398 40.4966697692871 43.2512626647949 45.6458053588867 47.4340362548828 48.7341270446777 48.7584228515625 49.3916397094727 49.8186798095703 50.1975784301758 50.4430198669434 49.8725852966309 50.2529602050781 50.5787162780762 50.7664947509766 50.9531860351563 50.7821197509766 51.2409286499023 50.3947486877441 49.7876167297363 48.7681694030762 47.9779586791992 47.0940856933594 46.2627906799316 45.8494720458984
32.4669990539551 32.7664184570313 33.234920501709 33.8151893615723 34.3421401977539 35.1711769104004 35.8406791687012 37.0063591003418 37.793628692627 38.0206489562988 37.5386734008789 37.0251731872559 37.1769676208496 36.884521484375 36.7281379699707 36.6479072570801 35.199390411377 34.743839263916 35.7846527099609 36.6379661560059 38.3471946716309 37.545352935791 38.9175491333008 42.2234420776367 46.46435546875 46.8837509155273 47.9176063537598 48.7511672973633 48.806209564209 49.0235939025879 49.8394584655762 49.7539482116699 49.9310493469238 50.3935852050781 49.6108131408691 49.6583023071289 49.8499336242676 49.6710510253906 49.8454742431641 49.863037109375 48.8299217224121 48.0771064758301 47.2547721862793 46.7530097961426 46.3652839660645 45.683952331543
31.641134262085 32.0220108032227 32.3364372253418 33.099235534668 34.0255889892578 34.6890983581543 35.6579627990723 36.6025772094727 36.5708999633789 38.3022689819336 38.3034324645996 38.3176879882813 38.1910095214844 37.8255043029785 37.3282012939453 36.6639556884766 34.5911674499512 34.5275230407715 36.5106582641602 36.8295860290527 36.9797592163086 37.3507118225098 40.3864631652832 42.6968460083008 43.9101715087891 45.4757347106934 47.5129127502441 48.8490600585938 48.0393867492676 48.9869728088379 49.2905578613281 49.8020973205566 50.0865631103516 50.2270622253418 49.3818283081055 49.5658264160156 49.2839126586914 49.2509918212891 49.3683738708496 49.3928718566895 48.5596656799316 47.6932487487793 46.884391784668 46.0754356384277 45.6077117919922 45.4818496704102
30.6764793395996 31.0327644348145 31.771556854248 32.8802261352539 33.81884765625 34.487548828125 35.1472282409668 36.4843368530273 37.2521438598633 39.261791229248 39.5334434509277 39.1993522644043 39.2390327453613 38.665828704834 38.0473594665527 37.1813507080078 36.4020309448242 36.6321640014648 36.1003646850586 35.5620155334473 36.6553001403809 38.1840400695801 39.091724395752 41.855884552002 43.70703125 46.4056816101074 48.3655624389648 48.4123611450195 48.144832611084 49.2705535888672 49.9029388427734 50.0956268310547 50.4554061889648 50.4851951599121 49.3737487792969 49.3969802856445 49.5255851745605 48.7529678344727 48.455436706543 48.6884384155273 48.2685470581055 46.9919738769531 45.9651031494141 45.2882232666016 44.8298721313477 44.8803787231445
29.1757965087891 30.0817718505859 31.222053527832 31.9628391265869 32.2967758178711 33.5109443664551 34.8681907653809 36.6689453125 37.2067031860352 38.0364227294922 38.8166160583496 39.5905265808105 39.4028053283691 38.7472038269043 38.461124420166 37.351131439209 37.1236534118652 37.1460418701172 36.1930236816406 36.2830085754395 37.4840850830078 38.1147956848145 40.3624687194824 42.8187217712402 43.2682113647461 46.0932731628418 48.3133354187012 47.9198760986328 48.8203506469727 49.5090179443359 49.7928848266602 50.6277694702148 50.6140251159668 50.1341781616211 49.3685569763184 49.1223564147949 48.9140739440918 48.5617790222168 47.9448699951172 47.4272613525391 47.3164215087891 46.8768730163574 46.0962257385254 45.3369827270508 45.1039428710938 44.755729675293
27.9340019226074 29.1508464813232 30.1017570495605 30.5499706268311 31.4327640533447 32.1260147094727 34.0802993774414 35.8341522216797 37.226490020752 37.3543128967285 38.1747398376465 38.9866027832031 39.0400810241699 39.0855026245117 38.9033546447754 38.0675163269043 37.9302711486816 37.878002166748 37.373218536377 38.2202224731445 38.3125457763672 39.339485168457 41.7627296447754 43.5755577087402 44.2364501953125 45.2965393066406 46.4556465148926 47.848072052002 48.7910995483398 49.7714958190918 50.0026931762695 50.9607772827148 50.8301277160645 50.0143775939941 49.5573425292969 48.9324226379395 48.759349822998 48.626636505127 47.841121673584 47.1508903503418 46.509334564209 46.4264984130859 46.0959548950195 45.3765068054199 44.7964248657227 44.9825706481934
27.6717472076416 28.6225032806396 29.0927982330322 29.8156318664551 30.5962295532227 31.4456214904785 32.9216156005859 34.2425994873047 35.3254165649414 36.2626152038574 37.3189544677734 38.0988426208496 38.4945411682129 38.9132652282715 38.7574272155762 38.8276100158691 39.0847549438477 37.6462631225586 37.2790222167969 38.5608940124512 39.0849914550781 40.7731513977051 42.0121002197266 43.3003540039063 44.5969734191895 45.4850654602051 46.4710693359375 47.7522506713867 48.6750869750977 49.3079299926758 49.8374824523926 50.1219673156738 50.7005157470703 49.9030723571777 49.3128776550293 48.7521438598633 48.376106262207 48.1857604980469 47.3747749328613 46.6109580993652 45.7537231445313 45.9421539306641 45.6019401550293 45.0677757263184 44.3536338806152 43.8408470153809
27.0419673919678 28.0790557861328 28.844970703125 28.9175624847412 29.7162094116211 31.2032680511475 31.9146862030029 32.9490127563477 34.7033042907715 35.382942199707 36.4614067077637 37.7044639587402 38.5634155273438 38.0424346923828 38.3576278686523 38.4833908081055 37.955005645752 38.8253898620605 39.1085968017578 38.5716896057129 39.7279319763184 39.7915725708008 41.6128883361816 43.4996681213379 45.1886291503906 45.2040367126465 45.6505966186523 47.1488609313965 48.1720542907715 48.7783546447754 49.3626480102539 49.8265686035156 49.9280624389648 49.0502510070801 48.5238037109375 48.338062286377 47.7222290039063 47.0099601745605 46.5061302185059 46.0495643615723 45.2079811096191 44.7602195739746 45.004955291748 44.2505683898926 43.8056602478027 43.6420402526855
26.1258983612061 27.2303333282471 27.8147087097168 28.108341217041 28.9615650177002 30.5129642486572 31.0809001922607 31.7325649261475 33.3885459899902 35.365535736084 36.1340103149414 37.236686706543 38.3147811889648 38.4642677307129 37.9322395324707 38.2253723144531 39.9833984375 39.9566879272461 40.3955345153809 39.8449974060059 39.6809234619141 40.3200378417969 41.7926216125488 44.1849327087402 44.8276252746582 44.7165184020996 45.9470672607422 46.6618537902832 47.8525009155273 48.302303314209 48.6761741638184 48.9843330383301 48.6186561584473 48.2654075622559 47.1235618591309 46.228084564209 47.230224609375 46.8355941772461 46.0945281982422 45.4107131958008 44.8993339538574 44.4345932006836 44.0607681274414 43.5130271911621 43.4618148803711 43.2120666503906
25.8965682983398 26.4615612030029 27.3085880279541 27.8856754302979 27.6005630493164 28.3981876373291 29.4941349029541 31.3604507446289 33.0114707946777 34.5630493164063 35.845703125 37.2196617126465 37.6931915283203 37.8373908996582 38.6319541931152 38.9197540283203 39.6448669433594 39.9175682067871 40.3484382629395 40.3567810058594 40.155200958252 42.2347259521484 42.8664016723633 43.6047821044922 44.1214599609375 45.426097869873 46.1854248046875 47.2044219970703 47.468822479248 47.6076889038086 48.0457458496094 47.5851669311523 48.221019744873 47.6789321899414 47.3899536132813 46.5992813110352 46.1717567443848 45.7475128173828 45.721263885498 45.1663131713867 44.7470588684082 44.4789962768555 44.2621688842773 43.5468215942383 43.8033294677734 43.1296730041504
24.9804725646973 25.7242774963379 26.376766204834 26.7286777496338 27.4902935028076 28.3926582336426 29.2656841278076 31.360034942627 32.6040382385254 33.4561958312988 34.9820404052734 35.9682731628418 36.8399887084961 37.2438850402832 38.1816329956055 39.9372825622559 40.133472442627 40.3299751281738 41.403881072998 41.4235992431641 43.0317726135254 43.5596656799316 43.9929351806641 44.4557800292969 45.5837516784668 46.0889015197754 46.2596473693848 47.7916297912598 46.8468246459961 47.281982421875 47.5082702636719 47.4478912353516 46.8004722595215 46.5544357299805 46.5258483886719 45.710521697998 45.7164535522461 45.3389091491699 44.9699897766113 44.6319007873535 44.3711357116699 43.8500366210938 43.224552154541 43.0058479309082 43.3216857910156 43.1994171142578
25.2993698120117 25.4934768676758 26.4453372955322 27.1637325286865 27.6790981292725 28.0123538970947 28.6138935089111 30.8191967010498 31.8564491271973 33.1290626525879 34.2639427185059 35.580696105957 36.819751739502 38.5800247192383 38.6086769104004 39.6394920349121 40.0890846252441 41.0253944396973 43.0230751037598 44.9753227233887 45.3674049377441 45.5769958496094 45.1285667419434 45.2691802978516 45.8440704345703 45.8112983703613 46.0697212219238 46.5638084411621 46.3554573059082 46.5009841918945 46.5410041809082 45.837718963623 45.6898574829102 45.9719924926758 45.6814270019531 45.1077117919922 45.0604476928711 44.9102630615234 44.6825561523438 44.0610237121582 43.8288650512695 43.5053367614746 42.940616607666 43.3490409851074 43.6170883178711 43.088264465332
25.348876953125 25.6978492736816 26.1949253082275 26.3512077331543 26.4586753845215 26.8237190246582 27.9761829376221 29.9013118743896 31.4741687774658 32.7195777893066 33.5526084899902 34.6550827026367 36.8559684753418 38.5839767456055 40.6973304748535 41.8492088317871 40.868766784668 43.5976028442383 45.2792015075684 45.8178253173828 46.3133087158203 47.0699310302734 46.1290512084961 45.6775741577148 45.8008346557617 46.1279830932617 45.9916114807129 45.6427116394043 45.2325592041016 45.4699020385742 45.4583015441895 45.4332275390625 44.8982315063477 45.1087341308594 44.7691040039063 44.6502571105957 44.1768569946289 43.6714286804199 43.7096214294434 43.4537582397461 42.8044090270996 42.4166717529297 41.9865798950195 42.7902946472168 42.8734436035156 42.501049041748
25.0099868774414 25.4627532958984 25.0062160491943 25.3151245117188 25.2351875305176 26.2524833679199 27.1128940582275 28.4347438812256 29.2593994140625 31.0440292358398 32.2027702331543 34.0919075012207 35.918758392334 37.5588493347168 39.3833961486816 40.4237518310547 42.6146049499512 45.0138397216797 46.1431579589844 46.8740272521973 48.5726623535156 47.6087036132813 46.2859344482422 46.4049911499023 45.5955429077148 45.4956169128418 45.7263526916504 44.7454109191895 44.6645050048828 44.6510772705078 44.0331344604492 44.4540519714355 44.4901161193848 44.1840400695801 43.598575592041 43.5879020690918 43.5179862976074 43.5834770202637 42.782154083252 42.0368270874023 41.8631210327148 41.7682495117188 42.4151878356934 41.9822120666504 41.6764144897461 41.2160911560059
24.8296871185303 24.0653076171875 23.5799999237061 23.4889869689941 24.6062335968018 25.5396938323975 26.7831802368164 28.0809440612793 28.7322635650635 30.3414001464844 31.2779712677002 32.9415855407715 35.4418640136719 37.3798484802246 38.5492057800293 41.1387825012207 43.8640213012695 46.5095710754395 48.029411315918 47.9224510192871 48.010627746582 47.501636505127 46.2854995727539 45.8425064086914 45.6701927185059 45.2109832763672 44.7393264770508 44.3843231201172 44.1352081298828 43.9636764526367 43.620418548584 43.8365707397461 43.4639205932617 43.0535278320313 42.7636566162109 43.1235580444336 42.6908187866211 42.1637153625488 41.4994087219238 40.866268157959 41.231372833252 41.6724624633789 41.620288848877 40.9866485595703 40.8969497680664 40.1897735595703
24.7974491119385 24.0229339599609 23.1180515289307 23.3166007995605 24.4457607269287 24.8404865264893 26.2028331756592 27.0215797424316 27.7328109741211 28.5281352996826 30.9260005950928 33.3579597473145 35.0475120544434 35.9095649719238 38.1675415039063 41.4020538330078 44.6971778869629 47.0595855712891 47.1897163391113 47.9493598937988 47.8679885864258 46.9255905151367 46.1611251831055 44.9958953857422 44.9120407104492 44.2994728088379 44.5058403015137 43.5730400085449 43.3194808959961 43.0395812988281 42.797737121582 42.2861442565918 41.9314613342285 42.281322479248 42.0238876342773 41.9906463623047 41.6342658996582 41.5035400390625 40.8055267333984 40.2543067932129 40.938175201416 40.4354667663574 39.8552894592285 40.4874420166016 40.4411201477051 39.7524490356445
24.2347431182861 24.3962135314941 23.4998416900635 22.9333305358887 23.5798301696777 23.4813213348389 24.838005065918 25.4494857788086 27.018196105957 28.8355655670166 30.4254741668701 32.4617118835449 33.7002334594727 35.6919822692871 37.6312065124512 42.3712005615234 45.1903495788574 46.6876640319824 47.1611251831055 47.1324615478516 46.7831230163574 45.8190727233887 45.5265159606934 44.4858818054199 44.3698921203613 43.2728042602539 43.1210479736328 43.0927658081055 42.263053894043 42.0290946960449 41.9418907165527 41.1860656738281 41.7658805847168 41.1090545654297 40.8110122680664 40.9706268310547 40.9027099609375 40.6544036865234 40.4679679870605 40.5272483825684 40.4287986755371 39.8667221069336 39.5542869567871 39.3092842102051 39.9001808166504 39.9630393981934
