input_data/future_climate/CNMR_126/_bio13_a.asc
ncols  331
nrows  193
xllcorner  17.833372883333
yllcorner  37.9999896166667
cellsize 0.1666667
NODATA_value  -9999
[rows 31 to 61 of 193, columns 142 to 212 of 331]
63.5625 63.875 64.8125 65.25 65.875 66.375 66.8125 67.625 68.25 68.625 69.1875 69.75 70.375 71 71.125 71.25 71.25 71 70.9375 70.5625 70.0625 69.5 68.6875 68.375 68 68.8125 68.875 68.5 68 68.1875 68.1875 67.9375 68.375 68.25 68.5 68.8125 69.4375 69.3125 70.25 70.8125 70.0625 69.875 70.0625 70.5625 72.125 72.8125 72.1875 73 72.875 73.5625 73.625 73.4375 73.5 73.5 73.3125 72.75 72.8125 73.875 73.375 72.5625 73.5625 73.5 73.625 74.3125 73.5625 73.625 73.5 73.5 73 72.8125 73
64.5625 65.25 65.875 66.25 66.5625 67.0625 67.75 68.3125 69.75 70.375 70.1875 70.375 71.125 71.625 72.0625 72.125 71.875 71.5 71.0625 71.0625 70.5 70 68.875 69.125 69.5625 69.3125 69.125 69.25 68.9375 69.5 70.1875 70.6875 71 70.3125 69.625 69.125 68.75 68.6875 69.125 69.0625 69.875 70.75 71.375 71.875 72.875 72.3125 72.25 73.5 74.625 74.4375 75.0625 76.125 75.1875 74.5625 74.25 74.125 73.8125 74.1875 73.9375 73.3125 73.6875 74.125 74.3125 74.75 74.625 74.375 73.875 73.8125 73.25 73.375 73
65.125 66.1875 67.4375 67.875 68.1875 67.8125 68.375 69.5 70.5 71.0625 71.5 71.4375 71.875 72.375 72.625 72.5625 72.375 72.0625 71.6875 71.25 71.125 70.5625 70.6875 70.6875 70.75 70.25 70.0625 69.875 69.8125 70 70.5 71.1875 72 71.6875 71.3125 70.875 70.125 69.625 68.6875 69.4375 70.4375 70.5 70.9375 71.375 71.625 72.25 72.6875 73.1875 74.25 74.9375 75.3125 75.4375 76.5625 76.6875 75.375 75 74.875 75 75 74.5625 74.3125 75.1875 75.4375 74.8125 74.3125 74.0625 73.5625 73.0625 73 72.75 72
65.875 66.1875 66.8125 68.125 68.625 68.9375 69.1875 70.125 70.625 70.75 71.1875 71.9375 72.25 72.5 72.125 72 72.3125 72.5 71.9375 71.9375 71.8125 71.1875 71.3125 71.6875 71.625 71.5 71.1875 70.25 70 70.0625 70.6875 71.1875 71.6875 72.25 71.3125 72.125 71.875 71.6875 71.25 71.1875 70.75 71.4375 71 71.1875 72.25 72.3125 72.4375 73.0625 73.875 74.3125 74.5 75.0625 76.4375 77.6875 77.5625 77 75.9375 75.375 74.5 74.0625 73.8125 74.375 75.3125 75.6875 74.75 74.25 73.5625 73.125 72.4375 72.25 72.1875
66.25 66.3125 67.375 68.1875 68.875 69.1875 69.375 70.0625 70.8125 71.5625 72.375 72.5 72.75 73.0625 72.875 72.75 72.0625 72.1875 72 71.875 71.4375 71.75 71.8125 71.9375 71.625 71.875 72.125 72 71.125 70.6875 70.75 70.875 71.625 72.8125 72.875 73 73.25 72.8125 72.8125 72.5625 72.4375 72.9375 72.4375 71.6875 71.8125 72.9375 73 73.5 73.8125 74.25 74.9375 74.5 74.3125 75.125 75.375 76.5625 76.5625 74.0625 73.8125 73.8125 73.125 73.5625 75 76.875 75.375 74.125 73.4375 73.1875 72.9375 72.6875 71.75
67.9375 67.75 68.5 68.875 69.25 69.75 70.5 70.875 71.875 72.6875 72.6875 72.9375 72.9375 73.0625 73.0625 72.875 72.75 72.4375 72.0625 72 72.1875 73.8125 74.8125 75.3125 75 74.3125 74.9375 75.8125 74.75 73.8125 73.5625 72.3125 71.875 72 72.625 73.4375 73.0625 72.8125 72.9375 72.625 72.125 72.125 71.75 71.875 72.6875 73 72.75 73.4375 74.0625 74.5 74.6875 74.5625 73.625 73.5625 73.75 73.875 73.8125 73.4375 72.9375 72.875 73 73.125 73.75 74.75 75 74.1875 74.375 73.8125 73.5625 72.875 72.4375
69.1875 69.125 69.625 70.125 70.6875 71 71.4375 71.6875 72.125 72.4375 72.25 72.6875 73.125 73.125 73.25 73.125 73.125 72.75 72.3125 72 72 72.75 74.75 75.5625 75.75 75.5 76.1875 76.3125 75.75 75.5625 74.8125 74.125 74 73.375 72.625 72.75 73 72.6875 73 72.75 72.9375 72.125 72.5625 73.1875 73.1875 73 72.8125 73.875 74.1875 73.9375 73.5625 73.9375 73.9375 74.8125 75.125 74.125 73.9375 73.6875 73.25 73.3125 73.5 72.9375 72.625 73.1875 74.625 73.75 73.5625 73.3125 73.1875 72.5625 72.0625
70.25 70.5625 70.5625 70.875 70.875 71.5 72.125 72.5 73 73.0625 73.4375 73.375 73.4375 74.25 74.375 73.8125 73.5625 73.5625 73 72.4375 71.75 73 73.5625 73.4375 74.9375 75.75 76.0625 76.8125 76.25 75.6875 75.75 75.8125 75.3125 74.75 73.9375 73.625 72.6875 72.25 73.0625 72.5625 72.875 72.8125 72.5 73.4375 73.9375 73.9375 73.625 73.5 74 73.9375 73.9375 74.25 73.9375 73.8125 73.6875 73.75 74.0625 74.3125 73.9375 74 73.625 73.3125 73 72.875 73.5625 73.4375 72.9375 73.0625 73.1875 72.8125 72
71.4375 71.5 71.25 71.625 71.5625 72 72.3125 72.5625 72.75 73.375 74.4375 74 74.6875 75.125 75.25 74.8125 74.5 74.25 73.6875 74.5625 74.6875 75.0625 74.6875 74.75 75 75.125 76.25 76.8125 76.25 76 76.3125 76.625 76.375 75.3125 74.25 73.5625 73.1875 72.25 72.25 72.75 73.25 73.4375 73.625 74 74.0625 73.875 74.1875 73.375 73.6875 73.8125 74.125 74.75 74.125 74.4375 74 73.9375 74.25 74 74 74 73.875 73.625 73.5625 73.375 73 73.25 72.875 72.5 72.875 72.9375 72
71.4375 71.3125 71.125 71.3125 71.75 72.5625 73.1875 73.5625 73.8125 73.5625 73.75 74.0625 74.75 75.5625 76.0625 75.5625 74.1875 74.5625 75.0625 74.5 75.75 75.6875 75.875 76.1875 76.25 75.9375 75.1875 75.4375 76.1875 76.0625 76.3125 77 76.3125 76.3125 75.375 73.9375 73.75 72.875 72.0625 72.6875 73.25 73.875 73.625 73.125 73.3125 73.5 74.125 74.0625 74.0625 75 74.625 73.9375 73.625 74.3125 73.9375 73.625 73.4375 74.25 73.9375 73.6875 73.625 73.0625 73 73 72.9375 73.1875 73.5625 72.4375 72.1875 72.4375 72.1875
72.1875 71.8125 72 71.6875 72.0625 72.1875 73.6875 73.6875 73.375 73.6875 74 74.4375 74.625 75.375 76 75 74.875 74.5 74.125 75.3125 76.1875 76.6875 76.875 77 76.75 76.4375 76.25 76.1875 77.0625 77 75.75 75.875 76.5 75.6875 75.375 74.4375 73.5625 73.4375 72.625 72.5625 73.5 74 73.9375 74.0625 74.5 74.6875 74.0625 74.25 74.75 75 75.0625 74.5625 74.75 74.6875 74.1875 74.3125 73.25 73.75 73.625 73.5 73.3125 73.3125 73.0625 73.0625 73.0625 73.375 73 72.875 72.8125 72 72
72.375 72.4375 72.375 71.9375 72 71.875 72.3125 73.3125 73.5 73.5625 74 74.0625 75.125 75.625 75.5625 75.0625 74.875 74.3125 74.4375 75 75.1875 76.4375 77.3125 77.125 77.1875 76.875 77.0625 76.6875 77.0625 76.9375 77 75.625 76.5 75.9375 75.9375 75 74.1875 73.625 73.1875 73.5 74.1875 74.75 75.25 75.25 74.8125 74.8125 74.5625 74.9375 74.875 74.875 74.9375 74.875 75.0625 74.875 74.8125 74.6875 74.125 74.5 74.5 74 74.625 73.625 74.375 73.6875 73 73 73 73.5 73.3125 72.0625 71.9375
73.8125 73.9375 73.9375 72.875 72.3125 72.1875 71.9375 71.875 72.25 72.875 73.625 73.9375 74.4375 74.9375 75 75.0625 74.6875 74.6875 74.75 75.1875 75.875 76.875 76.375 76.6875 76.8125 77.4375 77.875 77.0625 76.9375 77 76.25 76.6875 76.75 76.625 76.25 75.9375 75.3125 74.4375 74.125 74.6875 75.125 75.375 75.75 75.8125 75.8125 75.5625 75.25 75.5 75.6875 75.8125 75.375 75 75.125 75.3125 74.8125 74.625 74.6875 74.625 74.8125 74.875 75.3125 75.25 75 74.375 73.4375 72.9375 73 73 73.75 73.375 72.5625
74.125 73.875 73.5 73.0625 72.625 72.5 72.0625 71.5 71.5625 71.75 71.9375 71.875 72.5625 73.75 74.5 74.4375 74.75 75 75.625 75.75 75.9375 76.5625 77.3125 77.6875 77.9375 77.875 77.375 77.1875 77.3125 77.1875 77 76.3125 76.75 76.9375 77 76.1875 75.5625 75.5 75.5 75.9375 75.875 76.0625 76.0625 76.25 76.25 75.625 75.3125 75.3125 75 75.5625 75.1875 75 74.75 75.4375 74.6875 74.6875 75.0625 74.6875 74.875 75.125 75.5625 75.3125 74.5625 74.5 74.1875 73.25 73.25 72.9375 73.8125 72.8125 73
73.6875 73.8125 73.5 73.1875 73 73 72.9375 72.8125 72.8125 72.9375 72.75 72.875 72.125 71.8125 72.375 73.4375 74.125 74.25 74.75 75.125 75.75 75.875 76.5 77.0625 77.75 77.8125 77.6875 78.0625 78.625 78.0625 77.4375 77 77.375 77.0625 77.0625 76.75 76.1875 76.0625 76.25 76.125 76.25 76.4375 75.75 75.8125 75.875 76 75.3125 75.4375 75.625 75.9375 74.875 74.1875 74.875 75 74.875 74.875 74.9375 75.25 75.5 75.9375 75.5 75.4375 75.5 75.125 75 74.625 73.75 72.9375 72.375 72 72
74.5 73.875 73.9375 73.875 73.6875 73.25 73.9375 73.6875 73.625 73.6875 73.0625 72.9375 72.375 71.5625 71.3125 72.625 72.9375 73.8125 74.0625 74.5 75.625 75.375 76.3125 77.125 78 78.25 78.5 78.625 79 78.625 78.875 78.0625 78.3125 78.3125 78.0625 77.625 77.1875 76.6875 76.5625 76.4375 76.6875 75.6875 74.625 74.9375 76.125 75.9375 76 75.8125 75.875 75.6875 74.5625 74.6875 74.5 74.5625 74.8125 74.5 75.5 76 76 76.5 76.375 76.625 76.5 75.75 74.8125 74.1875 73.0625 72.75 72.0625 71.6875 71.9375
75.8125 75 74.375 74.125 73.75 73.75 73.8125 74.3125 74.25 74.0625 73.5 72.6875 72.25 72.375 72.4375 72.625 73.5625 73.75 73.625 73.8125 74.0625 74.625 76 77.1875 78 78.875 79.8125 79.9375 80.25 80.3125 79.875 79.3125 79.25 78.4375 77.875 77.25 76.25 76.625 77.0625 77.625 77.125 76.375 75.6875 75.4375 75.3125 74.9375 75.625 75.0625 74.75 74.875 74.375 73.875 73.5625 73.8125 74.375 75.3125 75.6875 76.125 77.1875 77.0625 77.0625 76.75 76.625 76.3125 75.125 73.75 73 73.1875 72.75 72.5625 72.1875
75.375 75.375 74.3125 74 74 73.5625 73.9375 74.1875 74.5625 74.125 74.0625 73.9375 73.9375 73.875 73.9375 74.0625 73.9375 74.9375 74.75 74.4375 74.25 74.5 74.9375 75.6875 76.75 77.5625 78.625 79.375 79.375 79.25 79.25 78.625 78.9375 78.625 77.625 76.9375 76.4375 76.375 76.5625 76.6875 76.4375 75.625 75 74.8125 74.5625 74 73.9375 74 73.6875 73.4375 73.375 74.1875 73.3125 73.9375 74.5625 75.1875 75.5 75.9375 75.75 75.9375 76.25 76.5625 76.5 75.6875 74.9375 73.75 73.3125 72.625 72.75 73.1875 71.75
75.8125 74.875 75.125 74.375 73.625 73.3125 73.375 73.625 73.9375 74.6875 75.6875 76.1875 75.875 75.5625 75.75 75.875 75.4375 75 75.25 75.4375 75.4375 75.0625 74.875 75.0625 76.125 76.375 76.5 77.0625 77.75 78.25 79.0625 78.0625 78.375 77.625 77.125 76.6875 76 76.25 76.1875 76.125 75.3125 74.25 74.6875 75.4375 75.0625 74.625 74.5625 74.75 74.625 74.75 74.25 74.1875 73.875 74.0625 74.3125 74.6875 75.375 75.9375 75.625 75.6875 75.375 75.3125 75.125 74.6875 74.0625 72.9375 72.375 72.375 72.875 72 71.0625
75.3125 75.5625 75.3125 75.5 74.6875 74.4375 74.3125 74.875 75.1875 75.4375 76.5 77.5 77.4375 76.9375 76.875 76.1875 76.6875 76.9375 76.6875 77 76.5625 76.1875 75.8125 75.25 75.9375 76.375 76.625 77.25 77.5625 77.9375 78.125 78.0625 77.6875 77.5 77.3125 77.125 76.3125 76.0625 75.875 75.9375 75 74.9375 75.4375 75.1875 75 75 74.9375 74.75 74.4375 74.4375 73.875 73.875 74.1875 74.375 74.4375 74.5625 74.6875 74.8125 75.625 76.0625 75.625 75.25 75.5 75.75 75.0625 74.3125 74.625 74.25 73 72.625 71.375
75.8125 76.125 76.1875 75.625 74.9375 74.75 75.0625 76 76.625 77.0625 77.8125 77.625 78 78.0625 76.625 76.5625 76.8125 76.875 76.5 77.1875 77.8125 77.625 78.125 77.875 76.8125 76.25 76.3125 77.0625 77.8125 77.875 77.625 76.875 76.25 75.875 75.9375 76.1875 76 75.1875 74.25 74.125 74.375 74.875 75.375 75.6875 75.9375 75.8125 75.4375 75.5625 75.25 75.4375 75.625 74.9375 74.75 75.4375 75.5625 75.125 75.3125 76.1875 76.5 77 76.3125 76.5 77.4375 76.875 76.4375 76.3125 75.3125 74.3125 73.8125 73.625 72.6875
75.875 76.8125 76.75 75.4375 75.0625 75.625 76.625 76.875 77.3125 78.1875 78.25 77.75 76.875 76.5 77.5625 77.3125 76.5625 76.6875 76.125 76.625 77.1875 77.375 76.875 76.75 76.75 76.75 77.0625 77.375 77.6875 77.0625 76.0625 74.875 74.6875 74.25 73.875 74.3125 74.625 74.5 74.6875 74.875 75.0625 75.75 75.875 75.375 75.5 75.1875 74.6875 75.6875 75.625 74.9375 75 74.875 75.4375 75.5 74.6875 75.625 76.9375 76.8125 77.125 77.3125 77.125 76.6875 77.1875 76.9375 76.0625 75.6875 75.125 74.8125 74.125 73.4375 72.9375
75.6875 76.8125 77.3125 76.875 76.5 76.5625 77.125 77.25 77.0625 77.6875 77.6875 78.1875 77.125 76.8125 77.1875 77.4375 77.9375 77.25 76.3125 75.9375 76 75.875 75.8125 76 76.0625 76.6875 76.75 75.75 75.9375 74.8125 73.3125 73.3125 73.5625 74.125 74.4375 74.75 74.75 75.0625 75.625 76.125 76.25 75.875 75.875 76.25 76.875 76.375 76 75.75 75.375 75.625 75.75 75.5625 75.4375 76.375 75.5 76.6875 77.4375 77.25 77.625 78.125 78.1875 77.3125 76.8125 76.8125 76.6875 76.1875 74.75 74.625 74.375 74.3125 73.8125
76.5 76.75 77.25 77.4375 77.4375 77.4375 77.625 77.4375 77.1875 77.75 77.0625 77.4375 77.1875 77.875 77.8125 77.875 77.9375 77.0625 76.625 75.75 75.5625 75.5 75.1875 75.375 75.4375 75.625 74.6875 73.25 72.375 71.8125 71.875 72.875 74.0625 75.4375 75.9375 76.0625 76 76.25 75.6875 75.5625 75.25 76.0625 76.125 76.3125 75.8125 75.625 75.6875 75.6875 75.3125 75.4375 74.9375 74.875 74.6875 75.125 75.8125 77 77.375 77.375 78.375 78.4375 78.1875 77.75 76.8125 76.4375 75.8125 75.375 75.4375 75.625 75.6875 74.875 74
77 76.5 77.75 77.0625 78 77.8125 77.9375 77.5625 76.9375 76.875 77.4375 77.875 77.875 78.0625 77.625 77.125 77 76.9375 76.75 76.125 75.75 75.75 75.1875 74.625 73.6875 73.125 72.1875 70.75 69.5 69.3125 70.75 72.125 73.4375 74.1875 75.3125 75.5 75.5625 75.0625 76 76.4375 75.6875 76.1875 76.9375 76.9375 76.5625 76.3125 76.125 76.125 75.625 75.25 75.625 76.125 76.125 77.375 78 77.6875 78.5625 78.625 78.6875 78.625 78.5625 78.8125 78.1875 77.75 76.8125 76.25 75.75 75.5625 74.875 74.5 74.25
76.75 77 77.875 77.0625 78 77.625 77.4375 77.625 78 77.125 77.25 77.25 76.6875 76.375 76.5 77.1875 77.125 76.8125 76.25 76 76.125 75.375 74.1875 73.25 72.375 71.5 70.3125 68.9375 67.625 67.5625 69.375 70.8125 72.0625 72.9375 73.625 74 74.25 74.8125 75.5625 76.6875 77.125 77.125 77.4375 77.0625 77.125 76.8125 76.8125 77.1875 76.375 76.4375 77 77.375 77 77.8125 79.125 79.1875 79 79.0625 79.1875 79.125 79.6875 79.9375 79.3125 78.6875 77.25 76.5625 76.5 76.125 75.5 74.9375 75.25
76.9375 76.8125 77.8125 78.8125 78.75 78.5625 77.3125 77.625 77.4375 77.4375 77 76 76.1875 76.4375 76.5625 76.75 76.25 76.1875 76.3125 75.6875 75.25 74.75 73.8125 72.5625 71.5 70.75 69.75 68.9375 67.875 68.625 69.75 70.625 71.375 72.4375 73.25 74.25 75.25 76.3125 76.375 76.625 77.75 78 77.875 77.625 77.375 77.375 77.125 76.4375 76 76.375 77.125 77.25 78.125 77.75 78.5625 79.3125 79.375 80.375 81 80.5625 80.8125 80.875 80.125 78.6875 77.125 76.8125 76.9375 76.125 75.625 75.75 74.9375
77.125 76.875 77.0625 77.875 78.125 78.125 78.1875 77.6875 77.4375 77.625 76.6875 76.75 76.125 76.1875 76 75.75 75.6875 75.375 75.75 75.25 75 74.625 73.9375 73.375 72.625 71.4375 70.625 70.1875 69.5625 70.0625 69.8125 70.8125 71.8125 72.9375 74.75 75.5625 76.9375 77.375 77.3125 78 77.5625 78.3125 78.4375 78.5 78.875 78.5 78.0625 77.5625 76.5 76.5625 77.125 78.0625 78.875 79.4375 79.875 80.4375 80.625 81.125 81.75 81.4375 80.75 79.8125 78.8125 78.1875 78 77.6875 77.0625 76.375 76.25 75.875 75.9375
76 76.5625 77.375 77.375 77.375 77.5 77.3125 77.5 76.9375 76 76.25 75.75 75.5 76.125 75.8125 75.625 75.875 75.5 75.6875 75.5 75.1875 74.4375 74.0625 73.625 73.5 72.5 71.6875 71.1875 71.4375 71.125 71.0625 71.75 71.8125 73.375 75 75.625 76.625 77.3125 78.125 78.6875 79.4375 79.625 79.9375 80.25 79.9375 79.5625 78.625 77.875 77.1875 77.625 77.875 79.3125 80.4375 80.75 81.375 81.5625 81.6875 81.5 80.75 80.5625 80.4375 79.4375 79.125 78.8125 78.6875 78.375 77.3125 77.375 76.5625 76.5 77
75.5625 75.6875 76.1875 77.0625 77.0625 77.6875 77.125 76.4375 76.3125 75.6875 75.1875 74.8125 75 75.75 75.875 75.5625 75.375 75.5625 75.4375 75.3125 74.625 74.5625 74 73.5625 72.8125 72 71.5 72.3125 71.8125 70.8125 71.375 72.625 73.8125 74.375 75.4375 75.75 76.75 77.625 78.5 79.5625 79.8125 80.375 80.625 80.3125 80.0625 79.375 79.125 78.6875 78.25 77.875 78.4375 79.625 79.875 80 80.8125 81.0625 81.0625 80.9375 81.0625 81.0625 80.875 80 79.3125 79 78.625 78 77.1875 76.8125 76.4375 76.625 76.1875
74.6875 75.5 75.9375 75.875 75.875 76.125 75.125 74.75 75.0625 75.125 75.4375 75.875 75.6875 75.4375 75.3125 75.4375 75.3125 75.5 75.6875 75.9375 75.25 74.875 74.8125 73.9375 73.625 72.9375 73.4375 73.125 72.875 72.3125 72.75 73.75 74.3125 75.25 76.1875 76.625 77.1875 78.375 79.5625 80.5625 81.0625 81.3125 81.25 81.25 81 81.125 80.5625 80.625 80.5625 80.3125 80.8125 80.9375 80.625 80.4375 80.625 81.0625 81.25 80.8125 80.625 80.375 80.875 80.8125 80.125 79.25 78.375 78.0625 77.4375 77.25 76.375 75.9375 75.5625
