input_data/future_climate/CNMR_126/bio1_a.asc
ncols  331
nrows  193
xllcorner  17.833372883333
yllcorner  37.9999896166667
cellsize 0.1666667
NODATA_value  -9999
[rows 84 to 104 of 193, columns 230 to 275 of 331]
5.00989580154419 4.78619813919067 4.70546865463257 4.64817714691162 4.57239580154419 4.50442695617676 4.50807285308838 4.43307304382324 4.44218730926514 4.49270868301392 4.50989580154419 4.49869823455811 4.48072910308838 4.40000009536743 4.34713554382324 4.27812480926514 4.10546875 4.01744794845581 4.13203096389771 4.09427070617676 4.09348964691162 3.98828125 3.81979155540466 3.77656245231628 3.97994804382324 4.03515625 4.58463525772095 4.70494794845581 4.65234375 4.68645858764648 4.77031230926514 4.81692695617676 4.84088563919067 4.86796855926514 4.86119794845581 4.81718730926514 4.82265615463257 4.83177089691162 4.94062519073486 4.90807294845581 4.82526016235352 4.82864570617676 4.95078134536743 5.02682304382324 5.05338525772095 4.94843769073486
5.10234403610229 4.87317705154419 4.84817695617676 4.80364561080933 4.73880195617676 4.73098945617676 4.57005214691162 4.44479179382324 4.29374980926514 4.28776025772095 4.61223936080933 4.68489599227905 4.69843769073486 4.57473945617676 4.42083311080933 4.33984375 4.17083311080933 4.03072929382324 4.09479141235352 4.07213544845581 4.08802080154419 4.09166669845581 4.08750009536743 4.06979179382324 3.96067690849304 4.13776063919067 4.65989589691162 4.88020849227905 4.76093721389771 4.82369804382324 4.87630224227905 4.93932294845581 4.96041679382324 4.97187519073486 4.93125009536743 4.92291641235352 4.91458320617676 4.90625 4.98593759536743 4.89479160308838 4.88567733764648 4.91093730926514 4.85364580154419 4.86562490463257 4.94895839691162 4.8984375
5.06536483764648 4.96015596389771 4.86328125 4.84010410308838 4.89687490463257 4.75807285308838 4.51276063919067 4.34739589691162 4.28255224227905 4.27083349227905 4.56614589691162 4.5703125 4.6328125 4.66197919845581 4.51041650772095 4.38437509536743 4.32317733764648 4.17864561080933 4.15104150772095 4 3.92578125 3.92343759536743 3.90052103996277 4.13802099227905 4.16614580154419 4.54817724227905 4.94140625 5.01249980926514 4.9375 4.97239589691162 5.07343721389771 5.11536455154419 5.15208339691162 5.14453125 5.12526035308838 5.05677080154419 5.06093740463257 4.95911455154419 4.93359375 4.92812490463257 4.92161464691162 4.85963535308838 4.83619785308838 4.82395839691162 4.81536483764648 4.73802089691162
5.10859346389771 5.03229188919067 5.08046865463257 4.96901035308838 4.72161436080933 4.72968721389771 4.70703125 4.70286464691162 4.65781259536743 4.54114580154419 4.60052108764648 4.56874990463257 4.79895830154419 4.64635419845581 4.50104188919067 4.33151054382324 4.15052080154419 4.10520839691162 4.03229141235352 3.96770834922791 4.02734375 3.93359375 3.79010415077209 4.03958320617676 4.38958311080933 4.82708311080933 4.90703105926514 4.92135429382324 5.02656269073486 5.05572891235352 5.10286474227905 5.19010400772095 5.23307275772095 5.18177080154419 5.11119794845581 5.1015625 5.02708339691162 4.95442724227905 4.89973926544189 4.90598964691162 4.87760400772095 4.87135410308838 4.82890605926514 4.82005214691162 4.82656240463257 4.81119823455811
5.20234394073486 5.06588554382324 5.171875 4.95989608764648 4.71015644073486 4.56197929382324 4.51354169845581 4.40078115463257 4.54999971389771 4.734375 4.73671865463257 4.65572929382324 4.80625009536743 4.59453105926514 4.47604179382324 4.18359375 4.04375028610229 4.07708358764648 4.09635400772095 4.15807294845581 4.06197929382324 4.03203105926514 3.55520844459534 4.31015634536743 4.79348945617676 4.87630224227905 4.80182266235352 4.88229131698608 4.99869775772095 5.09635400772095 5.20286464691162 5.32239580154419 5.31458330154419 5.25416660308838 5.17031240463257 5.08020830154419 5.03619766235352 4.99427080154419 4.94062519073486 4.90000009536743 4.87369775772095 4.96328115463257 4.96276044845581 4.90156269073486 4.80625009536743 4.68906259536743
5.26119804382324 5.29322910308838 5.37057304382324 5.35885429382324 5.20052099227905 4.91796875 4.45416688919067 4.44192695617676 4.52942705154419 4.53984355926514 4.55859375 4.67343759536743 4.58515644073486 4.61380195617676 4.48463535308838 4.21406269073486 4.21432256698608 4.08723974227905 3.88567709922791 4.09479141235352 4.01223993301392 3.53802084922791 3.48880195617676 4.37109375 4.72890615463257 4.75156259536743 4.82968759536743 4.84869766235352 5.01119804382324 5.11770820617676 5.28645849227905 5.75937509536743 5.53437471389771 5.38359355926514 5.30781269073486 5.17942714691162 5.12968778610229 5.11145830154419 5.04374980926514 5.00729179382324 4.91901016235352 4.86302089691162 4.86614561080933 4.70651054382324 4.65755224227905 4.57421875
5.41432285308838 5.49583339691162 5.49244785308838 5.42994785308838 5.36354160308838 5.28307294845581 4.98255205154419 4.63671875 4.82057285308838 4.75078105926514 4.55937480926514 4.55729150772095 4.42239570617676 4.12005233764648 4.26979160308838 3.91822910308838 3.89557290077209 3.95677089691162 3.73151040077209 3.63671875 3.55807280540466 3.81640625 4.26718759536743 4.62135410308838 4.70468759536743 4.7265625 4.77604150772095 4.84531259536743 4.96484375 5.08333349227905 5.24010419845581 5.62942695617676 5.55937480926514 5.39348936080933 5.32395839691162 5.25338554382324 5.15989589691162 5.05781269073486 5.02994823455811 4.95390653610229 4.81458330154419 4.76927089691162 4.72942686080933 4.60572910308838 4.52265596389771 4.48255205154419
5.62968730926514 5.63567686080933 5.49192714691162 5.40026044845581 5.45963525772095 5.46953153610229 5.42838525772095 4.89140605926514 4.57395839691162 4.63359355926514 4.40729141235352 4.44713544845581 4.25364589691162 4.13307285308838 3.59583330154419 3.41380214691162 3.30911445617676 3.25572919845581 2.70390629768372 3.16588544845581 3.54322910308838 4.10234355926514 4.31041669845581 4.46536445617676 4.59973955154419 4.74921894073486 4.80130195617676 4.87161445617676 4.95104169845581 5.02708339691162 5.13593769073486 5.42942714691162 5.36041688919067 5.36380243301392 5.32291650772095 5.24010419845581 5.21848964691162 5.11093759536743 5.07135438919067 4.97682285308838 4.81640625 4.73098945617676 4.64531230926514 4.58463525772095 4.52369785308838 4.44687509536743
5.65885400772095 5.52083349227905 5.40026044845581 5.53958320617676 5.55286455154419 5.40989589691162 5.20338535308838 4.49296855926514 3.68072915077209 3.76015615463257 3.91145825386047 4.04244804382324 3.84791660308838 3.72421884536743 3.63203120231628 3.38541650772095 2.75885415077209 2.30078125 2.72786450386047 3.15026021003723 3.64609384536743 4.09062480926514 4.22213554382324 4.38671875 4.53072929382324 4.67838525772095 4.82291650772095 4.97473955154419 5.01145839691162 5.00520849227905 5.19270849227905 5.23984384536743 5.25911474227905 5.22630214691162 5.24010419845581 5.15989589691162 5.10208320617676 5.04166650772095 4.99557304382324 4.94296884536743 4.89088535308838 4.81067705154419 4.66718721389771 4.58906269073486 4.52473974227905 4.40208339691162
5.64036464691162 5.48932266235352 5.53489589691162 5.52447891235352 5.31614589691162 5.34270858764648 5.06145811080933 4.53723955154419 3.92161464691162 3.76093745231628 3.16666674613953 3.24765634536743 3.22005200386047 2.72213530540466 2.42265629768372 2.62161445617676 2.12109375 2.56979179382324 3.08906245231628 3.42109370231628 3.921875 4.25885391235352 4.31484365463257 4.37890625 4.67265605926514 4.796875 4.87656259536743 4.99843740463257 5.07369804382324 5.16302108764648 5.27057313919067 5.27552080154419 5.27500009536743 5.23203134536743 5.25234365463257 5.25338554382324 5.13593769073486 5.01484394073486 4.99635410308838 4.93125009536743 4.85989570617676 4.79088544845581 4.72187471389771 4.60208320617676 4.54791688919067 4.4765625
5.73124980926514 5.74088525772095 5.65312528610229 5.59218740463257 5.42421865463257 5.24739599227905 4.94088554382324 4.50182294845581 4.21770858764648 3.74036455154419 3.21197915077209 2.75260424613953 2.01328110694885 2.2734375 2.5078125 2.68098950386047 2.66536474227905 3.02682304382324 3.39505195617676 3.58151030540466 4.01640605926514 4.33255195617676 4.48463535308838 4.48307275772095 4.59609365463257 4.76744794845581 4.82656240463257 4.98020839691162 5.06067705154419 5.23515653610229 5.38697910308838 5.23619794845581 5.23203134536743 5.26718759536743 5.29062509536743 5.24088525772095 5.20078134536743 5.09114599227905 5.05208349227905 5.00364589691162 4.90859365463257 4.85963535308838 4.78098964691162 4.65625 4.52317714691162 4.45729160308838
5.61484384536743 5.72838544845581 5.68697929382324 5.51718759536743 4.99947929382324 4.63776063919067 4.33723974227905 4.13697910308838 4.41692733764648 3.55963540077209 3.10416674613953 2.04739570617676 1.81718742847443 2.29479169845581 2.70234370231628 2.73489594459534 2.76354169845581 3.34531259536743 3.38932299613953 3.63020849227905 4.19739580154419 4.36614608764648 4.51406240463257 4.64765644073486 4.63098955154419 4.73020839691162 4.82942724227905 4.93671894073486 5.07083320617676 5.27265644073486 5.34401035308838 5.27083349227905 5.28255224227905 5.30000019073486 5.31093740463257 5.31041669845581 5.25807285308838 5.21302080154419 5.12656259536743 5.06979179382324 4.96927070617676 4.92994785308838 4.85677099227905 4.74947929382324 4.609375 4.53281259536743
5.7265625 5.73411464691162 5.57109355926514 5.34270858764648 4.88072919845581 4.87864589691162 4.08098983764648 4.18723964691162 3.85963559150696 3.59661459922791 2.82630205154419 2.16744780540466 2.16119790077209 2.42734384536743 2.35182285308838 2.64322924613953 3.22916674613953 3.49713540077209 3.52265620231628 3.68802070617676 3.9140625 4.33802080154419 4.56328105926514 4.76276063919067 4.89010429382324 4.92916679382324 4.95286464691162 5.05052089691162 5.16848945617676 5.34192705154419 5.40078115463257 5.44609355926514 5.52708339691162 5.48359394073486 5.42578125 5.4296875 5.40963554382324 5.36197900772095 5.33072900772095 5.24739599227905 5.14765644073486 5.0546875 4.87786483764648 4.70807313919067 4.64374971389771 4.68880224227905
5.79869794845581 5.71614599227905 5.43645811080933 4.88932275772095 4.40208339691162 4.70572900772095 4.13567733764648 3.72994780540466 3.63489580154419 3.41015625 2.92760419845581 2.76171875 2.71223950386047 2.59791660308838 2.49374985694885 2.97395825386047 3.33515620231628 3.65052080154419 3.72578120231628 3.84817719459534 3.99270844459534 4.32109355926514 4.57890605926514 4.73776054382324 4.81927061080933 4.99062490463257 5.08906269073486 5.10989570617676 5.22083330154419 5.2109375 5.27317714691162 5.34375 5.43958330154419 5.43151044845581 5.44270849227905 5.42812490463257 5.40260410308838 5.40598964691162 5.33281230926514 5.20208358764648 5.08151054382324 5.03385400772095 4.96718740463257 4.86223936080933 4.91249990463257 4.92031240463257
5.77031278610229 5.63098955154419 5.38697910308838 4.57708311080933 4.28541660308838 4.43802070617676 4.06718778610229 3.74010419845581 3.43333339691162 3.04661464691162 3.31328129768372 2.75520849227905 2.67656254768372 2.37317705154419 2.86953139305115 3.58723950386047 3.85572934150696 3.94895815849304 4.01380205154419 4.05364561080933 4.19973945617676 4.34036445617676 4.36354160308838 4.39192676544189 4.52031230926514 4.87343740463257 4.97526025772095 5.15755224227905 5.23333311080933 5.21692705154419 5.25833320617676 5.29010438919067 5.38593769073486 5.40989589691162 5.46223974227905 5.45104169845581 5.39088535308838 5.30963563919067 5.27135419845581 5.24036455154419 5.17083311080933 5.13932275772095 5.07656240463257 5.00208330154419 5.03541660308838 5.05937480926514
5.6875 5.57656240463257 5.34114599227905 4.45208311080933 4.24401044845581 4.08932304382324 3.90859365463257 3.64817690849304 3.70651030540466 3.71718740463257 3.32317709922791 2.87656259536743 2.57447910308838 2.57343745231628 3.38072919845581 4.00208330154419 4.20937490463257 4.39401054382324 4.36432313919067 4.30390644073486 4.35364580154419 4.52265644073486 4.52760410308838 4.56718778610229 4.74973964691162 5.01171875 5.125 5.24557304382324 5.27864599227905 5.30156230926514 5.30572938919067 5.27656269073486 5.32421875 5.42552089691162 5.38437509536743 5.32395839691162 5.29765653610229 5.28984355926514 5.27291679382324 5.27083349227905 5.25312519073486 5.23385429382324 5.16953134536743 5.11223983764648 5.05442714691162 5.11041688919067
5.63828134536743 5.30989599227905 4.66874980926514 4.47994804382324 4.20520830154419 4.22317695617676 4.0625 3.99713540077209 4.08776044845581 3.71718740463257 3.359375 3.01197934150696 3.05260419845581 3.03958344459534 4.08750009536743 4.31770849227905 4.55130195617676 4.92447900772095 4.59036445617676 4.64895820617676 4.60911464691162 4.63307285308838 4.62812519073486 4.69401025772095 4.85130214691162 5.06562471389771 5.18020820617676 5.31588554382324 5.34505224227905 5.31770849227905 5.27395820617676 5.23697948455811 5.21276044845581 5.20781230926514 5.26640605926514 5.27265644073486 5.26171875 5.29036426544189 5.29296875 5.27708339691162 5.35468721389771 5.26640605926514 5.25182294845581 5.23411464691162 5.13906240463257 5.22161483764648
5.43880224227905 5.15807294845581 4.77734375 4.50807285308838 4.50494813919067 4.43723964691162 3.83854174613953 4.13463544845581 4.26093769073486 3.99687504768372 3.5 3.01380205154419 3.21744799613953 3.71276044845581 4.41328144073486 4.58515596389771 4.79296875 4.95729160308838 4.86380195617676 4.80208349227905 4.78671884536743 4.65598964691162 4.54010391235352 4.67161464691162 4.81796884536743 4.94765615463257 5.15703153610229 5.20963573455811 5.29036474227905 5.29817724227905 5.28125 5.23932313919067 5.25494766235352 5.30130195617676 5.27083349227905 5.24192714691162 5.26145839691162 5.27057266235352 5.29505205154419 5.2890625 5.2734375 5.25624990463257 5.23776054382324 5.29062509536743 5.39557313919067 5.34999990463257
5.66901063919067 5.49088525772095 5.09088563919067 4.73932313919067 4.68802070617676 4.56276035308838 4.27526044845581 4.48619794845581 4.22109365463257 3.86276054382324 3.42552089691162 3.32838535308838 3.33984375 4.01484394073486 4.73203134536743 4.72005224227905 4.94114589691162 4.97942733764648 4.92239570617676 4.83984375 4.73567724227905 4.62630224227905 4.55234384536743 4.66223955154419 4.81171894073486 4.98593759536743 5.16666650772095 5.25651073455811 5.27421855926514 5.32421875 5.37005233764648 5.37968730926514 5.35963535308838 5.39869785308838 5.38437509536743 5.37447881698608 5.32421875 5.28854179382324 5.31927108764648 5.32213544845581 5.31197929382324 5.41067695617676 5.46822929382324 5.47421884536743 5.44348955154419 5.16171884536743
5.87161445617676 5.75729179382324 5.35442733764648 4.8671875 4.91223955154419 4.66041660308838 4.42838525772095 4.34869766235352 4.10390615463257 3.75520849227905 3.61197924613953 3.86770844459534 3.71145844459534 4.57343721389771 4.82239580154419 4.96901035308838 5.07838535308838 4.91328144073486 4.81640625 4.80833339691162 4.76744794845581 4.69973945617676 4.69947910308838 4.87708330154419 4.98359394073486 5.12786436080933 5.19583320617676 5.27500009536743 5.33697938919067 5.31666660308838 5.36666679382324 5.46276044845581 5.49583339691162 5.49192714691162 5.50494813919067 5.51197910308838 5.52552080154419 5.46197891235352 5.45026063919067 5.43984365463257 5.47395849227905 5.54244804382324 5.48958349227905 5.40781259536743 5.33437490463257 5.21302080154419
5.58098936080933 5.59375 5.59036445617676 5.21354150772095 4.87708330154419 4.66276025772095 4.48203134536743 4.23906230926514 4.01354169845581 3.75208306312561 3.92786478996277 4.18619775772095 4.03437519073486 4.11276006698608 4.92734384536743 5.08307266235352 5.11249971389771 4.93333339691162 5.00286483764648 4.91614580154419 4.85651063919067 4.85651063919067 4.77031230926514 4.89375019073486 5.12734365463257 5.21953153610229 5.26536464691162 5.28880214691162 5.33697891235352 5.34192705154419 5.37239599227905 5.39973926544189 5.40520811080933 5.42057275772095 5.44895839691162 5.47968721389771 5.515625 5.54296875 5.56119775772095 5.59270811080933 5.49166679382324 5.41432285308838 5.34921884536743 5.31223964691162 5.24713563919067 5.1875
