input_data/future_climate/CNMR_126/bio1_a.asc
ncols  331
nrows  193
xllcorner  17.833372883333
yllcorner  37.9999896166667
cellsize 0.1666667
NODATA_value  -9999
[rows 147 to 167 of 193, columns 184 to 229 of 331]
12.6729164123535 12.6393232345581 12.6604166030884 12.6419267654419 12.5994787216187 12.5544271469116 12.5546875 12.5304689407349 12.5513019561768 12.5807285308838 12.5916662216187 12.58984375 12.6046876907349 12.6572914123535 12.6999998092651 12.7419271469116 12.7932291030884 12.8052082061768 12.8187503814697 12.8046875 12.8177080154419 12.8013019561768 12.7804689407349 12.7658853530884 12.7299480438232 12.4664058685303 12.5031251907349 12.9205732345581 13.1453123092651 13.0427083969116 13.2888021469116 13.5223960876465 13.490364074707 13.3843746185303 13.4239587783813 13.4955730438232 13.3924474716187 13.4893226623535 13.4518232345581 13.6414060592651 13.795051574707 13.2794275283813 12.4333333969116 12.4203128814697 12.2604169845581 12.1252603530884
12.8716144561768 12.8580732345581 12.8643226623535 12.8390626907349 12.7877607345581 12.7572917938232 12.7372398376465 12.7294273376465 12.7250003814697 12.7210931777954 12.736198425293 12.7572917938232 12.7947912216187 12.8369789123535 12.8653650283813 12.9033851623535 12.9278650283813 12.8783855438232 12.9015626907349 13.0083332061768 13.2388019561768 13.1002607345581 12.8882818222046 12.7950525283813 12.7278642654419 12.6424474716187 12.58984375 12.6979169845581 13.0052080154419 13.3174476623535 13.3156251907349 13.5440101623535 13.5721349716187 13.2997398376465 13.4111976623535 13.7723960876465 13.7072916030884 13.6966142654419 13.6505212783813 13.6916666030884 13.5609378814697 12.8273439407349 12.6861982345581 12.5057287216187 12.4078130722046 12.3752603530884
13.0539064407349 13.0552082061768 13.0533857345581 13.0210933685303 13.0041666030884 12.9794273376465 12.9486980438232 12.9226560592651 12.9085941314697 12.9197912216187 12.9632816314697 12.9510412216187 12.9802083969116 13.0283851623535 13.0492191314697 13.0658855438232 13.0338544845581 13.3822917938232 13.6354169845581 13.7273435592651 13.7098960876465 13.5825519561768 13.521614074707 13.4973955154419 13.4890623092651 13.3705730438232 13.2557287216187 13.2320308685303 13.3255205154419 13.4388017654419 13.4783849716187 13.5320310592651 13.6986980438232 13.7033853530884 13.1994791030884 13.7338542938232 13.9507818222046 14.0583333969116 13.9205732345581 13.5864582061768 13.5804691314697 13.2270832061768 13.0773439407349 12.9210939407349 12.7294273376465 12.6218748092651
13.2666664123535 13.2906246185303 13.2609376907349 13.24609375 13.232551574707 13.2190103530884 13.1932287216187 13.1484375 13.0679683685303 12.9263019561768 13.01171875 13.181510925293 13.2289056777954 13.2283849716187 13.2385416030884 13.1432294845581 13.2492189407349 13.8656244277954 13.9075517654419 13.9135417938232 13.8880205154419 13.8002605438232 13.7023439407349 13.7221355438232 13.7369794845581 13.6999998092651 13.7377605438232 13.7825517654419 13.8570308685303 13.9044275283813 13.9856767654419 13.9015626907349 13.7604169845581 13.5098962783813 13.5562496185303 13.7622394561768 14.2307291030884 13.9997396469116 13.6515626907349 13.3742189407349 13.3434896469116 13.2867183685303 13.1765623092651 12.9583330154419 12.9468746185303 12.9158849716187
13.4177083969116 13.4247398376465 13.4083337783813 13.3885412216187 13.41015625 13.4270830154419 13.4346351623535 13.4158849716187 13.3072919845581 13.2507810592651 13.2372398376465 13.5695314407349 13.3783855438232 13.3447914123535 13.1796875 13.4859380722046 13.7580728530884 14.0398435592651 14.046875 14.0575523376465 13.9898433685303 13.9463539123535 13.9859380722046 14.0200519561768 13.9578123092651 13.8122396469116 13.8609371185303 13.8997392654419 13.9437503814697 14.1239585876465 13.7778644561768 13.4309902191162 13.4013023376465 13.6356773376465 13.53515625 13.3559894561768 13.3591146469116 13.4289064407349 13.5057287216187 13.5325517654419 13.4661455154419 13.3692712783813 13.2057294845581 13.0007810592651 12.9054689407349 12.8429689407349
13.5364580154419 13.5528650283813 13.5539064407349 13.5708332061768 13.6143226623535 13.7062501907349 13.7468748092651 13.7679691314697 13.8354167938232 14.0036458969116 14.0882816314697 13.9976568222046 13.8132810592651 13.8283853530884 13.6403646469116 13.4888019561768 13.7932291030884 14.23046875 14.2200517654419 14.2002601623535 14.1643228530884 14.0593748092651 14.044792175293 14.05859375 14.0132808685303 14.0080728530884 14.0330724716187 14.1083335876465 14.1781253814697 13.9320316314697 13.7098960876465 12.9093751907349 12.9697923660278 12.953125 12.9966144561768 13.1554689407349 13.2893228530884 13.3744792938232 13.3971347808838 13.41796875 13.4375 13.4416666030884 13.4132814407349 13.1328125 12.9125003814697 12.7690105438232
13.6648435592651 13.6864585876465 13.7260417938232 13.7531251907349 13.7932291030884 13.9049482345581 14.0088539123535 14.1135416030884 14.2513017654419 14.47265625 14.072395324707 13.9388017654419 13.8229169845581 13.7278642654419 13.8682289123535 13.9723958969116 13.7562503814697 13.9476566314697 14.1924476623535 14.2307291030884 14.203125 14.2640628814697 14.2609376907349 14.2312498092651 14.3747396469116 14.4817705154419 14.4117183685303 14.4122400283813 14.2593746185303 14.0687503814697 13.1325521469116 12.9859371185303 12.9703130722046 13.1085939407349 13.3276042938232 13.3768224716187 13.3606767654419 13.3638019561768 13.4770832061768 13.4979162216187 13.4893226623535 13.4393224716187 13.3468751907349 13.1481771469116 12.9122400283813 12.7385416030884
13.8278646469116 13.8390626907349 13.9015626907349 13.9252605438232 13.9911460876465 14.1046876907349 14.2299480438232 14.3815107345581 14.5481767654419 14.72265625 14.2742185592651 14.3976564407349 14.3177080154419 13.9091148376465 13.5338535308838 13.8716144561768 13.9416666030884 13.8645830154419 14.0151042938232 14.0072917938232 13.9658851623535 14.1843748092651 14.2447919845581 14.2398433685303 14.3458337783813 14.5143222808838 14.6416664123535 14.7682294845581 14.4703130722046 13.6044273376465 13.0276041030884 12.99609375 13.3083333969116 13.3645830154419 13.3927087783813 13.4226560592651 13.4994792938232 13.4661455154419 13.5151042938232 13.4210939407349 13.4466142654419 13.234375 13.1747398376465 12.9710941314697 12.8226566314697 12.6739587783813
13.9997396469116 13.9812498092651 14.0286455154419 14.0786457061768 14.1333332061768 14.2583332061768 14.3895835876465 14.5434894561768 14.7309894561768 14.9520835876465 14.8505210876465 14.6598958969116 14.4700517654419 14.1958332061768 13.9643230438232 13.8096351623535 13.88671875 13.9752607345581 13.9546871185303 13.8742189407349 13.6143226623535 13.9442710876465 13.6986980438232 13.9028644561768 13.9734373092651 14.1307287216187 14.5729169845581 14.8968744277954 14.2093753814697 13.4333333969116 13.0757818222046 13.1328125 13.3718748092651 13.4739580154419 13.4065103530884 13.4135417938232 13.4966144561768 13.5815105438232 13.5106773376465 13.3536462783813 13.3369789123535 13.1750001907349 13.0989580154419 12.9716148376465 13.0424480438232 12.9471349716187
14.1276044845581 14.1080732345581 14.1125001907349 14.177864074707 14.2296876907349 14.3273439407349 14.4945316314697 14.63671875 14.7890625 15.0559892654419 15.0617189407349 14.9880208969116 14.9468746185303 14.7518224716187 14.0054683685303 14.2429685592651 14.4333333969116 14.3968753814697 14.2682294845581 14.1697912216187 13.970573425293 13.6682291030884 13.2432289123535 13.0921878814697 13.4263019561768 13.7437496185303 14.076301574707 14.28125 13.7632808685303 13.4424476623535 13.3304691314697 13.3518228530884 13.2955732345581 13.3513021469116 13.3953123092651 13.4486980438232 13.5203123092651 13.5434894561768 13.3846349716187 13.41796875 13.2729167938232 13.2528648376465 13.1976566314697 13.1419267654419 13.1072912216187 13.0901041030884
14.2179689407349 14.2354164123535 14.2265625 14.2502603530884 14.3153648376465 14.4304685592651 14.5549478530884 14.6692705154419 14.8156251907349 15.0460939407349 15.1598958969116 15.1684894561768 15.1179685592651 14.9856767654419 14.5497398376465 14.4875001907349 14.654426574707 14.6908855438232 14.7393226623535 14.5765628814697 14.0419273376465 13.8929691314697 13.5973958969116 13.4789066314697 13.5979166030884 13.763801574707 14.0697917938232 14.3117189407349 14.5328121185303 14.5903644561768 14.3429689407349 13.6848955154419 13.2294273376465 13.2682294845581 13.2971353530884 13.3734378814697 13.4666662216187 13.4348955154419 13.427604675293 13.3773441314697 13.3763017654419 13.3658857345581 13.2901039123535 13.2494792938232 13.1690101623535 13.1033849716187
14.2562503814697 14.2856769561768 14.3054685592651 14.3161458969116 14.3966150283813 14.5119791030884 14.6130208969116 14.7054681777954 14.8312501907349 15.0229167938232 15.1096353530884 15.1528644561768 15.1361980438232 15.0684900283813 14.7924480438232 14.3770837783813 14.7562503814697 14.9302082061768 15.1677083969116 14.7708330154419 14.2341146469116 13.9565105438232 13.8799476623535 13.7528648376465 13.7856769561768 13.7846355438232 13.8864583969116 14.0927085876465 14.2859373092651 14.47265625 14.6234378814697 14.8471355438232 14.3427085876465 13.3968753814697 13.1817712783813 13.271354675293 13.3580732345581 13.4091148376465 13.4382810592651 13.4127607345581 13.3817710876465 13.3471355438232 13.4020833969116 13.3304691314697 13.1898441314697 13.127082824707
14.2484378814697 14.287239074707 14.3252601623535 14.3377599716187 14.4039058685303 14.529426574707 14.6315107345581 14.7143230438232 14.8179683685303 15.0044269561768 15.0442705154419 15.0945310592651 15.1059894561768 15.1226558685303 15.0505208969116 14.7497396469116 14.5565099716187 14.8690099716187 15.3325519561768 15.1393232345581 14.4138021469116 14.1257810592651 14.0906248092651 14.091926574707 13.859375 13.9791669845581 13.8213539123535 13.9229164123535 14.1744794845581 14.5135412216187 14.6148433685303 14.5864582061768 14.8815107345581 13.8869791030884 13.5580730438232 13.5942707061768 13.6302080154419 13.5054683685303 13.4981775283813 13.3901042938232 13.3317708969116 13.3138017654419 13.3658857345581 13.3460941314697 13.2541666030884 13.1770830154419
14.2502603530884 14.2817707061768 14.3166666030884 14.3385419845581 14.3812503814697 14.5138025283813 14.6140623092651 14.69140625 14.7635412216187 14.9445314407349 15.0083332061768 15.0398435592651 15.0942707061768 15.0872392654419 15.0893230438232 14.9718751907349 14.6031246185303 14.7122392654419 15.1838541030884 15.5111980438232 15.150260925293 14.3682289123535 14.2007818222046 14.1666669845581 14.2033853530884 14.5385417938232 14.0888023376465 13.9427080154419 13.9367189407349 14.3114585876465 14.7541666030884 14.7877607345581 14.6799478530884 14.4078121185303 14.0135412216187 14.3585939407349 14.4312496185303 13.990104675293 13.6752605438232 13.4643230438232 13.4507808685303 13.4401044845581 13.3575525283813 13.3197917938232 13.3541669845581 13.2526044845581
14.2278642654419 14.2645835876465 14.2937498092651 14.3273439407349 14.3625001907349 14.4523439407349 14.5598955154419 14.6463537216187 14.7046871185303 14.8802080154419 14.9437494277954 15.0010414123535 15.0510416030884 15.0776042938232 15.0804691314697 15.0104169845581 14.5835933685303 14.9122400283813 14.9838542938232 15.1281251907349 15.1361980438232 14.6002597808838 14.4635419845581 14.3500003814697 14.3171873092651 14.13671875 14.0807294845581 14.1242189407349 14.1182289123535 14.1044273376465 14.1760416030884 14.5135412216187 14.8997392654419 15.1669273376465 15.1750001907349 15.1304683685303 15.1541662216187 14.4682292938232 13.8809900283813 13.5466146469116 13.5335941314697 13.5794267654419 13.5348958969116 13.4502601623535 13.4544267654419 13.412239074707
14.2143230438232 14.2351560592651 14.2567710876465 14.3080730438232 14.3726558685303 14.4049482345581 14.4643230438232 14.5614585876465 14.6450519561768 14.8286457061768 14.8916664123535 14.9546871185303 15 15.0609378814697 15.08203125 15.0221357345581 14.7768230438232 14.8026037216187 14.6976566314697 14.6049480438232 14.829948425293 14.7510414123535 14.6278648376465 14.5067710876465 14.5007810592651 14.5161457061768 14.458854675293 14.4273433685303 14.3796873092651 14.27734375 14.1953125 14.1791667938232 14.5559892654419 14.8786458969116 15.12109375 15.6539058685303 15.7140626907349 15.2289066314697 13.9721355438232 13.5640621185303 13.6041669845581 13.6343746185303 13.7083339691162 13.7018222808838 13.6645832061768 13.5424480438232
14.3036460876465 14.328125 14.3427085876465 14.2591152191162 14.3125 14.3585939407349 14.4088544845581 14.4885416030884 14.5919275283813 14.6877603530884 14.7789058685303 14.8401041030884 14.8835935592651 14.9499998092651 15.0065107345581 15.115364074707 15.1257810592651 15.1872396469116 15.1578121185303 14.7554683685303 14.8033857345581 14.8458337783813 14.7062501907349 14.70703125 14.6690101623535 15.1716146469116 15.3039064407349 14.8328123092651 14.7838544845581 14.7476558685303 14.4424476623535 14.2872400283813 14.4593744277954 14.8833332061768 15.5153646469116 15.5458335876465 14.71484375 14.2880210876465 14.1625003814697 13.9375 13.8401041030884 13.7848958969116 13.8718748092651 13.9520835876465 13.7947912216187 13.7861976623535
14.2648439407349 14.2903642654419 14.3236980438232 14.2260417938232 14.2507810592651 14.30078125 14.3447914123535 14.4119787216187 14.5385417938232 14.6328125 14.7229166030884 14.8132810592651 14.8627605438232 14.9359378814697 15.0223960876465 15.1697912216187 15.2052087783813 15.265625 15.2671871185303 15.15234375 14.9093751907349 14.9421873092651 14.8591146469116 14.9390630722046 14.7322912216187 14.8450517654419 15.0783853530884 14.87109375 14.9966144561768 15.2716150283813 14.9718751907349 14.6924476623535 14.7161464691162 15.1979169845581 15.9505205154419 15.1656246185303 14.5622396469116 14.4588537216187 14.3156251907349 14.2088537216187 14.2820310592651 14.1677083969116 14.10546875 14.2971353530884 14.1708335876465 14.14453125
14.286979675293 14.2835941314697 14.2914066314697 14.1999998092651 14.1955728530884 14.2541666030884 14.3270835876465 14.3755207061768 14.48046875 14.6080732345581 14.6979169845581 14.7807292938232 14.8617191314697 14.9427080154419 15.0359373092651 15.1986980438232 15.2177085876465 15.2572917938232 15.3419275283813 15.3294267654419 15.3075523376465 15.2945308685303 15.2351560592651 15.1765623092651 15.0721349716187 14.7377605438232 14.84375 14.8013019561768 14.84765625 14.8718748092651 15.0106773376465 15.1716146469116 15.2979164123535 15.6197919845581 15.6450519561768 14.7796878814697 14.6643228530884 14.6223955154419 14.5263023376465 14.3177080154419 14.4098958969116 14.5330724716187 14.502082824707 14.5841150283813 14.5401039123535 14.5992183685303
14.3111982345581 14.3156251907349 14.2854166030884 14.1945314407349 14.1812496185303 14.2273435592651 14.30859375 14.3697919845581 14.4604167938232 14.5789060592651 14.6783857345581 14.7664060592651 14.8596353530884 14.9479169845581 15.0453128814697 15.2257814407349 15.2932291030884 15.3213539123535 15.3838539123535 15.4390621185303 15.46875 15.4536457061768 15.3856773376465 15.2825517654419 14.9466142654419 14.7549476623535 14.8210935592651 14.7552080154419 14.8249998092651 14.8919277191162 15.3976564407349 15.6700525283813 15.6721353530884 15.6239585876465 15.27734375 14.9875001907349 14.8731775283813 14.752082824707 14.6570310592651 14.46875 14.5885419845581 14.7213544845581 14.7669267654419 14.7635412216187 14.7890625 14.9661455154419
14.3585939407349 14.3234376907349 14.2752599716187 14.1671876907349 14.1796875 14.2109375 14.2820310592651 14.3752603530884 14.4445314407349 14.5369787216187 14.6651039123535 14.7635412216187 14.8526039123535 14.9575519561768 15.0596351623535 15.2575521469116 15.341926574707 15.3804683685303 15.4263019561768 15.4877605438232 15.5184898376465 15.5335941314697 15.4815101623535 15.1643228530884 14.8700513839722 14.9161462783813 14.8354167938232 14.9010419845581 14.9817705154419 15.0080728530884 15.2283849716187 15.7018232345581 15.6575527191162 15.4296875 15.154426574707 15.1046876907349 14.9940099716187 14.9403648376465 14.8609371185303 14.7348957061768 14.6783857345581 14.7708330154419 14.8611974716187 14.8778648376465 14.9760417938232 15.0864582061768
