input_data/future_climate/CNMR_126/bio1_a.asc
ncols  331
nrows  193
xllcorner  17.833372883333
yllcorner  37.9999896166667
cellsize 0.1666667
NODATA_value  -9999
[rows 63 to 83 of 193, columns 276 to 321 of 331]
2.88437485694885 2.94427084922791 2.92369794845581 2.89453125 2.89427089691162 2.88671875 2.85000014305115 2.83958339691162 2.72473955154419 2.78098964691162 2.82578134536743 2.79505205154419 2.67031240463257 2.60104179382324 2.58307290077209 2.54531240463257 2.4453125 2.33515620231628 2.31510424613953 2.31328129768372 2.28229165077209 2.26041650772095 2.24062490463257 2.23307299613953 2.26276040077209 2.25546860694885 2.28333330154419 2.29401040077209 2.23671865463257 2.22395825386047 2.25703120231628 2.28671884536743 2.30625009536743 2.22968721389771 2.11901044845581 1.99817705154419 1.85989582538605 1.75416672229767 1.61119794845581 1.52447915077209 1.51536452770233 1.48281240463257 1.47942686080933 1.46588540077209 1.47812497615814 1.48229169845581
3.04479146003723 3.02916646003723 2.96953129768372 2.90833353996277 2.83776021003723 2.80026030540466 2.80989575386047 2.76692724227905 2.74401044845581 2.72187495231628 2.76848959922791 2.66614580154419 2.67291665077209 2.64635419845581 2.53567695617676 2.57630205154419 2.54609370231628 2.41093754768372 2.37630200386047 2.39140629768372 2.3125 2.27500009536743 2.29401040077209 2.28880214691162 2.29088544845581 2.31406259536743 2.32161474227905 2.29036450386047 2.32864570617676 2.34348940849304 2.29843759536743 2.32942700386047 2.3359375 2.28098964691162 2.14635419845581 2.07864594459534 2.01796865463257 1.87369787693024 1.78229165077209 1.70234370231628 1.59557294845581 1.54921865463257 1.60390627384186 1.64270842075348 1.54921877384186 1.52447903156281
3.08567714691162 3.13385415077209 3.07994794845581 3.0546875 3.02239561080933 2.98697900772095 2.92083334922791 2.8828125 2.79765629768372 2.70755219459534 2.65468764305115 2.59713554382324 2.68020820617676 2.59921884536743 2.58385419845581 2.58645820617676 2.56588554382324 2.54557299613953 2.48333334922791 2.4453125 2.37838530540466 2.35807299613953 2.34348964691162 2.37421870231628 2.36692714691162 2.40442705154419 2.34895825386047 2.39791679382324 2.40859365463257 2.40312504768372 2.36562490463257 2.36432290077209 2.30312514305115 2.33281254768372 2.19036459922791 2.11562490463257 2.03515625 1.87578129768372 1.72291672229767 1.5802081823349 1.57890617847443 1.71666657924652 1.71510410308838 1.71015620231628 1.82161450386047 1.66406261920929
3.36848974227905 3.34583353996277 3.22734379768372 3.12760424613953 3.14947915077209 3.00052070617676 2.83333325386047 2.79947900772095 2.70520830154419 2.72578120231628 2.73098945617676 2.67447924613953 2.64765644073486 2.68593764305115 2.63333320617676 2.58385419845581 2.55104160308838 2.52578115463257 2.59140610694885 2.53515625 2.48515605926514 2.48255205154419 2.51119804382324 2.42473959922791 2.48151040077209 2.53515625 2.51640629768372 2.48723959922791 2.48463535308838 2.50442719459534 2.41197919845581 2.47916674613953 2.40390634536743 2.39166665077209 2.30286455154419 2.17109370231628 2.03750014305115 1.99036467075348 1.79817700386047 1.74088537693024 1.88645839691162 1.86302077770233 1.8046875 1.84843742847443 1.94687497615814 1.87291669845581
3.45494794845581 3.39687490463257 3.34583330154419 3.30703115463257 3.19192719459534 3.08697891235352 3.07682299613953 2.92656230926514 2.82864594459534 2.80338549613953 2.91354155540466 2.84531235694885 2.81015634536743 2.73229169845581 2.70390605926514 2.70546865463257 2.77630209922791 2.82213544845581 2.73359370231628 2.63437509536743 2.59088540077209 2.56197929382324 2.59817695617676 2.63072919845581 2.65052080154419 2.55677103996277 2.54505205154419 2.60338521003723 2.58203125 2.50859355926514 2.59453129768372 2.58333349227905 2.57994794845581 2.45911455154419 2.39166665077209 2.3515625 2.22630214691162 2.05390620231628 1.92239570617676 1.94921875 1.96458351612091 1.88802087306976 1.92057299613953 1.86692714691162 1.96458339691162 1.90520834922791
3.47395825386047 3.49166655540466 3.44192695617676 3.43151021003723 3.21015620231628 3.14973950386047 3.22317719459534 3.17317700386047 3.11666655540466 2.90755200386047 2.78281235694885 2.79895830154419 2.91223931312561 2.86380195617676 2.84713554382324 2.88203144073486 2.85286474227905 2.80442690849304 2.77369809150696 2.68671894073486 2.67395830154419 2.70755195617676 2.74114584922791 2.69166660308838 2.61588525772095 2.63124990463257 2.69218730926514 2.73854160308838 2.69947910308838 2.6875 2.67161464691162 2.64791655540466 2.67395830154419 2.65781259536743 2.58411455154419 2.46145844459534 2.38515615463257 2.27682280540466 2.13151049613953 2.09947919845581 2.09973955154419 2.09479188919067 2.04062509536743 1.99348974227905 2.00625014305115 1.96119797229767
3.55807304382324 3.57343745231628 3.56848955154419 3.47421884536743 3.35312509536743 3.328125 3.29843735694885 3.24505209922791 3.16145825386047 3.03671860694885 2.93749976158142 2.87786483764648 2.85625004768372 2.76354169845581 2.81510400772095 2.86067724227905 2.85468769073486 2.87604165077209 2.79192709922791 2.81041669845581 2.80026030540466 2.84817695617676 2.77552080154419 2.76666665077209 2.81171894073486 2.72291660308838 2.76588559150696 2.73880219459534 2.71744799613953 2.75989580154419 2.79661464691162 2.66562509536743 2.70156240463257 2.67760419845581 2.69218754768372 2.66276025772095 2.57265639305115 2.49010419845581 2.44869780540466 2.39427089691162 2.28411459922791 2.30104160308838 2.26666688919067 2.18437504768372 2.12838530540466 2.12239599227905
3.64739584922791 3.63984394073486 3.55937504768372 3.57500004768372 3.52890610694885 3.45937490463257 3.36223959922791 3.24401044845581 3.19010400772095 3.18932271003723 3.16848969459534 3.13489580154419 3.02942705154419 2.94765615463257 2.89973950386047 2.92526030540466 3.02473974227905 3.07526016235352 2.97083330154419 2.96276044845581 2.95572924613953 2.95755195617676 2.90234375 2.8359375 2.82057285308838 2.88671875 2.84114575386047 2.87968754768372 2.86432290077209 2.83750009536743 2.75859379768372 2.68151068687439 2.71302080154419 2.73749995231628 2.79869794845581 2.73567724227905 2.59791660308838 2.57526040077209 2.59114599227905 2.45052099227905 2.38697910308838 2.34192728996277 2.30729174613953 2.30364584922791 2.32187509536743 2.22838521003723
3.66302084922791 3.64270830154419 3.63880205154419 3.63828134536743 3.61171889305115 3.58880209922791 3.51666665077209 3.40911459922791 3.35130190849304 3.34609389305115 3.28541660308838 3.25364565849304 3.24010419845581 3.11614584922791 3.04348945617676 3.12083339691162 3.08229160308838 3.09244799613953 3.01901030540466 2.99062514305115 3.00703120231628 3.06901025772095 2.94348955154419 2.92057299613953 2.96901035308838 2.95807290077209 2.93567705154419 2.93463516235352 2.87005209922791 2.91484355926514 2.88541650772095 2.89427089691162 2.93411445617676 2.82916665077209 2.8239586353302 2.79765629768372 2.70104169845581 2.60364580154419 2.70390629768372 2.70651054382324 2.54140639305115 2.51979160308838 2.48984360694885 2.47135400772095 2.37291646003723 2.34140634536743
3.78671884536743 3.75338554382324 3.68072915077209 3.53697919845581 3.54453134536743 3.61510419845581 3.62005209922791 3.57552099227905 3.55104160308838 3.50130200386047 3.45598959922791 3.39062476158142 3.33984375 3.32161450386047 3.29114580154419 3.26874995231628 3.13854169845581 3.10052084922791 3.13255214691162 3.16041660308838 3.10208344459534 3.06510400772095 3.09609365463257 3.07786464691162 3.08567714691162 3.02526044845581 3.01666665077209 2.98203134536743 2.99322915077209 2.99765610694885 3.06276035308838 3.04218745231628 3.07864594459534 3.04583334922791 3.03359365463257 2.99947929382324 2.89609384536743 2.77994775772095 2.71432304382324 2.70572924613953 2.66562509536743 2.62291669845581 2.66979169845581 2.62187480926514 2.57213544845581 2.53072905540466
3.83541679382324 3.78359389305115 3.76718735694885 3.74791669845581 3.70442724227905 3.6953125 3.65651035308838 3.56744790077209 3.55052089691162 3.50703120231628 3.54036450386047 3.52161455154419 3.44843745231628 3.42578125 3.40000009536743 3.38932299613953 3.29739570617676 3.27760410308838 3.33437490463257 3.30468773841858 3.24010419845581 3.20651054382324 3.16250014305115 3.16015625 3.17578125 3.14661455154419 3.14244794845581 3.09270834922791 3.20624995231628 3.18229174613953 3.21666669845581 3.29869794845581 3.24921870231628 3.16249990463257 3.12317705154419 3.11640620231628 3.05651044845581 3.05598974227905 2.94765615463257 2.95026040077209 2.90781235694885 2.90494799613953 2.890625 2.86640620231628 2.76692700386047 2.71276044845581
3.984375 3.91223978996277 3.83932280540466 3.91432285308838 3.85755205154419 3.88229155540466 3.74817705154419 3.66562485694885 3.60442709922791 3.54036450386047 3.51145839691162 3.53307294845581 3.61406254768372 3.58385396003723 3.50989580154419 3.49531245231628 3.44843745231628 3.44453144073486 3.39921879768372 3.33828139305115 3.30703139305115 3.34270834922791 3.33723950386047 3.29453134536743 3.21432280540466 3.21354150772095 3.24192690849304 3.24661469459534 3.30729174613953 3.30989575386047 3.35911464691162 3.42343759536743 3.35468745231628 3.26901054382324 3.24895834922791 3.22317719459534 3.13125014305115 3.09036469459534 3.02994799613953 3.05312514305115 3.12994766235352 3.06302094459534 3.01640629768372 2.99973964691162 2.90677070617676 2.90416669845581
4.10130214691162 4.05833339691162 3.99348950386047 3.99088549613953 3.95286440849304 3.91432285308838 3.83723950386047 3.80624985694885 3.71432280540466 3.68984389305115 3.66796875 3.66901016235352 3.68255209922791 3.65520811080933 3.64296865463257 3.60963535308838 3.55442714691162 3.54270839691162 3.56640625 3.48802065849304 3.43307304382324 3.43671894073486 3.49192714691162 3.44791650772095 3.42291665077209 3.35598945617676 3.32838535308838 3.31302094459534 3.38828134536743 3.38255214691162 3.42994785308838 3.42291665077209 3.46302080154419 3.32447910308838 3.28098964691162 3.37526035308838 3.34531235694885 3.24270844459534 3.20312523841858 3.2578125 3.26250004768372 3.17291665077209 3.18515610694885 3.18619799613953 3.10104155540466 3.05312514305115
4.13880205154419 4.10963535308838 4.07213544845581 4.06041669845581 4.04869794845581 4.01640605926514 3.94479179382324 3.99505209922791 3.98880195617676 3.95416665077209 3.89817714691162 3.85286450386047 3.80156254768372 3.77760410308838 3.73880219459534 3.70729160308838 3.67578125 3.67343735694885 3.64765620231628 3.58645844459534 3.57187509536743 3.59322905540466 3.46848940849304 3.36770820617676 3.34479165077209 3.33776044845581 3.35182309150696 3.39817690849304 3.44791650772095 3.45807266235352 3.46510410308838 3.47682309150696 3.40208339691162 3.34869790077209 3.41223978996277 3.44166684150696 3.47265625 3.45416665077209 3.41197896003723 3.37057304382324 3.37890625 3.33177089691162 3.31666660308838 3.31588530540466 3.22812485694885 3.21692705154419
4.10468769073486 4.10859346389771 4.05130195617676 4.12239599227905 4.10286474227905 4.02708339691162 3.99687504768372 4.06536436080933 4.10598945617676 4.17526054382324 4.16510438919067 3.96510434150696 3.86406230926514 3.79557299613953 3.75260400772095 3.75130200386047 3.69921875 3.69218730926514 3.66171860694885 3.71067714691162 3.71536445617676 3.67057275772095 3.53749990463257 3.5 3.43333339691162 3.39270830154419 3.38984370231628 3.37057304382324 3.39244794845581 3.45572924613953 3.52786469459534 3.49713540077209 3.46354174613953 3.40260410308838 3.39921855926514 3.31744790077209 3.32369780540466 3.43645834922791 3.47369790077209 3.42500019073486 3.4375 3.44062495231628 3.36380219459534 3.33385419845581 3.32864570617676 3.30859398841858
4.31874990463257 4.28671884536743 4.24140596389771 4.18151044845581 4.15468740463257 4.12760448455811 4.11380195617676 4.13645839691162 4.14687490463257 4.27109384536743 4.40260410308838 4.22786474227905 4.06145858764648 3.98958349227905 3.90468740463257 3.89635419845581 3.83359384536743 3.80286455154419 3.78671884536743 3.8046875 3.71822929382324 3.60260415077209 3.63124990463257 3.62682294845581 3.56145834922791 3.52239584922791 3.48541665077209 3.38098955154419 3.37239575386047 3.38333320617676 3.43177080154419 3.40989589691162 3.35494780540466 3.33281254768372 3.31119775772095 3.31041669845581 3.34192705154419 3.41614580154419 3.46302103996277 3.47604155540466 3.53880190849304 3.56406259536743 3.45390629768372 3.34609389305115 3.37187504768372 3.26223945617676
4.44296884536743 4.40494823455811 4.37812471389771 4.34114551544189 4.33619785308838 4.31927061080933 4.28645849227905 4.25729179382324 4.23177099227905 4.24322938919067 4.21848964691162 4.14401054382324 4.06979179382324 3.93359375 3.87526035308838 3.82447910308838 3.81614565849304 3.88098955154419 3.82526040077209 3.78906226158142 3.78307294845581 3.64869785308838 3.56848955154419 3.54947900772095 3.50182294845581 3.40781235694885 3.35286450386047 3.31822896003723 3.38984394073486 3.42499995231628 3.40208339691162 3.36171865463257 3.34817695617676 3.33880209922791 3.30755209922791 3.33828115463257 3.38749980926514 3.42838549613953 3.47578120231628 3.58255195617676 3.66015625 3.61406254768372 3.51041650772095 3.42447924613953 3.38671875 3.33802080154419
4.46770811080933 4.45755195617676 4.40885400772095 4.28828096389771 4.24062490463257 4.25520849227905 4.21354150772095 4.15078163146973 4.06770849227905 4.03046894073486 3.98463535308838 3.91770839691162 3.90546870231628 3.90677094459534 3.93203139305115 3.96119785308838 3.97890615463257 3.95833325386047 3.80677080154419 3.67578125 3.57109379768372 3.52057290077209 3.43411445617676 3.40911459922791 3.40989589691162 3.38515615463257 3.36822915077209 3.39166641235352 3.45000004768372 3.36510419845581 3.22708344459534 3.25468754768372 3.22265625 3.20989584922791 3.26015639305115 3.35442709922791 3.42031240463257 3.47526049613953 3.55338549613953 3.65156245231628 3.73125004768372 3.64270830154419 3.52265620231628 3.4690101146698 3.42812490463257 3.36458325386047
4.41484355926514 4.38072919845581 4.27552080154419 4.20963573455811 4.20546865463257 4.15651035308838 4.14583349227905 4.09114599227905 4.07265615463257 4.03515625 3.99713540077209 3.95729160308838 3.98255205154419 4.04244804382324 4.03593778610229 4.00546884536743 4.02890634536743 3.77187490463257 3.65546870231628 3.57317709922791 3.50026035308838 3.50208353996277 3.49270844459534 3.51093745231628 3.50312495231628 3.48671865463257 3.48307275772095 3.51067709922791 3.48828125 3.36927080154419 3.26406240463257 3.22317695617676 3.22864580154419 3.24270844459534 3.28619790077209 3.38828110694885 3.44791674613953 3.46406245231628 3.55833339691162 3.67864584922791 3.71380209922791 3.68020844459534 3.53697919845581 3.46875 3.43489599227905 3.42265629768372
4.44687509536743 4.41692686080933 4.36536455154419 4.30338525772095 4.27239561080933 4.30312490463257 4.32343721389771 4.26145839691162 4.20156240463257 4.10468721389771 4.07994794845581 4.05625009536743 4.04401016235352 4.04166698455811 4.05833339691162 4.01015615463257 3.92317700386047 3.84166669845581 3.74557280540466 3.62187504768372 3.61067724227905 3.67395830154419 3.68906235694885 3.66171884536743 3.63046860694885 3.53854155540466 3.50494790077209 3.57838535308838 3.54635429382324 3.40104174613953 3.30260419845581 3.31354188919067 3.30442714691162 3.29375004768372 3.32552075386047 3.36223959922791 3.41848945617676 3.48567700386047 3.58958315849304 3.703125 3.77786445617676 3.7575523853302 3.66119766235352 3.56614589691162 3.51197910308838 3.46197915077209
4.61796855926514 4.52760410308838 4.43958330154419 4.44999980926514 4.46276044845581 4.41484355926514 4.3515625 4.15677118301392 4.07447957992554 4.02682304382324 4.04921865463257 4.03697919845581 4.07057285308838 4.11458349227905 4.08177089691162 3.93567705154419 3.88697910308838 3.87473964691162 3.85442709922791 3.77083325386047 3.66588544845581 3.65859389305115 3.64427089691162 3.62734389305115 3.56588530540466 3.52135419845581 3.49505233764648 3.57786440849304 3.47161459922791 3.39296889305115 3.49713540077209 3.46692705154419 3.42421889305115 3.44505190849304 3.47968745231628 3.55494785308838 3.60755205154419 3.67031264305115 3.72421884536743 3.79817700386047 3.79192709922791 3.74713540077209 3.69505214691162 3.63984394073486 3.56718778610229 3.59661459922791
