input_data/future_climate/CNMR_126/bio1_a.asc
ncols  331
nrows  193
xllcorner  17.833372883333
yllcorner  37.9999896166667
cellsize 0.1666667
NODATA_value  -9999
[rows 42 to 62 of 193, columns 184 to 229 of 331]
2.22942709922791 2.09791660308838 2.09192705154419 2.10234379768372 2.12239575386047 2.12942719459534 2.09218740463257 1.96119797229767 1.97838544845581 1.94765639305115 1.96666657924652 1.96666669845581 1.94531261920929 1.95677077770233 2.0234375 1.94921875 1.92135417461395 1.86041653156281 1.87135410308838 1.87968742847443 1.83463561534882 1.83437502384186 1.79270827770233 1.73906254768372 1.64244794845581 1.58880221843719 1.63697922229767 1.64609372615814 1.61328125 1.60807299613953 1.65807282924652 1.72317707538605 1.72369790077209 1.64713537693024 1.625 1.62343752384186 1.55833339691162 1.52890622615814 1.53932285308838 1.47578120231628 1.46953117847443 1.48932290077209 1.51171886920929 1.52682292461395 1.57708346843719 1.45390629768372
2.26588535308838 2.20442700386047 2.18593764305115 2.14947915077209 2.1875 2.15000009536743 2.11249995231628 2.08411455154419 2.10989594459534 2.16302084922791 2.20234370231628 2.19583320617676 2.21848964691162 2.20208334922791 2.15494799613953 2.12526035308838 2.07994794845581 2.04999995231628 1.96927094459534 1.89895844459534 1.84895837306976 1.86197912693024 1.89114594459534 1.85182297229767 1.80703127384186 1.77473962306976 1.73750007152557 1.62213551998138 1.58489584922791 1.62317705154419 1.68255209922791 1.64921855926514 1.60026037693024 1.55572926998138 1.52473962306976 1.58437514305115 1.54088544845581 1.45390629768372 1.39739596843719 1.35286462306976 1.27395832538605 1.22187495231628 1.21718740463257 1.29531240463257 1.38854169845581 1.53984367847443
2.29010415077209 2.31822919845581 2.33906245231628 2.31848955154419 2.29791665077209 2.31276059150696 2.30078148841858 2.24036455154419 2.26432275772095 2.29583334922791 2.32526040077209 2.31770825386047 2.41484379768372 2.33489584922791 2.2734375 2.22473955154419 2.1875 2.12604165077209 2.03385424613953 2.00624990463257 2.04921865463257 1.97890627384186 1.97838532924652 1.94114577770233 1.89348959922791 1.92291665077209 1.80807280540466 1.68645846843719 1.62968754768372 1.52578127384186 1.57578122615814 1.64505195617676 1.65651047229767 1.64973950386047 1.55364573001862 1.51901054382324 1.50312507152557 1.42500007152557 1.42317700386047 1.39583325386047 1.36354160308838 1.37656235694885 1.38359379768372 1.40572929382324 1.47604155540466 1.55703127384186
2.54947924613953 2.58567714691162 2.55078125 2.52109360694885 2.55260419845581 2.54765629768372 2.46171879768372 2.38489580154419 2.46458339691162 2.56328105926514 2.57187509536743 2.58177089691162 2.55026054382324 2.49687504768372 2.50364589691162 2.38151025772095 2.24401044845581 2.18671870231628 2.17213559150696 2.10598945617676 2.04921865463257 2.03958344459534 2.05625009536743 2.02786469459534 2.00338554382324 2.07760405540466 2.09270834922791 2.09635400772095 2.02838540077209 1.96197903156281 1.875 1.81354153156281 1.86510419845581 1.83072912693024 1.82213532924652 1.76770830154419 1.65885412693024 1.64609372615814 1.58385407924652 1.53359377384186 1.52786445617676 1.53932285308838 1.56302094459534 1.60234367847443 1.71510410308838 1.74296879768372
2.89765620231628 2.80677080154419 2.74895834922791 2.73802065849304 2.70598959922791 2.68437504768372 2.60260415077209 2.60546875 2.72291684150696 2.75416660308838 2.80208325386047 2.76458334922791 2.72213554382324 2.71562504768372 2.61015629768372 2.45859360694885 2.33723950386047 2.30416679382324 2.28072905540466 2.26067709922791 2.22005224227905 2.19739580154419 2.24583339691162 2.30390620231628 2.21562480926514 2.2578125 2.28203129768372 2.26067709922791 2.19010424613953 2.11328125 2.02265620231628 2.03411436080933 2.08255195617676 2.08723950386047 2.09583353996277 1.98177075386047 1.89348948001862 1.82265639305115 1.78802073001862 1.75000011920929 1.69817709922791 1.67864584922791 1.71328127384186 1.77265632152557 1.82864582538605 1.80625009536743
2.95026040077209 2.98541665077209 3.01692724227905 3.07161450386047 2.99427080154419 2.94687509536743 2.95026063919067 2.8828125 2.94166660308838 3.01666665077209 3.02734375 3.01692724227905 2.94973969459534 2.77135419845581 2.62109375 2.5625 2.44947910308838 2.38255214691162 2.35520839691162 2.34505200386047 2.27161455154419 2.26119780540466 2.40182280540466 2.43828129768372 2.41979169845581 2.41093754768372 2.38697910308838 2.31171870231628 2.23593759536743 2.25494790077209 2.20468759536743 2.21302080154419 2.26223969459534 2.27526044845581 2.20416665077209 2.08489584922791 2.00182271003723 2.01796865463257 1.96901035308838 1.92057287693024 1.87786459922791 1.83020842075348 1.84322905540466 1.92708337306976 1.97213542461395 1.91484367847443
3.22942709922791 3.22109365463257 3.25338554382324 3.28229165077209 3.25130200386047 3.234375 3.22578120231628 3.15989589691162 3.14583325386047 3.12187504768372 3.13906240463257 3.12578129768372 3.04713535308838 2.97161459922791 2.83619785308838 2.67473936080933 2.68567705154419 2.58697915077209 2.50989580154419 2.44270825386047 2.42057299613953 2.46666669845581 2.43437504768372 2.52213549613953 2.51796865463257 2.49765610694885 2.38802099227905 2.33124995231628 2.38541674613953 2.40781259536743 2.35182285308838 2.29557299613953 2.27604174613953 2.30520820617676 2.31901025772095 2.26171875 2.20677089691162 2.23541665077209 2.22005200386047 2.16510415077209 2.17578125 2.06197929382324 2.01822900772095 2.04244804382324 2.03229188919067 1.93906247615814
3.32734370231628 3.26770830154419 3.28307271003723 3.27109360694885 3.31536459922791 3.24973964691162 3.17682290077209 3.15130209922791 3.14479160308838 3.17239594459534 3.19843745231628 3.14270830154419 3.11432290077209 3.13463544845581 3.04661464691162 2.85052108764648 2.79453134536743 2.7421875 2.67161464691162 2.60026049613953 2.57552099227905 2.59869790077209 2.62135434150696 2.61875009536743 2.62369799613953 2.60885405540466 2.51744794845581 2.51901030540466 2.55078125 2.52942705154419 2.44791674613953 2.41692709922791 2.34973955154419 2.26380205154419 2.39140629768372 2.42239570617676 2.43255209922791 2.40598964691162 2.35208320617676 2.35833334922791 2.24947905540466 2.10130214691162 2.10807299613953 2.07604169845581 2.02291679382324 1.93645846843719
3.42421889305115 3.37968754768372 3.33541655540466 3.26432275772095 3.27421879768372 3.26328134536743 3.27265620231628 3.29531264305115 3.26276040077209 3.21276044845581 3.12942719459534 3.12552094459534 3.13307285308838 3.27135419845581 3.18411469459534 3.04348969459534 2.95729160308838 2.82708334922791 2.80104160308838 2.75 2.67109370231628 2.61536455154419 2.58645844459534 2.59817695617676 2.50989580154419 2.51979160308838 2.55364584922791 2.55312490463257 2.61380219459534 2.71927094459534 2.72734379768372 2.68124985694885 2.66067719459534 2.61197924613953 2.53958320617676 2.49192690849304 2.56354165077209 2.58020830154419 2.54244804382324 2.49895834922791 2.34557271003723 2.24036455154419 2.19635415077209 2.10572910308838 2.08541655540466 2.02916669845581
3.49843764305115 3.39557290077209 3.34713554382324 3.359375 3.36848950386047 3.29114603996277 3.31041669845581 3.25338554382324 3.12213540077209 3.17630219459534 3.203125 3.1328125 3.17942714691162 3.20859360694885 3.17057275772095 3.03229165077209 2.91640615463257 2.78932285308838 2.80651044845581 2.68463540077209 2.48593759536743 2.42916655540466 2.46197915077209 2.38098955154419 2.36406254768372 2.38098955154419 2.48255205154419 2.52083325386047 2.56640625 2.70286440849304 2.83463525772095 2.86484384536743 2.82369780540466 2.8125 2.80911445617676 2.76510405540466 2.75286459922791 2.67708325386047 2.63385415077209 2.57109379768372 2.40937495231628 2.38619780540466 2.33411455154419 2.25885415077209 2.19947910308838 2.21171879768372
3.49583339691162 3.51510429382324 3.43098974227905 3.49062514305115 3.49583339691162 3.37734365463257 3.36093759536743 3.34505200386047 3.29010415077209 3.26718759536743 3.18515634536743 3.19505214691162 3.23776030540466 3.20781254768372 3.02968740463257 2.91640639305115 2.86276030540466 2.83255195617676 2.79348969459534 2.74505209922791 2.62552094459534 2.51874995231628 2.54739594459534 2.53932285308838 2.53671884536743 2.50052070617676 2.54244780540466 2.60520839691162 2.73567724227905 2.66276049613953 2.79114580154419 2.74583339691162 2.85911464691162 2.93124985694885 2.89088535308838 2.87187504768372 2.82526040077209 2.74635410308838 2.66640639305115 2.58281254768372 2.53854179382324 2.51197910308838 2.48333334922791 2.47291660308838 2.41302084922791 2.35885405540466
3.64322924613953 3.57734370231628 3.49531245231628 3.51067709922791 3.54244780540466 3.48906278610229 3.47552084922791 3.40989589691162 3.35494780540466 3.34869790077209 3.31119799613953 3.25572919845581 3.28671884536743 3.24765610694885 3.09635424613953 3.02994775772095 2.92656254768372 2.78385424613953 2.71171879768372 2.72161459922791 2.74869799613953 2.63411450386047 2.55859375 2.61875009536743 2.69557285308838 2.62447929382324 2.72083330154419 2.75729155540466 2.74192714691162 2.83333325386047 2.92447924613953 2.98307275772095 3.00104165077209 3.04947924613953 3.04869794845581 2.99505209922791 2.94739580154419 2.88072919845581 2.76119804382324 2.64895820617676 2.61953115463257 2.55338549613953 2.51067709922791 2.46354150772095 2.45755195617676 2.45078134536743
3.68385410308838 3.68984365463257 3.71692705154419 3.68515610694885 3.66744804382324 3.63307309150696 3.55963540077209 3.51874995231628 3.49322915077209 3.41510415077209 3.44192695617676 3.42031240463257 3.34218764305115 3.22630214691162 3.12421870231628 3.06718754768372 2.91953110694885 2.78463554382324 2.78723955154419 2.76510429382324 2.78880214691162 2.69010424613953 2.73020839691162 2.75416660308838 2.73749995231628 2.68984389305115 2.62760400772095 2.67369794845581 2.75338530540466 2.86015629768372 2.88958334922791 2.91354155540466 3.02369785308838 3.10651040077209 3.10442686080933 3.10312485694885 3.06380224227905 2.99973964691162 2.93489599227905 2.82369804382324 2.74661469459534 2.57083320617676 2.53125 2.58854174613953 2.58281254768372 2.59479165077209
3.74583315849304 3.73932290077209 3.75104165077209 3.74843740463257 3.80416655540466 3.79166650772095 3.75651049613953 3.68880200386047 3.65000009536743 3.53515625 3.50677084922791 3.39947915077209 3.24687504768372 3.23671865463257 3.10026049613953 2.99166655540466 2.92369794845581 2.93593740463257 2.81796884536743 2.73723959922791 2.81171870231628 2.7578125 2.76848959922791 2.73411464691162 2.68593740463257 2.72057294845581 2.77291655540466 2.78333353996277 2.85598969459534 3.03385400772095 3.03515625 3.03802084922791 3.04140615463257 3.10598945617676 3.11979174613953 3.09869790077209 3.00546884536743 2.92135429382324 2.97369790077209 2.93958330154419 2.89427089691162 2.84062480926514 2.83984375 2.81796884536743 2.77187490463257 2.77864575386047
3.88229155540466 3.90078139305115 3.96901035308838 3.97838544845581 3.93541646003723 3.85234379768372 3.84062480926514 3.74062490463257 3.65078115463257 3.61302089691162 3.64322924613953 3.53125 3.33307313919067 3.27005219459534 3.20963525772095 3.15442705154419 3.09479165077209 3.07447934150696 2.92682290077209 2.77265620231628 2.76588559150696 2.77005219459534 2.74531245231628 2.76119780540466 2.76223945617676 2.83645844459534 2.88619780540466 2.92552089691162 2.95624995231628 2.97604155540466 2.95338559150696 2.93671870231628 3.06822919845581 3.07473969459534 3.02421879768372 3.05598950386047 3.02552080154419 3.03541660308838 3.05078125 3.04921865463257 3.05234360694885 3.03958320617676 3.05651044845581 3.01380205154419 3.02786445617676 2.95052075386047
4.06562471389771 4.05416679382324 4.12135410308838 4.12395811080933 4.15208339691162 4.16953134536743 4.12161445617676 4.02526044845581 3.81953120231628 3.73046875 3.66119790077209 3.71197915077209 3.61041665077209 3.47421884536743 3.42916679382324 3.30546855926514 3.17473959922791 3.17161440849304 3.02526044845581 2.92447900772095 2.90260434150696 2.91640615463257 2.97109389305115 2.96223950386047 2.96119785308838 2.98723959922791 3.01119804382324 3.03151035308838 3.12838554382324 3.20000004768372 3.22421860694885 3.23463559150696 3.29036450386047 3.28281259536743 3.27369785308838 3.29375004768372 3.25911450386047 3.24192714691162 3.18411469459534 3.28723955154419 3.21406245231628 3.09192705154419 3.15651035308838 3.22005224227905 3.15677070617676 3.07734370231628
4.21276044845581 4.17526054382324 4.14453125 4.11953115463257 4.20234394073486 4.24635410308838 4.32317733764648 4.26458358764648 4.07291650772095 3.89505219459534 3.73385405540466 3.62812495231628 3.55286455154419 3.44427084922791 3.44505214691162 3.36953139305115 3.25859355926514 3.23776054382324 3.27682280540466 3.22942709922791 3.14817714691162 3.07708334922791 3.05338549613953 3.05312514305115 3.07135415077209 3.08124995231628 3.09791660308838 3.16093754768372 3.18828129768372 3.21614599227905 3.33802080154419 3.37864589691162 3.43697929382324 3.44244790077209 3.43723940849304 3.41302084922791 3.37838530540466 3.38671875 3.36770820617676 3.30026030540466 3.22864580154419 3.19505214691162 3.26718735694885 3.32083344459534 3.29114580154419 3.23177075386047
4.18411445617676 4.12447929382324 4.16041660308838 4.20364570617676 4.29843759536743 4.36145830154419 4.39947938919067 4.32291650772095 4.16119813919067 3.92786455154419 3.74531245231628 3.64765620231628 3.546875 3.53177094459534 3.51119804382324 3.48359370231628 3.48411440849304 3.46432280540466 3.42708325386047 3.39557290077209 3.29296875 3.17916655540466 3.12083339691162 3.0546875 3.10963535308838 3.13828110694885 3.20729184150696 3.20807313919067 3.23307299613953 3.31354165077209 3.33749985694885 3.42265629768372 3.48984360694885 3.48932290077209 3.49296855926514 3.50677084922791 3.48749995231628 3.47760415077209 3.44036459922791 3.39765620231628 3.40338540077209 3.38307285308838 3.37604165077209 3.36250019073486 3.37291669845581 3.34999990463257
4.19062519073486 4.22994804382324 4.31640625 4.33255195617676 4.35286474227905 4.35729169845581 4.41302061080933 4.36250019073486 4.21432304382324 3.95078110694885 3.80651044845581 3.80859375 3.71744799613953 3.65104174613953 3.58177089691162 3.55442714691162 3.53671884536743 3.50598955154419 3.46197915077209 3.46562504768372 3.45078110694885 3.31406259536743 3.27395844459534 3.30156254768372 3.34791660308838 3.35078120231628 3.32760429382324 3.38020849227905 3.39817690849304 3.48151040077209 3.49869799613953 3.54921889305115 3.48489594459534 3.453125 3.50208330154419 3.55416679382324 3.55651044845581 3.56718754768372 3.54505205154419 3.55911445617676 3.50494790077209 3.43177080154419 3.38515615463257 3.35885405540466 3.37265634536743 3.40104150772095
4.25729179382324 4.30130195617676 4.32421875 4.39192724227905 4.40885400772095 4.36432266235352 4.28697919845581 4.24687528610229 4.13749980926514 4.02083349227905 3.95598959922791 3.86822915077209 3.82369780540466 3.76276040077209 3.67369794845581 3.67708325386047 3.71588540077209 3.66640639305115 3.55677080154419 3.45494794845581 3.43671870231628 3.46432280540466 3.50416660308838 3.44374990463257 3.46197915077209 3.45963549613953 3.44479179382324 3.47604155540466 3.48880219459534 3.44713544845581 3.38854146003723 3.48307275772095 3.55130219459534 3.63541674613953 3.65364575386047 3.64739584922791 3.67057299613953 3.66718745231628 3.61692714691162 3.58255219459534 3.59791660308838 3.54921865463257 3.53750014305115 3.52395844459534 3.49296879768372 3.45416665077209
4.20755195617676 4.25624990463257 4.21119785308838 4.24348974227905 4.30937480926514 4.25729131698608 4.22916650772095 4.17265653610229 4.13984346389771 4.109375 4.0625 4.05130195617676 3.99505186080933 3.94479179382324 3.87786459922791 3.84010410308838 3.82447934150696 3.78333330154419 3.71276044845581 3.63463544845581 3.63463544845581 3.64218735694885 3.60104179382324 3.55442714691162 3.53515625 3.54375004768372 3.56770849227905 3.50546860694885 3.44713544845581 3.42395830154419 3.38098978996277 3.41614580154419 3.55755209922791 3.60364580154419 3.61796879768372 3.61614584922791 3.68203139305115 3.71614575386047 3.70468759536743 3.68541669845581 3.58307290077209 3.54062509536743 3.55833339691162 3.55416679382324 3.44557285308838 3.44322943687439
