input_data/future_climate/CNMR_126/bio8_a.asc
ncols  331
nrows  193
xllcorner  17.833372883333
yllcorner  37.9999896166667
cellsize 0.1666667
NODATA_value  -9999
[rows 168 to 188 of 193, columns 184 to 229 of 331]
16.3604164123535 11.5416669845581 11.4760417938232 11.3104162216187 11.2708330154419 11.2927083969116 11.3156251907349 11.3645830154419 11.3864583969116 11.4125003814697 11.4322919845581 11.4729166030884 11.4697914123535 11.515625 11.53125 11.6187505722046 11.6572914123535 11.6020832061768 11.5437507629395 11.4791669845581 12.984375 13.0645837783813 13.140625 13.4187498092651 14.2427082061768 14.2697916030884 14.3125 14.3760414123535 14.2020835876465 14.1979169845581 14.3395833969116 14.40625 14.544792175293 14.6708335876465 14.6354169845581 14.6229162216187 14.5791664123535 14.6156253814697 14.7322912216187 14.6125001907349 14.4635419845581 14.453125 14.6291666030884 14.8385419845581 14.9437494277954 14.9093751907349
11.0052080154419 11.4760417938232 11.4781246185303 11.4583330154419 11.4291667938232 11.4572916030884 11.4895830154419 11.5729169845581 11.6135416030884 11.5406246185303 11.5562496185303 11.5854167938232 11.5895833969116 11.6322917938232 11.6614589691162 11.6812505722046 11.6989583969116 11.6760416030884 11.6083335876465 11.5385417938232 12.921875 13.1197919845581 13.1833333969116 13.3385419845581 14.2177085876465 14.4750003814697 14.4010419845581 14.1687498092651 14.2302083969116 14.3020830154419 14.3531255722046 14.421875 14.4781246185303 14.4354162216187 14.4604167938232 14.4333333969116 14.4927082061768 14.6843748092651 14.7895832061768 14.6937503814697 14.6343746185303 14.6322917938232 14.7072916030884 14.8781251907349 14.8916664123535 14.8166666030884
14.997917175293 10.5718755722046 11.3156251907349 11.439582824707 11.4708337783813 11.5500001907349 11.6197919845581 11.7166662216187 11.7687492370605 11.7260417938232 11.7135419845581 11.701042175293 11.6812496185303 11.7104167938232 11.7739582061768 11.7895832061768 11.8072919845581 11.8229169845581 11.763542175293 11.6843748092651 11.6291666030884 11.6729164123535 13.2531251907349 13.3666667938232 14.1947917938232 14.4458332061768 14.1687498092651 14.2072916030884 14.2927083969116 14.3843755722046 14.4604167938232 14.53125 14.6083335876465 14.435417175293 14.2854166030884 14.3979167938232 14.5572919845581 14.6875 14.747917175293 14.7375001907349 14.6072912216187 14.6208333969116 14.6885414123535 14.921875 14.9614582061768 14.8687505722046
14.7020835876465 14.8541669845581 10.5083332061768 11.34375 11.5437498092651 11.7093753814697 11.7906246185303 11.9041662216187 11.9322919845581 11.8708333969116 11.8479166030884 11.8083333969116 11.8416662216187 11.8697910308838 11.8947916030884 11.9333333969116 11.9593753814697 11.9718751907349 11.9447917938232 11.8666667938232 11.7729167938232 11.8187503814697 11.7625007629395 13.3468751907349 13.7875003814697 14.7979164123535 14.3604173660278 14.2906246185303 14.3968753814697 14.4708337783813 14.5593748092651 14.640625 14.6906251907349 14.6468753814697 14.7760410308838 14.4656248092651 14.4114580154419 14.4114580154419 14.5666666030884 14.7562503814697 14.5947914123535 14.580207824707 14.689582824707 14.8531246185303 14.9979162216187 15.0406246185303
13.8583326339722 14.5791664123535 9.88229179382324 10.8302087783813 11.6447916030884 11.8947916030884 12.029167175293 12.125 12.1822919845581 12.0885410308838 12.0614585876465 12.0197916030884 12.015625 12.0677080154419 12.0635414123535 12.0927085876465 12.1458330154419 12.1385412216187 12.1343746185303 12.0458335876465 11.9583330154419 11.9489583969116 11.8979167938232 13.4166660308838 13.5291662216187 14.486457824707 14.3125 14.3916664123535 14.4937505722046 14.5770835876465 14.6593751907349 14.7354164123535 14.7958326339722 14.859375 14.9489583969116 14.794792175293 14.7614583969116 14.8406248092651 14.4250001907349 14.4749994277954 14.6791667938232 14.7375001907349 14.7791662216187 14.9572916030884 15.2937498092651 15.4250001907349
15.8208332061768 11.1072912216187 9.78229141235352 10.4750003814697 11.7250003814697 12.064582824707 12.2312498092651 12.3229169845581 12.3999996185303 12.3187503814697 12.2979164123535 12.2802085876465 12.2552080154419 12.2895832061768 12.2958335876465 12.2791662216187 12.2624998092651 12.3031253814697 12.3156251907349 12.2312498092651 12.1364583969116 12.1479167938232 12.0749998092651 12.0072917938232 13.5875005722046 13.9291667938232 14.3760414123535 14.4604167938232 14.5822916030884 14.6708335876465 14.7624998092651 14.8406248092651 14.9208335876465 14.9875001907349 15.0510416030884 15.1447916030884 15.4989585876465 15.5281248092651 15.5302085876465 14.6937503814697 14.6968746185303 15.0885419845581 15.4989585876465 16.0552082061768 16.4958343505859 16.247917175293
13.1979160308838 15.0343751907349 11.1333332061768 10.0864582061768 11.6197919845581 12.3302087783813 12.4947919845581 12.5822916030884 12.6239585876465 12.5437498092651 12.5572910308838 12.5708332061768 12.546875 12.5229167938232 12.5239582061768 12.4760417938232 12.4468755722046 12.4791669845581 12.4781255722046 12.4479169845581 12.3812503814697 12.3822917938232 12.2927083969116 12.2239580154419 13.6531248092651 13.8520832061768 14.6104164123535 14.5270833969116 14.6541662216187 14.7749996185303 14.8822917938232 14.9614582061768 15.0395832061768 15.1354169845581 15.2260417938232 15.2749996185303 15.3239583969116 15.4145832061768 15.5541667938232 15.2156248092651 15.1260414123535 15.0437498092651 15.4760417938232 15.9312496185303 16.3979167938232 16.5343742370605
11.5208339691162 13.5802087783813 8.86458301544189 10.8958330154419 10.5864582061768 12.2468748092651 12.7281246185303 12.8677082061768 12.8895835876465 12.8645839691162 12.9114580154419 12.9333333969116 12.9104166030884 12.872917175293 12.8177080154419 12.6770830154419 12.6593751907349 12.6677083969116 12.6833333969116 12.6645832061768 12.6343746185303 12.611457824707 12.5375003814697 12.4666662216187 13.7083330154419 13.8343753814697 14.7572917938232 14.7614583969116 14.765625 14.8989591598511 15.0583333969116 15.1625003814697 15.2239580154419 15.3072910308838 15.3072919845581 15.5395832061768 15.5177087783813 15.7979164123535 16.0197925567627 15.8708333969116 15.9489583969116 15.5729169845581 15.5197916030884 15.9343748092651 16.5593757629395 16.6947917938232
14.6177082061768 9.54895877838135 9.68645858764648 10.3468751907349 11.703125 11.6072912216187 12.6760416030884 13.0354166030884 12.8958330154419 12.9604167938232 13.1135416030884 13.1958332061768 13.1843748092651 13.1083335876465 13.0562496185303 12.9145832061768 12.859375 12.8791666030884 12.8770837783813 12.90625 12.8697919845581 12.8583335876465 12.779167175293 12.7093744277954 12.5874996185303 13.9656248092651 15.2614583969116 14.9781246185303 15.2375001907349 15.6822919845581 15.84375 15.6000003814697 15.4572916030884 15.5500001907349 15.6625003814697 15.8416662216187 16.2291660308838 16.423957824707 16.298957824707 15.8083333969116 15.8197917938232 15.9718751907349 15.7083339691162 15.6979169845581 16.1802082061768 16.408332824707
12.2916660308838 11.7229166030884 10.8374996185303 11.7770833969116 12.390625 11.1666669845581 12.3583335876465 12.4437503814697 12.2760419845581 12.6020832061768 13.2083330154419 13.4093751907349 13.4489583969116 13.3833332061768 13.2635412216187 13.0958337783813 13.0645837783813 13.0770835876465 13.0947914123535 13.1468744277954 13.109375 13.0979166030884 13.0343751907349 12.951042175293 12.8197917938232 14.4854164123535 15.7281255722046 16.125 16.3218746185303 16.5239582061768 16.5010414123535 16.127082824707 15.9458332061768 16.1885414123535 16.341667175293 16.046875 15.8208332061768 15.8062496185303 15.8531246185303 15.6302080154419 15.6374998092651 15.826042175293 15.7843751907349 15.84375 15.8374996185303 16.0947914123535
14.359375 12.9885416030884 12.2885417938232 12.3093748092651 13.1479167938232 11.2458333969116 11.8322916030884 12.0885419845581 12.3645830154419 12.6687498092651 12.8468751907349 13.1968755722046 13.3614587783813 13.5791664123535 13.4489583969116 13.2802076339722 13.2552080154419 13.2593746185303 13.3114585876465 13.3604164123535 13.3270835876465 13.3343753814697 13.2645835876465 13.1989583969116 13.0260419845581 11.2718753814697 15.8343753814697 16.078125 16.078125 16.1614589691162 16.1531257629395 16.3156242370605 16.6312503814697 16.7510414123535 16.8322925567627 16.6708335876465 16.6364574432373 16.7291660308838 16.4291667938232 16.0406246185303 15.6052083969116 15.9739589691162 16.064582824707 15.7927083969116 16.2281246185303 15.8812503814697
15.1218748092651 14.9854164123535 13.7208337783813 13.2041664123535 13.673957824707 9.76875019073486 12.4614582061768 13.1750001907349 13.435417175293 13.6187505722046 13.5416669845581 13.4145832061768 13.5395832061768 13.7354164123535 13.6291666030884 13.4812498092651 13.4739580154419 13.4989585876465 13.5749998092651 13.5708332061768 13.5114583969116 13.5270833969116 13.486457824707 13.40625 13.2375001907349 11.4750003814697 15.8333339691162 15.8385410308838 15.4833335876465 15.9156246185303 16.1875 16.4874992370605 16.609375 16.7718753814697 16.6677074432373 16.8916664123535 17.1187496185303 17.185417175293 17.4416656494141 17.5375003814697 17.1604175567627 16.6479167938232 16.46875 16.0062503814697 16.3322925567627 16.1802082061768
14.9666662216187 10.6593751907349 14.7072916030884 10.2260417938232 9.95000076293945 10.1531248092651 13.6281251907349 13.9375 13.9875001907349 13.982292175293 13.966667175293 13.986457824707 14.0395832061768 14.03125 13.8854160308838 13.7947912216187 13.8395833969116 13.8500003814697 13.8072919845581 13.765625 13.7052087783813 13.7145833969116 13.6760416030884 13.5989580154419 13.4885416030884 7.98333311080933 15.7447910308838 15.6833333969116 15.892707824707 16.3177089691162 16.6020832061768 16.6958332061768 16.5062503814697 16.4052085876465 16.5864582061768 16.9885425567627 17.2687511444092 17.310417175293 17.3510417938232 17.578125 11.2979164123535 11.2697916030884 11.2041664123535 10.642707824707 10.3489580154419 10.1937503814697
14.890625 10.46875 10.5739583969116 10.4822912216187 10.4833335876465 10.1395835876465 13.8708333969116 14.1427087783813 14.2447919845581 14.1885414123535 14.2416667938232 14.2562503814697 14.2447919845581 14.2010412216187 14.122917175293 14.1135416030884 14.0895833969116 14.0239582061768 13.9854164123535 13.9427080154419 13.8708333969116 13.8999996185303 13.8833332061768 13.8166666030884 13.7489585876465 10.107292175293 8.53229141235352 15.2354164123535 15.6656246185303 16.1468753814697 17.2489585876465 17.8718757629395 17.9562492370605 17.502082824707 16.9291667938232 16.4260425567627 16.955207824707 17.388542175293 17.5677070617676 11.3458337783813 11.3781251907349 11.4989585876465 11.5916662216187 11.4604167938232 11.2906246185303 11.1145830154419
10.8114585876465 12.3510417938232 12.4072914123535 12.4437503814697 12.6499996185303 13.1989583969116 14.0822916030884 14.3072910308838 14.4572916030884 14.4302082061768 14.4770832061768 14.4468746185303 14.4270830154419 14.3395833969116 14.2770833969116 14.2375001907349 14.203125 14.1395835876465 14.1052083969116 14.0489587783813 14.0052080154419 14.0541667938232 14.0666666030884 14.0395832061768 14.0031251907349 10.5885419845581 10.0458335876465 9.03437519073486 15.6677083969116 16.53125 17.8947906494141 18.3916664123535 18.6656246185303 18.8010406494141 18.3020839691162 15.3625001907349 14.8322916030884 16.2124996185303 16.9614582061768 11.6177082061768 11.8187503814697 11.9020833969116 11.8937501907349 11.7447919845581 11.6708335876465 11.654167175293
12.5677080154419 12.6489582061768 12.5593748092651 12.6677083969116 12.9156246185303 13.9208335876465 14.3177080154419 14.451042175293 14.548957824707 14.5124998092651 14.5552082061768 14.517707824707 14.4895830154419 14.4510412216187 14.3958330154419 14.3447914123535 14.3010416030884 14.2489585876465 14.2020835876465 14.1437501907349 14.1260414123535 14.1937503814697 14.2083330154419 14.2041664123535 14.1802082061768 10.71875 10.4781255722046 10.0031251907349 16.1031246185303 16.7916660308838 17.1968746185303 17.9791660308838 18.6958332061768 18.8354167938232 18.564582824707 15.1500005722046 13.1145830154419 15.3520832061768 16.6645832061768 11.9406251907349 12.1239576339722 12.232292175293 12.2041664123535 12.1697912216187 12.0906248092651 12.0718755722046
12.5239582061768 12.5854167938232 12.6333332061768 12.7791662216187 12.9854164123535 13.6770830154419 14.4468746185303 14.59375 14.6229162216187 14.578125 14.6083335876465 14.595832824707 14.513542175293 14.5010414123535 14.4645833969116 14.4229164123535 14.388542175293 14.3510417938232 14.3104162216187 14.2562503814697 14.2250003814697 14.296875 14.3458337783813 14.3802089691162 14.3375005722046 14.2208337783813 10.3583335876465 9.08958339691162 8.00625038146973 17.1302089691162 17.8395843505859 18.5322914123535 18.7333335876465 18.841667175293 18.7781257629395 18.779167175293 18.5770835876465 12.3000001907349 12.1395835876465 11.9302082061768 12.1322917938232 7.51458311080933 7.42812490463257 7.33437490463257 7.35833311080933 7.42604160308838
12.6270837783813 12.6645832061768 12.7937498092651 12.8218746185303 13.2666664123535 13.7291669845581 14.5041666030884 14.6312503814697 14.6531248092651 14.5875005722046 14.5875005722046 14.5739583969116 14.5520839691162 14.5437507629395 14.5260419845581 14.5104169845581 14.5 14.4677085876465 14.4229164123535 14.375 14.3406248092651 14.4166660308838 14.4656257629395 14.5177087783813 14.5062503814697 14.4104166030884 10.5260419845581 9.60729217529297 8.78958320617676 8.98229217529297 17.0437507629395 18.1677093505859 18.6416664123535 18.7760410308838 18.8895835876465 18.7354164123535 18.497917175293 12.1552085876465 11.5666666030884 11.6999998092651 7.29583358764648 11.9572916030884 11.5885419845581 7.01458311080933 6.90312480926514 7.09687519073486
12.4020833969116 18.122917175293 18.1062507629395 18.3052082061768 18.6135406494141 14.4885416030884 14.6010417938232 14.6531248092651 14.6729164123535 14.5875005722046 14.5739593505859 14.591667175293 14.5812501907349 14.5854167938232 14.6062498092651 14.6062507629395 14.607292175293 14.5906248092651 14.5770835876465 14.5479164123535 14.5208330154419 14.5802087783813 14.622917175293 14.6364583969116 14.6281242370605 14.5302085876465 14.2104167938232 9.25208282470703 9.390625 9.4375 9.125 17.1958332061768 18.25 18.5656261444092 18.546875 18.4895839691162 18.2583332061768 11.9968748092651 11.8270835876465 11.7156248092651 11.2958335876465 10.8312501907349 11.0593748092651 11.1177082061768 6.96041679382324 7.10729169845581
16.3312492370605 17.8270835876465 18.0593738555908 18.3208332061768 18.908332824707 14.5833339691162 14.6229162216187 14.6322917938232 14.6468744277954 14.5739583969116 14.591667175293 14.6062507629395 14.6083335876465 14.6208333969116 14.65625 14.6791667938232 14.7156248092651 14.7260417938232 14.7291669845581 14.7020835876465 14.6614580154419 14.6645832061768 14.7083330154419 14.6833333969116 14.6552085876465 14.5479164123535 14.1479167938232 9.15416717529297 9.59583377838135 9.49062538146973 9.38125038146973 11.5249996185303 17.111457824707 18.2437496185303 18.3229160308838 18.1927089691162 11.9020833969116 11.5833330154419 11.6833333969116 11.8343753814697 11.3708333969116 16.1291656494141 10.6656246185303 10.8291664123535 11.5114583969116 7.46145820617676
14.6260414123535 17.1916675567627 18.3968753814697 18.9593753814697 19.0833320617676 19.1145839691162 14.5895833969116 14.5739583969116 14.6052083969116 14.5458335876465 14.5947914123535 14.6062498092651 14.6479167938232 14.6708326339722 14.6937494277954 14.7437496185303 14.798957824707 14.8312501907349 14.8541669845581 14.8541669845581 14.8322916030884 14.8395833969116 14.8552083969116 14.798957824707 14.7395830154419 14.6260414123535 14.3166666030884 13.8093748092651 9.91354179382324 9.72291660308838 9.49479198455811 9.42083358764648 12.1677083969116 12.7458333969116 18.2958335876465 18.1156253814697 11.9802083969116 11.7468748092651 11.7614583969116 11.6437501907349 16.6770839691162 11.09375 10.8812503814697 11.2114582061768 11.5739583969116 11.7697916030884
