input_data/future_climate/CNMR_126/bio8_a.asc
ncols  331
nrows  193
xllcorner  17.833372883333
yllcorner  37.9999896166667
cellsize 0.1666667
NODATA_value  -9999
[rows 147 to 167 of 193, columns 230 to 275 of 331]
12.1427087783813 12.1281251907349 11.9802083969116 11.8697919845581 11.7479162216187 11.5927085876465 3.90833353996277 11.3197917938232 11.1072912216187 10.8072910308838 10.4604167938232 10.1333332061768 9.76875019073486 9.40208339691162 8.82499980926514 8.40104198455811 9.09062480926514 9.35000038146973 9.03229141235352 8.41250038146973 8.06770896911621 8.30833339691162 8.37812519073486 8.70520782470703 9.12916660308838 9.703125 10.2260417938232 10.7958335876465 10.9677085876465 -1.77916669845581 11.2239580154419 11.4427080154419 11.5375003814697 11.6187505722046 11.7177085876465 -2.45625019073486 -2.61041665077209 -2.73541665077209 -2.74479174613953 -2.65208339691162 -2.64166665077209 -2.52500009536743 -2.43020844459534 -2.47812509536743 -2.47916674613953 -2.51458334922791
12.4093751907349 12.3541669845581 12.234375 12.0208330154419 11.8468751907349 11.6510419845581 11.4718751907349 11.1760416030884 10.9510412216187 10.5854167938232 10.2458333969116 9.92291641235352 9.59375 9.22812461853027 8.42708301544189 9.3125 9.84479141235352 9.47916698455811 9.22812461853027 8.60312461853027 8.16354179382324 8.01666641235352 8.22916698455811 8.72187519073486 9.17708301544189 9.78958320617676 10.359375 10.826042175293 3.83437490463257 11.3604164123535 11.5072917938232 -1.94687509536743 11.783332824707 11.796875 -2.03229165077209 -2.33124995231628 -2.42708325386047 -2.43854165077209 -2.42708325386047 -2.39583325386047 -2.34999990463257 -2.38020849227905 -2.42916655540466 -2.48541665077209 -2.33750009536743 2.86770820617676
12.5625 12.3874998092651 12.09375 11.8854169845581 11.6552085876465 11.4812498092651 11.2395830154419 10.9625005722046 10.8031253814697 10.4520835876465 10.1697912216187 9.82395839691162 9.40520858764648 8.95937538146973 8.171875 9.34479141235352 9.76041603088379 9.36770820617676 9.43020820617676 8.96770858764648 8.30624961853027 8.15312576293945 8.39687442779541 8.89687538146973 9.44999980926514 9.97812461853027 10.3916664123535 10.8072919845581 11.25 11.4770832061768 11.7395830154419 -1.52708339691162 11.8062496185303 -1.63020837306976 -1.86145830154419 -2.06874990463257 -2.18333339691162 -2.21041679382324 -2.14895820617676 -2.13541674613953 -2.12812495231628 -2.09583330154419 -2.16041660308838 -2.23333334922791 -2.20520830154419 3.04583334922791
12.7770833969116 12.4750003814697 12.1437501907349 11.8364582061768 11.671875 11.4572916030884 11.1447916030884 10.8812494277954 10.6177082061768 10.3291664123535 10.0270833969116 9.6875 9.35729122161865 8.33749961853027 8.26041698455811 9.41145896911621 9.44895839691162 9.46249961853027 9.43437480926514 8.94999980926514 8.48229122161865 8.40520858764648 8.70729160308838 9.21979141235352 9.72187519073486 10.314582824707 10.6416664123535 11.0135412216187 11.4677085876465 11.6260414123535 11.8895835876465 12.0343751907349 -1.18229162693024 12.3187503814697 12.5822916030884 12.7927083969116 -1.890625 -1.88749992847443 -1.89166665077209 -1.84687495231628 -1.84999990463257 -1.84687507152557 -1.84270823001862 -1.96249997615814 -2.01041674613953 3.18645834922791
12.7125005722046 12.484375 12.2250003814697 12.0093755722046 11.8604164123535 11.578125 11.1916666030884 10.8125 10.5166664123535 10.2229166030884 9.80729198455811 9.35000038146973 9.02916622161865 8.13229179382324 8.43229198455811 9.15625 9.5 9.55833339691162 9.42395782470703 8.83437442779541 8.67291641235352 8.72708320617676 9.09687519073486 9.51875019073486 10.0041666030884 10.5 10.8447914123535 11.1270837783813 11.6427087783813 11.8739585876465 12.0885410308838 12.34375 12.375 12.5979166030884 12.7843751907349 12.9083337783813 13.0333337783813 13.1500005722046 13.2062501907349 13.2562494277954 13.2260417938232 13.2375001907349 -1.45104169845581 -1.45624995231628 13.435417175293 13.3385419845581
12.5541658401489 12.3406248092651 12.1395835876465 11.9104166030884 11.7281246185303 11.4916667938232 11.205207824707 10.9302082061768 10.638542175293 10.2979164123535 9.921875 9.38541698455811 8.91145896911621 8.14166641235352 8.54583358764648 9.10729122161865 9.50937461853027 9.66250038146973 9.24270820617676 8.96145820617676 8.96041679382324 9.14270782470703 9.52395820617676 9.83854198455811 10.2937498092651 10.7885417938232 11.189582824707 11.4114580154419 11.6750001907349 12.0260410308838 12.3843746185303 12.53125 12.6510419845581 12.7802085876465 12.8927087783813 13.048957824707 13.1687498092651 13.2843751907349 13.3208332061768 13.4104166030884 13.482292175293 13.546875 13.4750003814697 13.5114583969116 13.578125 13.7333335876465
12.4354162216187 12.2114582061768 11.9947919845581 11.8333330154419 11.7385416030884 11.548957824707 11.2739582061768 10.9770832061768 10.6947917938232 10.4135417938232 10.0249996185303 9.65833282470703 9.31562519073486 8.24895858764648 8.82291698455811 9.47395801544189 9.60416698455811 9.75208377838135 9.51458358764648 9.39166641235352 9.41354179382324 9.63020801544189 9.92708301544189 10.2666664123535 10.7197914123535 11.1114587783813 11.6104164123535 11.6760416030884 12.1291666030884 12.3937501907349 12.609375 12.7229166030884 12.8218746185303 12.9593744277954 13.0687503814697 13.205207824707 13.3874998092651 13.4197912216187 13.4947919845581 13.5822916030884 13.6833333969116 13.7104167938232 13.7312498092651 13.7354164123535 13.7718753814697 13.8229169845581
12.6031255722046 12.3989582061768 12.2645835876465 12.064582824707 11.8291664123535 11.6572914123535 11.5031242370605 11.2510414123535 10.9458332061768 10.6041669845581 10.234375 9.87708377838135 9.64999961853027 8.92083358764648 9.21041679382324 9.66666603088379 9.72291660308838 9.80416679382324 9.79374980926514 9.8125 9.80312442779541 10.03125 10.3604164123535 10.7281246185303 11.1218748092651 11.5604162216187 11.7614583969116 12.0968751907349 12.4145832061768 12.6291666030884 12.8218755722046 13.0250005722046 13.1041669845581 13.1750001907349 13.25 13.3895835876465 13.5437498092651 13.6343746185303 13.7239580154419 13.7937498092651 13.7895832061768 13.8145837783813 13.828125 13.8812503814697 13.9135408401489 13.9020833969116
12.8854160308838 12.7239580154419 12.5708332061768 12.3677082061768 12.1843748092651 11.9604167938232 11.8385419845581 11.6572914123535 11.3822917938232 11.0145835876465 10.5895833969116 10.125 9.94374942779541 10.0770835876465 9.63854122161865 9.71770858764648 9.93645858764648 9.91458320617676 10.0520830154419 10.2125005722046 10.2479162216187 10.4645833969116 10.8125 11.1395835876465 11.6479167938232 11.9260416030884 12.1364583969116 12.4364585876465 12.7020835876465 12.8645830154419 13.0552082061768 13.2281246185303 13.3364582061768 13.3406248092651 13.4364585876465 13.591667175293 13.6958332061768 13.7927083969116 13.8385419845581 13.9614582061768 13.9010419845581 13.84375 13.9520835876465 13.9625005722046 13.9895830154419 14.0749998092651
13.046875 12.8874998092651 12.752082824707 12.6354169845581 12.5208330154419 12.4499998092651 12.2958335876465 12.0437498092651 11.7166662216187 11.3520832061768 10.8760414123535 10.4343748092651 9.98645877838135 10.2958335876465 10.1364583969116 10.0093755722046 10.1864585876465 10.2562494277954 10.4791660308838 10.8052082061768 10.9864587783813 11.1708335876465 11.4354162216187 11.8177089691162 12.1208333969116 12.3760414123535 12.4041662216187 12.6656255722046 12.9322919845581 13.0989580154419 13.2833337783813 13.4229164123535 13.5416669845581 13.5833339691162 13.6770830154419 13.7895832061768 13.810417175293 13.8718748092651 13.9697914123535 14.0145835876465 14.0802087783813 14.125 14.1270837783813 14.173957824707 14.2145833969116 14.3500003814697
13.0979166030884 12.9739580154419 12.8937501907349 12.8270835876465 12.7760419845581 12.7156248092651 12.7354164123535 12.4427080154419 12.044792175293 11.6364583969116 11.2604169845581 10.8125 10.4177083969116 10.7406253814697 10.1395835876465 10.0187501907349 10.4208335876465 10.7979164123535 11.2385416030884 11.5697917938232 11.6656255722046 11.7510414123535 12.0947914123535 12.4395837783813 12.4750003814697 12.5656251907349 12.8312501907349 13.0406255722046 13.1822919845581 13.310417175293 13.4416666030884 13.5833330154419 13.654167175293 13.7281246185303 13.7552080154419 13.8135414123535 13.9260416030884 13.9802083969116 14.044792175293 14.1489582061768 14.3239583969116 14.4302082061768 14.515625 14.5322914123535 14.578125 14.7135410308838
13.1125001907349 13.0354166030884 12.9562501907349 12.9572916030884 12.904167175293 12.9072914123535 12.9041662216187 12.9468746185303 12.4010410308838 12.0270833969116 11.6291666030884 11.2458333969116 10.8979167938232 11.078125 10.8541669845581 10.8062496185303 10.9020833969116 11.0041666030884 11.4802083969116 11.7979164123535 12.185417175293 12.2395830154419 12.169792175293 12.6156253814697 12.8062505722046 12.90625 13.2104167938232 13.3677082061768 13.419792175293 13.5437498092651 13.6260414123535 13.6656246185303 13.6906251907349 13.765625 13.8083333969116 13.8895835876465 13.9937505722046 14.1260414123535 14.2916669845581 14.4645833969116 14.502082824707 14.5583324432373 14.5874996185303 14.6281251907349 14.6937494277954 14.7604169845581
13.1354169845581 13.1135416030884 13.0812501907349 13.0281248092651 13.0281248092651 13.078125 13.0854167938232 12.9729166030884 12.7229166030884 12.5031251907349 12.1395835876465 11.6260414123535 11.390625 11.4083337783813 11.0385417938232 11.5833330154419 11.8416662216187 11.7979164123535 11.9656248092651 12.2177085876465 12.6833333969116 12.3312501907349 12.5708332061768 12.9802083969116 13.3312501907349 13.3947916030884 13.6510419845581 13.794792175293 13.8656253814697 13.921875 13.9166669845581 13.8218755722046 13.8708333969116 13.892707824707 13.9468746185303 14.0354166030884 14.2041664123535 14.4104166030884 14.5135412216187 14.6062507629395 14.5843753814697 14.5635414123535 14.5874996185303 14.5812501907349 14.6729164123535 14.7729167938232
13.1052083969116 13.076042175293 13.1197910308838 13.1343746185303 13.1125001907349 13.1677083969116 13.1437501907349 13.127082824707 13.1760416030884 12.9677076339722 12.5656251907349 12.1572923660278 12.0531253814697 12.4229164123535 11.9072914123535 12.5562505722046 12.6385412216187 12.6604166030884 12.7895832061768 12.982292175293 13.2572917938232 13.095832824707 13.4322919845581 13.6927089691162 13.8541669845581 13.9020833969116 13.9895830154419 14.0552082061768 14.1468753814697 14.1635417938232 14.0843744277954 13.9791669845581 14.029167175293 14.0989580154419 14.2624998092651 14.4208335876465 14.513542175293 14.6395835876465 14.6770839691162 14.671875 14.638542175293 14.5895833969116 14.5052080154419 14.6416664123535 14.7093744277954 14.8354167938232
13.1197919845581 13.0875005722046 13.1322917938232 13.1885423660278 13.1781253814697 13.1666669845581 13.2364587783813 13.2250003814697 13.4072914123535 13.138542175293 12.8968744277954 12.7885417938232 12.7104167938232 13.1437501907349 13.1593751907349 13.3020830154419 13.3354167938232 13.5322914123535 13.5520830154419 13.6312503814697 13.8093748092651 13.9114580154419 13.9624996185303 13.9145832061768 14.107292175293 13.8843746185303 14.1145830154419 14.1687498092651 14.1666669845581 14.1062498092651 14.2458333969116 14.2562494277954 14.3208332061768 14.3343753814697 14.5531244277954 14.6489582061768 14.7416667938232 14.8406248092651 14.8114576339722 14.6968746185303 14.5843753814697 14.466667175293 14.4885416030884 14.6010417938232 14.6677083969116 14.8208332061768
13.3020839691162 13.1843748092651 13.1104164123535 13.0250005722046 13.1052083969116 13.2510414123535 13.2666664123535 13.2854166030884 13.3718748092651 13.5437498092651 13.4020833969116 13.2260417938232 13.3135414123535 13.4927082061768 13.5822916030884 13.7885417938232 14.1468753814697 14.2218751907349 14.0958337783813 14.1520833969116 14.0822916030884 14.15625 14.1489582061768 14.0718746185303 14.2229166030884 14.1989583969116 14.4322919845581 14.533332824707 14.5135412216187 14.4499998092651 14.5020837783813 14.5791664123535 14.6312503814697 14.6614580154419 14.9135417938232 14.9020833969116 14.9166669845581 14.9624996185303 14.9270839691162 14.8010416030884 14.7333326339722 14.6437501907349 14.6208333969116 14.5927085876465 14.5614585876465 14.6906251907349
13.7083330154419 13.7239580154419 13.6260414123535 13.3895835876465 13.2020835876465 13.3229169845581 13.3645830154419 13.3468751907349 13.3718748092651 13.4406251907349 13.5833330154419 13.5927085876465 13.6218748092651 13.7395839691162 13.9375 14.2697916030884 14.3479166030884 14.3979167938232 14.3687496185303 14.4375 14.4385414123535 14.4489583969116 14.4135417938232 14.4718751907349 14.5833330154419 14.6489582061768 14.7718753814697 14.8927087783813 14.8989582061768 14.877082824707 14.8677082061768 14.84375 14.8802089691162 15.078125 15.1520833969116 15.1322917938232 15.1312503814697 15.1593751907349 15.0833339691162 14.9624996185303 14.7864589691162 14.5989580154419 14.5500001907349 14.5114583969116 14.4322919845581 14.6395835876465
13.9583330154419 14.0062503814697 13.9916667938232 13.9156246185303 13.9385414123535 13.7822923660278 13.671875 13.6041660308838 13.5260419845581 13.4447917938232 13.5510416030884 13.7531251907349 13.8895835876465 14.0083332061768 14.2312498092651 14.4447917938232 14.5333337783813 14.4802083969116 14.5749998092651 14.5541667938232 14.6197910308838 14.6312503814697 14.7229166030884 15.1114587783813 15.1020832061768 15.0895833969116 15.109375 15.0687503814697 15.122917175293 15.2072916030884 15.1958332061768 15.1822919845581 15.3447914123535 15.423957824707 15.4250001907349 15.4645833969116 15.4729166030884 15.3822917938232 15.2937498092651 15.169792175293 14.8718757629395 14.5 14.2302083969116 13.9447917938232 14.0593748092651 14.4208335876465
14.4697914123535 14.3635416030884 14.4270830154419 14.408332824707 14.4458332061768 14.4052085876465 14.2937507629395 14.0343751907349 13.8562498092651 13.78125 14.0177087783813 14.2229166030884 14.2906255722046 14.5625 14.5541658401489 14.5885419845581 14.6885414123535 14.7250003814697 14.736457824707 14.6947917938232 14.7927083969116 15.0406246185303 15.2697916030884 15.3541669845581 15.3062496185303 15.2708339691162 15.2114582061768 15.2229166030884 15.3635416030884 15.4437503814697 15.5041666030884 15.5562505722046 15.5562496185303 15.6468753814697 15.6854162216187 15.6812496185303 15.6541662216187 15.625 15.546875 15.3791666030884 14.7739582061768 14.1708335876465 13.796875 12.8562498092651 13.0322914123535 13.984375
15.0593748092651 14.9031248092651 14.7802085876465 14.9541673660278 14.8489580154419 14.609375 14.4989585876465 14.4250001907349 14.4583330154419 14.0687503814697 14.6010417938232 14.8166666030884 14.8489589691162 14.7739582061768 14.7437496185303 14.8645839691162 14.9520835876465 14.9614582061768 14.9583330154419 14.9906253814697 15.127082824707 15.34375 15.4052085876465 15.4156246185303 15.4343748092651 15.4052085876465 15.2729167938232 15.3864583969116 15.5437498092651 15.6520833969116 15.7229166030884 15.8125 15.8385410308838 15.9187498092651 15.9375 15.9343748092651 15.9104166030884 15.8541669845581 15.7489585876465 15.7333335876465 15.5770835876465 15.4979162216187 14.9989585876465 14.3947916030884 14.0447912216187 13.7760419845581
15.0354166030884 14.9677085876465 14.8895835876465 14.8197917938232 14.7874994277954 14.7197914123535 13.2958335876465 12.84375 13.3927087783813 14.5072917938232 14.9166660308838 14.9750003814697 14.9749994277954 15.0187501907349 15.0052080154419 15.1125001907349 15.2145833969116 15.2333326339722 15.2177085876465 15.2666664123535 15.234375 15.3406248092651 15.3333330154419 15.3718748092651 15.390625 15.1364583969116 15.2218751907349 15.3375005722046 15.59375 15.8479166030884 15.9781246185303 16.0656242370605 16.0708332061768 16.2302093505859 16.2281246185303 16.2395839691162 16.189582824707 16.0989589691162 15.9489583969116 16.0062503814697 16.1375007629395 15.9135417938232 15.4614582061768 15.2416667938232 14.9250001907349 14.7531251907349
