input_data/future_climate/CNMR_126/bio8_a.asc
ncols  331
nrows  193
xllcorner  17.833372883333
yllcorner  37.9999896166667
cellsize 0.1666667
NODATA_value  -9999
[rows 126 to 146 of 193, columns 92 to 137 of 331]
23.732292175293 22.9781246185303 22.4645843505859 22.4406242370605 20.5260429382324 20.5437507629395 20.6927089691162 20.8520832061768 20.875 20.9614582061768 20.9385414123535 20.826042175293 20.7489585876465 20.638542175293 20.5375003814697 20.5104179382324 20.4562492370605 20.533332824707 20.513542175293 20.5864582061768 20.7239589691162 20.7875003814697 20.8645839691162 20.767707824707 20.6947917938232 20.6322917938232 20.6302089691162 20.7760410308838 -0.356249958276749 20.7822914123535 21.0729160308838 20.9208335876465 20.9125003814697 20.7916660308838 20.9604167938232 20.8812503814697 20.9500007629395 -0.755208253860474 -0.512500047683716 -0.555208325386047 -0.527083337306976 21.232292175293 21.0270843505859 20.8322925567627 20.8270835876465 21.044792175293
23.2218742370605 20.671875 20.4333324432373 20.345832824707 20.3500003814697 20.5239582061768 20.7781257629395 21.0041656494141 21.0822925567627 21.1614589691162 21.0874996185303 21.0052089691162 20.810417175293 20.6604175567627 20.6677093505859 20.5968742370605 20.564582824707 20.5677089691162 20.4885425567627 20.5531253814697 20.5416660308838 20.5895824432373 20.6958332061768 20.7854175567627 20.7270832061768 20.6437492370605 20.8156242370605 20.9760417938232 20.892707824707 -0.179166674613953 20.8322925567627 21.2177085876465 21.1625003814697 20.7229156494141 20.7614593505859 21.0166664123535 21.1010417938232 21.1041660308838 20.9750003814697 21.1499996185303 21.3322906494141 21.2749996185303 21.0364589691162 20.7385406494141 20.673957824707 20.9989585876465
20.8072910308838 20.4927082061768 20.294792175293 20.2624988555908 20.3979167938232 20.3708324432373 20.720832824707 21.1124992370605 21.3843746185303 21.455207824707 21.3645839691162 21.2739582061768 21.1177082061768 20.9604167938232 20.7374992370605 20.7468757629395 20.7385425567627 20.6968746185303 20.6000003814697 20.6302089691162 20.6354160308838 20.6833324432373 20.7354164123535 20.7312507629395 20.7802085876465 20.8562507629395 21.1218757629395 -0.339583367109299 -0.313541680574417 -0.129166632890701 20.8708343505859 20.7697906494141 20.9927082061768 20.9854164123535 21.1802082061768 21.122917175293 21.1395835876465 21.1864585876465 21.0416679382324 21.283332824707 21.2437496185303 21.1645832061768 20.9927082061768 20.9260406494141 20.7572917938232 20.8822917938232
20.8531246185303 20.5166664123535 20.2760410308838 20.2395839691162 20.1645832061768 20.3531246185303 20.685417175293 20.9718761444092 21.5166664123535 21.7156257629395 21.7124996185303 21.669792175293 21.3697910308838 21.2614593505859 21.046875 20.9656257629395 20.9958343505859 20.7875003814697 20.765625 20.6937503814697 20.794792175293 20.7770824432373 20.6968746185303 20.65625 20.6437492370605 20.8177070617676 20.9645824432373 -0.170833349227905 -0.295833349227905 -0.194791704416275 21.048957824707 20.9927082061768 21.1520843505859 21.1197910308838 21.1010417938232 21.2145824432373 21.2395839691162 21.1645832061768 21.1354160308838 21.2000007629395 21.2781257629395 21.1812496185303 21.1156253814697 21.0979156494141 21.1416664123535 20.9739589691162
20.8864593505859 20.6968746185303 20.4604167938232 20.330207824707 20.3656253814697 20.4947929382324 20.7395820617676 21.095832824707 21.2999992370605 21.5072917938232 21.5927085876465 21.6614589691162 21.263542175293 21.080207824707 20.8322906494141 20.8916664123535 20.9854164123535 20.8468742370605 20.84375 20.84375 20.8333339691162 20.7958335876465 20.7822914123535 20.7406253814697 20.6687507629395 20.78125 20.7281246185303 0.0395833253860474 -0.251041650772095 20.859375 21.0072917938232 20.7895832061768 20.6395835876465 20.8583335876465 20.9145832061768 20.9677085876465 21.0989589691162 21 21.0708332061768 21.1375007629395 21.3666667938232 21.265625 21.375 21.3083324432373 21.3854160308838 21.2427082061768
20.9385414123535 20.9010410308838 20.7156257629395 20.6812496185303 20.5406246185303 20.7239589691162 21.0083332061768 21.169792175293 21.4645824432373 21.6437492370605 21.486457824707 21.3635425567627 21.3062496185303 21.109375 20.8489589691162 20.8406257629395 20.908332824707 20.8093757629395 20.8052082061768 20.7864589691162 20.6666660308838 20.6291656494141 20.720832824707 20.6822910308838 20.6708335876465 20.6479167938232 20.576042175293 20.6843757629395 20.8479175567627 20.8635406494141 20.9541664123535 20.75 20.625 20.6302089691162 20.4572925567627 20.4260406494141 20.625 20.8562507629395 21.0968742370605 21.2177085876465 21.4031257629395 21.2458343505859 21.2270832061768 21.3447914123535 21.4812507629395 21.53125
21.1041660308838 21.0791664123535 21.0656242370605 20.8656253814697 20.8374996185303 21.0739574432373 21.3031253814697 21.2531261444092 21.5114593505859 21.5479164123535 21.4541664123535 21.3999996185303 21.296875 21.0927085876465 20.7864589691162 20.6947917938232 20.8031253814697 20.8968753814697 20.6791667938232 20.5708332061768 20.7197914123535 20.8020839691162 20.8333339691162 20.7875003814697 20.7854175567627 20.796875 20.7406253814697 20.7197914123535 20.8218746185303 20.8812503814697 21.185417175293 21.0677089691162 20.890625 20.9500007629395 21.1364593505859 21.0614585876465 20.7864589691162 20.7333335876465 20.7645835876465 20.7145843505859 21.0104160308838 20.953125 21.0197906494141 21.2583332061768 21.4145832061768 21.6291656494141
21.2062492370605 21.4093742370605 21.0812492370605 21.1979160308838 21.2416667938232 21.4343757629395 21.6020832061768 21.6010417938232 21.5416660308838 21.6708335876465 21.6083335876465 21.5906257629395 21.4364585876465 21.107292175293 20.9208335876465 20.7510414123535 20.7770843505859 20.627082824707 20.720832824707 20.654167175293 20.6749992370605 20.8374996185303 20.9322910308838 20.9229164123535 20.9645843505859 20.953125 20.828125 20.84375 21.0385417938232 21.1437492370605 21.2062492370605 21.2875003814697 21.4249992370605 21.279167175293 21.6395835876465 21.5750007629395 21.5593738555908 21.3760414123535 21.1802082061768 21.1281242370605 21.2697925567627 21.3520832061768 21.4093742370605 21.5854167938232 21.7124996185303 21.84375
21.2749996185303 21.109375 21.0989570617676 21.359375 21.5041675567627 21.7333335876465 21.8875007629395 21.8510417938232 21.8447914123535 21.830207824707 21.5 21.580207824707 21.419792175293 21.1916656494141 21.122917175293 20.9229164123535 20.6177082061768 20.4312496185303 20.5052089691162 20.5895843505859 20.6822910308838 20.7885417938232 20.921875 20.9135417938232 20.939582824707 20.8624992370605 20.9156246185303 21.1031246185303 21.2604179382324 21.435417175293 21.328125 21.435417175293 21.611457824707 21.8197917938232 22.0072917938232 21.8624992370605 21.9333343505859 21.9031257629395 21.8156242370605 21.845832824707 21.7979164123535 21.7593746185303 21.7687492370605 21.7416667938232 21.7937507629395 21.8947906494141
21.2385425567627 21.2083339691162 21.1916675567627 21.2510414123535 21.5218753814697 21.6343746185303 21.9010410308838 22.044792175293 21.810417175293 21.6625003814697 21.4416656494141 1.83020842075348 21.0750007629395 21.1135406494141 20.9427089691162 20.9458332061768 20.8010406494141 20.576042175293 20.359375 20.4500007629395 20.6281242370605 20.7770843505859 20.9010429382324 20.9968757629395 20.9541664123535 20.7374992370605 20.8208332061768 21.1145839691162 21.4750003814697 21.5052089691162 21.6843757629395 21.7583332061768 21.8687496185303 22.0697917938232 22.341667175293 22.1572914123535 22.1729164123535 22.2156257629395 22.142707824707 22.3218746185303 22.3125 22.2489585876465 22.0812492370605 22.127082824707 22.0666675567627 22.2625007629395
21.1760425567627 21.3156242370605 21.28125 21.310417175293 21.392707824707 21.3552074432373 21.642707824707 21.892707824707 21.841667175293 21.6947917938232 21.375 21.2447910308838 21.1083335876465 21.0520839691162 20.8510417938232 20.7458343505859 20.6645832061768 20.4718742370605 20.4583339691162 20.3812503814697 20.3989582061768 20.6479167938232 20.7135410308838 20.830207824707 21.1312503814697 21.2218742370605 21.298957824707 21.4364585876465 21.654167175293 21.7093753814697 21.9593753814697 22.0239582061768 22.1156253814697 22.2708339691162 22.5229167938232 22.5010414123535 22.4572906494141 22.404167175293 22.4406242370605 22.4135417938232 22.4260425567627 22.4989585876465 22.4500007629395 22.3531246185303 22.3875007629395 22.4770832061768
21.2718753814697 21.2802085876465 21.357292175293 21.390625 21.1833324432373 21.392707824707 21.5812492370605 21.638542175293 21.5083332061768 21.4229164123535 21.361457824707 21.2270832061768 21.0531253814697 20.9437503814697 20.9302082061768 20.9635410308838 20.7906246185303 20.5687503814697 20.3791656494141 20.2135410308838 20.4750003814697 20.908332824707 21.1312503814697 21.173957824707 21.2041664123535 21.466667175293 21.6031246185303 21.7739582061768 21.794792175293 22.0520839691162 22.091667175293 22.3135414123535 22.4135417938232 22.6062488555908 22.8559532165527 22.747917175293 22.4166660308838 22.5906257629395 22.8250007629395 22.872917175293 1.56458330154419 22.5708332061768 22.5739593505859 22.6177082061768 22.6333332061768 22.673957824707
21.2885417938232 21.3447914123535 21.4458332061768 21.1572914123535 21.2375011444092 21.3468742370605 21.3135414123535 21.3156242370605 21.2958335876465 21.2906246185303 21.314582824707 21.3072910308838 21.1458339691162 21.0364589691162 21.1364574432373 21.0229167938232 20.8979167938232 20.7124996185303 20.5572929382324 20.8500003814697 21.1781253814697 21.3635406494141 21.6187496185303 21.6291656494141 21.5583343505859 21.5968742370605 22.0383338928223 21.8814811706543 22.0041675567627 22.1816673278809 22.2904758453369 22.4833335876465 22.6200008392334 22.75 -9999 22.9166660308838 22.5305557250977 22.7385425567627 22.8489589691162 22.9406242370605 22.7802085876465 22.6781253814697 22.6333332061768 22.6625003814697 22.7083339691162 22.5895843505859
21.4572925567627 21.3979167938232 21.2708339691162 21.3708324432373 21.3822917938232 21.2718753814697 21.2093753814697 21.1197910308838 21.2645835876465 21.359375 21.3812503814697 21.4052085876465 21.4208335876465 21.3947906494141 21.2583332061768 21.1291656494141 20.9833335876465 21.0010414123535 21.1447906494141 21.3687496185303 2.17083334922791 2.22916650772095 2.1875 2.08076930046082 21.8349990844727 1.79722225666046 -9999 -9999 -9999 -9999 -9999 22.6499996185303 22.7124996185303 22.8785705566406 22.9577789306641 22.9739589691162 22.9114570617676 22.8531246185303 22.8312492370605 22.9322929382324 22.845832824707 22.7572917938232 22.7562503814697 22.6416664123535 22.5562496185303 22.4760417938232
21.5395832061768 21.5229167938232 21.3958339691162 21.4489593505859 21.4468746185303 21.3864593505859 21.3114585876465 21.2666664123535 21.4416656494141 21.546875 21.6239585876465 21.6552085876465 21.622917175293 21.544792175293 21.4031257629395 21.1812496185303 21.1635417938232 21.2687492370605 21.4729156494141 2.55769228935242 2.51250004768372 2.6783332824707 2.76111102104187 -9999 -9999 -9999 -9999 3.21666669845581 -9999 25.0666656494141 22.7472229003906 22.622917175293 22.7428569793701 22.8218746185303 22.8624992370605 22.8468742370605 22.8708343505859 22.7906246185303 22.736457824707 22.8687496185303 22.8156242370605 22.7562484741211 22.705207824707 22.6187496185303 22.6177082061768 22.5656242370605
21.5552082061768 21.5166664123535 21.5427093505859 21.533332824707 21.517707824707 21.486457824707 21.4697914123535 21.4249992370605 21.5843753814697 21.7000007629395 21.7802085876465 21.84375 21.669792175293 21.4375 21.4302082061768 21.1900005340576 21.0611114501953 2.86666655540466 2.89523816108704 -9999 -9999 3.18333315849304 -9999 -9999 -9999 -9999 -9999 24.966667175293 25.2114582061768 25.3395843505859 25.4729175567627 22.8531246185303 22.8218746185303 22.7687492370605 22.7781257629395 22.8635406494141 22.8354167938232 22.8406257629395 22.859375 22.7822914123535 22.7624988555908 22.7666664123535 22.7604160308838 22.703125 22.6833343505859 22.5625
21.671875 21.6614589691162 21.7312507629395 21.6770839691162 21.6333332061768 21.5677089691162 21.6604175567627 21.6760406494141 21.8197917938232 22.002082824707 22.1000003814697 21.9572906494141 21.7677783966064 21.3787879943848 21.4444446563721 -9999 -9999 3.15000009536743 -9999 -9999 -9999 -9999 -9999 -9999 -9999 -9999 -9999 -9999 25.3819446563721 25.5642852783203 25.595832824707 25.497917175293 22.8125 22.732292175293 22.6968746185303 22.6625003814697 22.732292175293 22.7062492370605 22.6625003814697 22.796875 22.7770843505859 22.734375 22.7427082061768 22.763542175293 22.7822914123535 22.7614593505859
21.517707824707 21.595832824707 21.6687507629395 21.7020835876465 21.6302089691162 21.7427082061768 21.5249996185303 21.7739582061768 21.9885406494141 22.279167175293 22.2575759887695 22.0166664123535 21.466667175293 -9999 -9999 -9999 -9999 -9999 -9999 -9999 -9999 -9999 -9999 -9999 -9999 -9999 -9999 -9999 -9999 -9999 25.5092582702637 25.560417175293 22.8395824432373 22.7041664123535 22.689582824707 22.5947914123535 22.5531253814697 22.5874996185303 22.5864582061768 22.5677089691162 22.6281242370605 22.6781253814697 22.7114582061768 22.7781257629395 22.7447910308838 22.6843757629395
21.3092594146729 21.3677787780762 21.4226188659668 21.6687507629395 21.703125 21.7333335876465 21.6010417938232 21.5270843505859 21.9333324432373 21.9416675567627 21.8166656494141 21.9416675567627 21.8833332061768 -9999 -9999 -9999 -9999 -9999 -9999 -9999 -9999 -9999 -9999 -9999 -9999 -9999 -9999 -9999 3.58333325386047 3.59583330154419 25.8968753814697 25.7000007629395 2.87555551528931 22.6947917938232 22.65625 22.529167175293 22.5010414123535 22.529167175293 22.5531253814697 22.6083335876465 22.5854167938232 22.5499992370605 22.5364570617676 22.6656246185303 22.6593742370605 22.6499996185303
-9999 4.44999980926514 4.28666687011719 21.451042175293 21.5895824432373 21.7145843505859 21.6802082061768 21.6322917938232 21.5843753814697 21.455207824707 21.5895843505859 -9999 -9999 -9999 -9999 -9999 -9999 -9999 -9999 -9999 -9999 -9999 -9999 -9999 -9999 -9999 -9999 -9999 3.70909094810486 3.66874980926514 3.45937490463257 3.25625014305115 22.7229156494141 22.4645843505859 22.3802089691162 22.3677082061768 22.390625 22.4416675567627 22.486457824707 22.513542175293 22.5677089691162 22.6208324432373 22.546875 22.546875 22.5666675567627 22.580207824707
4.68333339691162 4.66222238540649 4.74479150772095 4.84062480926514 4.76770830154419 21.673957824707 21.5187492370605 21.4874992370605 21.3562507629395 21.1958332061768 16.5066661834717 21.0666656494141 -9999 -9999 -9999 -9999 -9999 -9999 -9999 -9999 -9999 -9999 -9999 -9999 -9999 -9999 4.23333311080933 4.08888912200928 3.87812495231628 3.72604179382324 3.54479146003723 3.390625 3.20937490463257 3.05937504768372 2.90104174613953 2.91458320617676 22.3531246185303 2.91666674613953 2.92083334922791 22.4750003814697 22.455207824707 22.4927082061768 22.4645843505859 22.4416656494141 22.4156246185303 22.5083332061768
