input_data/future_climate/CNMR_126/bio8_a.asc
ncols  331
nrows  193
xllcorner  17.833372883333
yllcorner  37.9999896166667
cellsize 0.1666667
NODATA_value  -9999
[rows 84 to 104 of 193, columns 230 to 275 of 331]
19.6479167938232 19.4697914123535 19.5687503814697 19.40625 19.28125 19.0197925567627 18.9322910308838 18.7604160308838 18.7614593505859 18.7416667938232 19.0229167938232 19.3166675567627 19.2104167938232 19.1333332061768 18.9072914123535 18.5187492370605 18.2614593505859 18.0354156494141 18.5687503814697 18.2895832061768 18.2291679382324 18.122917175293 17.8479175567627 17.8177089691162 18.2260417938232 18.1260414123535 18.794792175293 19.0874996185303 19.1635417938232 19.2374992370605 19.330207824707 19.388542175293 19.5125007629395 19.5979156494141 19.6447906494141 19.6062507629395 19.578125 19.6302070617676 19.9927082061768 19.9187507629395 19.861457824707 19.9750003814697 20.2156257629395 20.3624992370605 20.3947906494141 20.390625
19.9520835876465 19.7229156494141 19.796875 19.6989574432373 19.372917175293 19.0822925567627 18.8250007629395 18.6281242370605 18.4166660308838 18.2802085876465 19.1416664123535 19.5218753814697 19.3937492370605 19.3291664123535 19.138542175293 18.7291660308838 18.171875 18.0197906494141 18.4052085876465 18.247917175293 18.2291660308838 18.2437496185303 18.1635417938232 18.2562503814697 18.0854167938232 18.2218742370605 18.8395843505859 19.3364582061768 19.2906246185303 19.3250007629395 19.4656257629395 19.580207824707 19.7093753814697 19.7864589691162 19.7458343505859 19.765625 19.7593746185303 19.7718753814697 20.033332824707 19.9656257629395 20.0406246185303 20.1666660308838 20.0833339691162 20.1635417938232 20.357292175293 20.3333339691162
19.8406257629395 19.8562507629395 19.7302093505859 19.5729160308838 19.3781242370605 19.0375003814697 18.6781253814697 18.3999996185303 18.3052082061768 18.2041664123535 19.0687503814697 19.3385410308838 19.2895832061768 19.3833332061768 19.220832824707 18.8250007629395 18.685417175293 18.5125007629395 18.3760414123535 17.982292175293 17.9322910308838 18.0499992370605 17.7854175567627 18.2374992370605 18.263542175293 18.6614589691162 19.2489585876465 19.4593753814697 19.4572925567627 19.6125011444092 19.7875003814697 19.8968753814697 19.9489574432373 19.9562492370605 19.9385414123535 19.9291667938232 19.9375 19.8333339691162 19.9229164123535 20.0270843505859 20.1510410308838 20.0750007629395 20.091667175293 20.1145839691162 20.1083335876465 20.0531253814697
19.6604156494141 19.6124992370605 19.642707824707 19.3166656494141 18.9145832061768 18.9489574432373 18.859375 18.7395839691162 18.736457824707 18.5979156494141 19.0947914123535 19.1906242370605 19.4906253814697 19.236457824707 18.9364585876465 18.515625 18.435417175293 18.2937507629395 18.017707824707 18.0041675567627 18.1677074432373 17.8968753814697 17.5812492370605 17.8791656494141 18.4541664123535 19.0427074432373 19.205207824707 19.4031257629395 19.6906242370605 19.7229156494141 19.7489585876465 19.9270839691162 20.0947914123535 19.9968757629395 19.9072914123535 19.9322910308838 19.9104156494141 19.9458332061768 19.9739570617676 20.0052089691162 20.0625 20.1552085876465 20.1656246185303 20.2177085876465 20.2843742370605 20.3239593505859
19.9031257629395 19.607292175293 19.5052089691162 19.1875 18.8864574432373 18.622917175293 18.482292175293 18.2749996185303 18.4031257629395 18.8531246185303 19.247917175293 19.140625 19.3604164123535 19.1416664123535 18.9677085876465 18.5166664123535 18.3177089691162 18.3114585876465 18.2197914123535 18.3999996185303 18.0791664123535 17.9270839691162 17.169792175293 18.0718746185303 19.0874996185303 19.2749996185303 19.3510417938232 19.5572910308838 19.8041667938232 19.9270839691162 20.044792175293 20.169792175293 20.1875 20.111457824707 20.0812492370605 20.064582824707 20.0989589691162 20.1614589691162 20.1322917938232 20.1218757629395 20.1593742370605 20.466667175293 20.5552082061768 20.4593753814697 20.314582824707 20.1145839691162
19.9968757629395 20.0666675567627 20.0239582061768 19.8406257629395 19.4989585876465 19.0270843505859 18.4208335876465 18.4729175567627 18.5625 18.4291667938232 18.4958343505859 18.9333343505859 18.9166679382324 19.0375003814697 18.986457824707 18.640625 18.6260414123535 18.1395835876465 17.7395839691162 18.0739593505859 17.8760414123535 17.2083320617676 17.029167175293 18.1885414123535 18.828125 19.2354164123535 19.6052093505859 19.59375 19.9208335876465 19.9750003814697 20.1593742370605 20.5458335876465 20.4135417938232 20.4333343505859 20.3781242370605 20.2541656494141 20.314582824707 20.3812503814697 20.377082824707 20.4031257629395 20.3624992370605 20.3052082061768 20.4187507629395 20.2124996185303 20.1989574432373 20.1687488555908
20.1687507629395 20.2406253814697 20.2864589691162 20.002082824707 19.7385406494141 19.6833324432373 19.138542175293 18.6916656494141 18.9572906494141 18.7427082061768 18.6000003814697 18.8364582061768 18.4958324432373 18.0697917938232 18.546875 17.9500007629395 17.8187503814697 18.0458335876465 17.6916675567627 17.4541664123535 17.2729167938232 17.65625 18.1468753814697 18.841667175293 18.8916664123535 19.1520843505859 19.3947906494141 19.6020832061768 19.7958335876465 19.904167175293 20.1416664123535 20.5593757629395 20.59375 20.5104160308838 20.5218753814697 20.4906253814697 20.408332824707 20.3822917938232 20.482292175293 20.46875 20.2854156494141 20.3125 20.3083343505859 20.1531257629395 20.0697917938232 20.0989589691162
20.3666667938232 20.390625 20.2020835876465 19.96875 19.9500007629395 19.9458332061768 19.7614574432373 18.8687496185303 18.4770832061768 18.5052089691162 18.4072914123535 18.5729160308838 18.1989593505859 18.1687488555908 17.392707824707 17.3020839691162 17.0687503814697 16.9364585876465 16.2458343505859 16.779167175293 17.2468757629395 18.1187496185303 18.669792175293 18.8781242370605 19.033332824707 19.5093746185303 19.6322917938232 19.7447910308838 19.9177074432373 19.9187507629395 20.076042175293 20.5354175567627 20.4791660308838 20.578125 20.5322914123535 20.497917175293 20.6510410308838 20.576042175293 20.658332824707 20.6187496185303 20.4177074432373 20.341667175293 20.1791667938232 20.2666664123535 20.2072906494141 20.1010417938232
20.5385417938232 20.3250007629395 20.1031246185303 20.1677093505859 19.9656257629395 19.7072906494141 19.3218746185303 18.4229164123535 17.5145835876465 17.502082824707 17.6625003814697 17.8822917938232 17.7687492370605 17.6479167938232 17.625 17.341667175293 16.515625 15.9468746185303 16.3114585876465 16.8489570617676 17.5989589691162 18.4791660308838 18.8510417938232 19.0062503814697 19.3239593505859 19.4833335876465 19.6666660308838 19.9989585876465 20.1083335876465 20.1635417938232 20.3864593505859 20.5343742370605 20.5249996185303 20.4833335876465 20.6031246185303 20.5677089691162 20.5687503814697 20.5083332061768 20.591667175293 20.5677089691162 20.5750007629395 20.5499992370605 20.435417175293 20.3958339691162 20.421875 20.2104167938232
20.4958324432373 20.2458324432373 20.2197914123535 20.0874996185303 19.7437496185303 19.7020835876465 19.2749996185303 18.6083335876465 17.9697914123535 17.7697925567627 16.9281253814697 16.982292175293 17.1156253814697 16.5260410308838 16.2093753814697 16.4593753814697 15.794792175293 16.2697925567627 16.919792175293 17.502082824707 18.3468742370605 19.0635414123535 19.1875 19.0062503814697 19.6374988555908 19.9760417938232 20.0104160308838 19.8604164123535 20.3187503814697 20.6750011444092 20.7760410308838 20.6781253814697 20.6708335876465 20.7385425567627 20.7666664123535 20.872917175293 20.7781257629395 20.6000003814697 20.7062492370605 20.6364593505859 20.6083335876465 20.5895843505859 20.6020832061768 20.5395832061768 20.560417175293 20.5239582061768
20.7552089691162 20.6968746185303 20.4343757629395 20.3135414123535 19.8958339691162 19.5427074432373 19.1197910308838 18.6447925567627 18.4312496185303 17.7760410308838 17.154167175293 16.6802082061768 15.7864580154419 16.0416660308838 16.5041675567627 16.7854175567627 16.685417175293 17.1135425567627 17.919792175293 18.1802082061768 18.7229175567627 19.2781257629395 19.689582824707 19.578125 19.6343746185303 19.890625 19.8385410308838 19.9781246185303 20.2625007629395 20.779167175293 20.9604167938232 20.720832824707 20.763542175293 20.9364585876465 21.015625 20.9770832061768 20.9812507629395 20.841667175293 20.8447914123535 20.9322910308838 20.7958335876465 20.8489589691162 20.826042175293 20.7250003814697 20.5416660308838 20.6031246185303
20.4385414123535 20.6302089691162 20.5750007629395 20.080207824707 19.1916675567627 18.763542175293 18.3999996185303 18.2541656494141 18.7885417938232 17.5666675567627 17.203125 15.9989585876465 15.7041664123535 16.2937507629395 17.1104164123535 17.1031246185303 16.8718757629395 18.1291656494141 18.2854175567627 18.4291667938232 19.201042175293 19.4072914123535 19.642707824707 20.03125 19.8500003814697 19.705207824707 19.7885417938232 20.1520824432373 20.4937496185303 20.9718742370605 21.1843757629395 21.0625 21.125 21.1645832061768 21.1666660308838 21.1770839691162 21.1552085876465 21.1625003814697 21.1572914123535 21.1281242370605 21.0031242370605 21.0531253814697 21.0260410308838 20.921875 20.7072906494141 20.658332824707
20.6375007629395 20.5593757629395 20.0697917938232 19.798957824707 19.0697917938232 19.1416664123535 18.1104164123535 18.3385410308838 18.002082824707 17.8343753814697 16.9447917938232 16.2124996185303 16.28125 16.7999992370605 16.591667175293 16.8833332061768 17.8958339691162 18.6187496185303 18.732292175293 18.7895832061768 18.6760425567627 19.4031257629395 19.9145832061768 20.1989593505859 20.404167175293 20.3333339691162 20.2291660308838 20.4697914123535 20.7979164123535 21.1708335876465 21.3552074432373 21.4958324432373 21.5125007629395 21.3979167938232 21.377082824707 21.486457824707 21.5302085876465 21.5010414123535 21.5125007629395 21.4624996185303 21.3541679382324 21.2614574432373 21.0187511444092 20.828125 20.8197917938232 21.0666675567627
20.8083324432373 20.4604167938232 19.8250007629395 19.0354156494141 18.4750003814697 18.9541664123535 18.2447910308838 17.8135414123535 17.8072910308838 17.7124996185303 17.2510414123535 17.2718753814697 17.7062511444092 17.4885425567627 16.8916664123535 17.6395835876465 18.3322906494141 18.9593753814697 19.1343746185303 19.1479167938232 19.173957824707 19.5895843505859 20.0354175567627 20.1937503814697 20.201042175293 20.4447917938232 20.6843757629395 20.7906246185303 20.9333343505859 20.9770832061768 21.0906257629395 21.2937507629395 21.4677085876465 21.482292175293 21.5406246185303 21.5812492370605 21.5854167938232 21.6499996185303 21.5249996185303 21.3479175567627 21.2718753814697 21.279167175293 21.21875 21.1489582061768 21.3250007629395 21.392707824707
20.7416667938232 20.40625 19.8604164123535 18.7020835876465 18.3843746185303 18.5729160308838 18.1843757629395 17.7822914123535 17.5635414123535 17.201042175293 17.8531246185303 17.1343746185303 17.388542175293 16.7406253814697 17.4291667938232 18.6958332061768 19.2927093505859 19.4489574432373 19.4093742370605 19.4156246185303 19.59375 19.8802089691162 19.7374992370605 19.7562484741211 19.7906246185303 20.3947906494141 20.513542175293 20.8333339691162 21.0406246185303 21.0833339691162 21.1802082061768 21.2145843505859 21.4281253814697 21.6000003814697 21.7124996185303 21.7104167938232 21.6052093505859 21.4645843505859 21.4791660308838 21.4364585876465 21.40625 21.4270839691162 21.3760414123535 21.3625011444092 21.4791660308838 21.5843753814697
20.5249996185303 20.4885425567627 19.923957824707 18.5718746185303 18.3999996185303 18.1875 18.0499992370605 17.7072906494141 17.982292175293 18.2447910308838 17.763542175293 17.2927074432373 16.9916667938232 17.0322914123535 18.1864585876465 19.4104175567627 19.7354164123535 19.8947906494141 19.7374992370605 19.8468742370605 19.8604164123535 20.1708335876465 20.1489582061768 20.1729164123535 20.1604175567627 20.638542175293 20.8739585876465 21.0833339691162 21.2177085876465 21.3041667938232 21.3791675567627 21.3177089691162 21.3947906494141 21.5968742370605 21.5718746185303 21.5354156494141 21.4916667938232 21.5145835876465 21.5041675567627 21.5499992370605 21.5885410308838 21.59375 21.5375003814697 21.5093746185303 21.515625 21.6499996185303
20.4989585876465 19.877082824707 18.861457824707 18.71875 18.34375 18.4385414123535 18.265625 18.2593746185303 18.720832824707 18.21875 17.794792175293 17.3197917938232 17.6437511444092 17.765625 19.2864589691162 19.8187503814697 19.9604167938232 20.298957824707 20.0854167938232 20.3052082061768 20.3395824432373 20.3072929382324 20.1791667938232 20.3583335876465 20.4750003814697 20.7749996185303 20.9604167938232 21.1416664123535 21.3125 21.3239574432373 21.2781257629395 21.158332824707 21.158332824707 21.1395835876465 21.3624992370605 21.3552093505859 21.3822917938232 21.5614585876465 21.6208343505859 21.5791664123535 21.6604156494141 21.6645832061768 21.7395839691162 21.7374992370605 21.5479164123535 21.8072929382324
20.2333335876465 19.6000003814697 19.1187496185303 18.8041667938232 18.8166675567627 18.6906242370605 17.9208335876465 18.5052089691162 19 18.5854167938232 17.9604167938232 17.3666667938232 18.0687503814697 18.5479164123535 19.747917175293 20.1145820617676 20.3979167938232 20.6333332061768 20.6312503814697 20.5593757629395 20.548957824707 20.3083343505859 19.826042175293 19.9958324432373 20.2937507629395 20.4770832061768 20.8291664123535 20.9781246185303 21.189582824707 21.3114585876465 21.3489570617676 21.2906246185303 21.3312492370605 21.435417175293 21.439582824707 21.4208335876465 21.4739589691162 21.544792175293 21.6510410308838 21.6781253814697 21.6906242370605 21.6760425567627 21.6364574432373 21.8322925567627 21.9260406494141 21.955207824707
20.5864582061768 20.1812496185303 19.5479164123535 19.0864582061768 19.0614585876465 18.9427089691162 18.5989589691162 19.0927085876465 18.7770824432373 18.3135414123535 17.7645835876465 17.9104156494141 18.2687492370605 18.8083324432373 20.2333335876465 20.3395843505859 20.6645832061768 20.7875003814697 20.752082824707 20.7604160308838 20.595832824707 20.3656253814697 20.0770835876465 20 20.216667175293 20.6479167938232 20.9416656494141 21.109375 21.2218742370605 21.4343757629395 21.5552082061768 21.625 21.6218757629395 21.7135410308838 21.7291679382324 21.736457824707 21.705207824707 21.5947914123535 21.7437496185303 21.8343753814697 21.8229160308838 21.78125 21.921875 22.1177082061768 22.1197910308838 21.7645835876465
21.2041664123535 21 20.1906242370605 19.2583332061768 19.3791656494141 19.1760406494141 18.9145832061768 18.8479156494141 18.4802093505859 18.0302085876465 17.9760417938232 19.0510425567627 18.7354164123535 19.6520824432373 20.3166656494141 20.6666660308838 20.9583339691162 20.7416667938232 20.6625003814697 20.7020835876465 20.625 20.4770832061768 20.3500003814697 20.6770839691162 20.7260417938232 20.9854164123535 21.0791664123535 21.283332824707 21.404167175293 21.484375 21.497917175293 21.7302093505859 21.8958339691162 21.8822917938232 21.9312496185303 21.982292175293 22.1145839691162 22.0322914123535 22.0531253814697 22.0249996185303 22.0593757629395 22.0927085876465 22.142707824707 22.1208324432373 22.076042175293 21.9458332061768
20.6593742370605 20.7708339691162 20.7802085876465 19.8468761444092 19.3708324432373 19.2510414123535 18.9677085876465 18.6166667938232 18.2958335876465 18.0239582061768 18.6197910308838 19.6395835876465 19.2072925567627 18.8687496185303 20.3427085876465 20.7843742370605 20.9791660308838 20.7802085876465 21.0718746185303 20.9697914123535 20.8760414123535 20.8697910308838 20.5520839691162 20.6239585876465 20.9989585876465 21.2281246185303 21.2864589691162 21.3427085876465 21.4375 21.5572910308838 21.6479167938232 21.7447910308838 21.7531242370605 21.8218746185303 21.921875 22.0187492370605 22.09375 22.1656246185303 22.1833324432373 22.2427082061768 22.1124992370605 22.09375 22.0562496185303 22.0479164123535 21.9906253814697 21.9229164123535
